10
97 96 4962
21 57 704227721 981958859
8 19 449434966 883078243
60 77 837912290 676912148
27 49 229886734 410348847
3 33 109016468 930251514
8 48 609931975 931275310
21 38 903240178 663687535
23 90 189285407 46465617
8 62 788076102 437629489
16 35 923343007 490366817
69 88 472416738 401474176
1 20 563147685 893137409
15 26 148141074 944670808
20 61 206793564 665059114
7 27 530024407 245454409
34 51 313381393 526453445
8 14 41026076 28548052
7 13 46692524 252493820
66 95 924077683 963609379
35 75 80003706 727605294
2 3 244678650 51409308
40 64 410444743 486623803
20 42 85269981 264640601
15 23 989913014 90243110
31 85 374340309 45608933
22 54 885098886 517695058
38 46 425718984 623842197
26 86 339817524 346514116
22 97 534031104 904107621
11 17 506550852 438297825
35 44 307483845 155858806
2 5 573132944 200247278
51 76 379799991 232952980
1 9 113646424 791390297
46 96 610418068 397883884
53 65 99840558 798279875
13 32 212626528 336390281
3 30 237516681 542731005
28 47 445831652 429047815
52 93 704805250 280651509
2 24 774278254 237618729
12 18 207777856 451959495
8 11 16706389 859254167
4 66 722386673 900777708
6 53 978225850 375911395
2 4 846116067 271095839
39 41 324904007 336300822
24 34 882399721 359719089
40 59 912031068 878850361
42 79 826165311 718418690
66 87 872802530 976837743
12 16 634658327 249456275
14 31 716685274 950453336
8 25 210231975 946842336
10 29 229936722 83324570
2 8 879129340 913208535
7 10 350068401 216247392
68 78 924938007 646155697
4 43 232507492 895205674
5 15 518892144 449355701
19 82 209237775 742391295
18 28 983304085 275057398
9 69 306636532 338398429
6 72 577949534 955317528
32 50 11584131 246202329
18 21 905716529 363581133
46 89 57986662 941584992
51 81 783423806 319620740
28 39 804920982 136303629
21 67 309421419 28131325
7 73 142415030 162949952
2 6 467729039 781102502
52 63 508166845 32237635
23 37 37490356 580665399
5 7 162722330 195750664
9 55 860919665 746408894
2 12 33391456 679236617
3 92 214467787 283274102
26 68 642539187 557962363
21 91 523975991 657721167
21 22 476203628 460657515
16 70 51102487 610769982
27 52 677583999 217450104
5 36 206723059 798103250
45 84 108367705 708081735
31 40 534418389 401839511
19 74 293032190 225037518
50 58 979434612 250980367
1 2 398003980 603239837
29 56 388892439 67522263
25 45 146464334 20964635
67 83 572751841 350489448
57 71 37222511 357974461
44 80 544483017 153618222
87 94 874445979 787427491
53 60 838566069 114580360
97 96 4944
20 21 59723326 655191334
4 89 889143075 264161223
20 48 624156388 741048818
9 61 532888205 898683086
44 82 733474987 977616034
9 11 126891552 154548266
8 83 705026007 707833704
1 8 524557902 554145959
29 31 411311096 941436028
13 67 534558553 638759109
6 28 827279502 331961884
43 65 692371851 373855933
22 27 578845942 120131425
49 74 377674259 575441665
10 16 997788918 261922278
58 60 949016083 223023095
20 41 308022364 33596824
9 17 454735338 159808083
45 71 651061805 374034068
64 73 617507957 380400317
10 38 657464246 6419539
15 63 868370165 674303677
3 6 734544653 261213277
40 53 862661865 422385366
23 29 522556111 328454012
1 7 873000565 676842521
20 35 945594395 35125276
40 50 762373023 866664731
4 36 895082356 913619826
40 72 537510054 170928457
7 78 274284494 153314531
9 37 40096899 794441391
21 24 514483667 272860685
12 13 805049467 390414615
8 9 454447501 25376690
35 40 383993551 347857006
78 97 301649672 984515974
5 64 538036448 83036576
1 26 416331029 655765476
62 66 207669745 46901967
7 10 357132008 338361687
18 76 565467838 436235888
47 49 872751357 3364820
3 18 68317850 294775088
2 4 200512270 107532600
16 57 914094520 705047409
19 69 337703727 503941096
65 68 430584287 205098077
8 12 265619931 232485834
25 81 828340901 537520371
10 59 354478179 148791575
12 85 837095272 603165317
31 33 316315958 609967975
31 32 965732284 640547442
39 62 678746603 719695242
38 54 191112656 751027337
20 34 350106178 472997461
19 91 240086107 109992279
3 25 289111183 240348519
21 86 39243613 294414404
1 2 149005640 105297644
11 15 356320685 456189195
3 79 981817285 333955738
6 46 180239060 711588879
2 3 422157773 762587626
7 23 618561890 846989281
19 39 750053667 401126924
32 87 5043456 336905668
16 20 654678147 812393450
15 52 732448638 995819271
35 88 921215310 899250647
12 45 627630205 827004179
39 84 874889339 351410811
67 70 951278484 655776674
30 55 261211901 318068088
15 19 301506766 393255849
6 30 434349989 538092530
39 43 484533810 659242002
8 14 884160248 345018604
30 77 858464196 70534032
9 22 779425777 448511333
29 42 303506436 821300449
4 5 242275537 293683806
18 93 888516255 247471009
21 56 875730361 802935652
37 51 643456003 739406951
59 95 530107814 300608806
16 75 926641972 37812599
62 92 565245948 168888874
71 94 862223768 197853315
24 90 513011070 648210946
52 80 934603047 347533418
31 44 807894077 560512517
54 58 664944663 577990522
46 47 876097453 991109424
68 96 480598446 452275373
97 96 4930
62 74 585827762 193805571
52 84 903045204 533767482
78 90 518506278 712681205
14 20 59628147 918068074
39 69 483947947 268498381
2 7 51056489 203780613
30 51 164781051 568786693
34 76 558196428 105765997
33 94 43015566 598929339
36 78 914522849 297518982
20 33 367807016 133081506
6 11 805334586 868282592
9 85 643988465 146787758
63 75 795287270 654427648
2 52 633359526 313105259
21 42 902449294 847798067
41 53 828920649 896062646
38 73 557713207 644430134
40 61 320220248 230869471
1 60 960440876 78611230
26 31 267764309 766150582
15 43 444286095 722791510
25 35 839647600 474599103
68 81 62763414 831528765
90 92 960657591 4010224
4 8 676555609 369515510
59 91 851952553 53486900
6 56 10529872 802949848
10 32 177841143 494682701
4 5 217017639 262866122
21 28 749152774 578915971
16 29 435731496 354855455
36 62 43505274 578750432
12 16 732012271 426316882
17 18 335838643 932319623
25 58 518760070 882770416
60 70 811416045 886776590
6 17 941606412 873703783
37 96 494341693 227859564
13 14 831057270 494743656
29 50 379252954 369665559
8 26 420335092 587159431
4 9 432026389 95310004
33 65 781650879 360303498
49 63 428684036 957486852
34 46 599251936 617518646
13 48 720213232 771929333
2 23 546392824 472902070
48 93 706224403 274496165
12 39 960645220 350175164
2 30 536866010 629499242
11 37 565134479 834883031
76 77 779439057 127670964
67 88 135186204 551746717
11 13 706046769 537438149
2 12 761750319 243343140
8 86 665556630 82751862
46 95 817056363 370960377
23 87 702818099 986964329
3 49 993507148 696494013
35 41 479716036 267549385
63 64 138200175 291901450
47 68 937872532 524875026
18 25 240289638 742039470
69 97 2578687 821345638
11 27 435536836 37866394
1 4 446527611 485495281
6 10 101425882 354186117
48 54 812733171 87757275
23 47 128314295 783119584
8 55 476611532 52506755
72 79 807060464 122764509
20 21 271163275 898355068
19 36 739229942 835195727
11 22 51904563 777289126
2 66 857879104 814290767
8 67 362239829 370709697
25 80 371510558 72606231
27 72 965829385 98130510
23 44 787926804 287347297
29 71 191542289 889448336
4 82 270893011 34605211
15 45 424831070 351680121
12 40 141984789 809838382
17 34 452444236 758737131
1 2 290247861 920559907
22 57 959369840 388754780
1 3 330582247 712966767
1 19 496140646 844744913
4 6 505257119 817663746
61 89 102458186 355546150
11 59 741507627 202031770
13 15 132480249 117778161
24 38 270501267 530901665
13 24 829318967 478841005
25 83 807378796 429893494
97 96 4906
42 74 544115871 906645810
14 84 263944157 720831658
28 88 362849067 378654981
36 90 504393767 210248566
5 9 195292409 265899926
24 97 990905719 954766380
8 37 203876570 80393043
10 19 380560404 544425267
26 69 2223070 300906981
4 95 740670645 310835736
1 3 685563867 5492083
12 36 58920775 979217539
63 83 185943969 126762413
29 68 371224238 534688220
26 31 774290505 811592109
18 44 940707194 961100156
60 77 2413856 821633662
3 15 47738001 430765234
9 24 803236963 502788787
30 75 936217460 208350471
4 5 745640653 185356361
14 25 771786493 99158432
34 48 235002047 197926504
19 30 854570917 959957410
20 80 785556679 577523700
35 92 771630153 961357381
32 52 185679288 733917561
45 71 655518159 959383008
31 33 555838534 365735875
20 23 124803301 356744821
17 96 754286736 111394941
37 70 905982184 822852371
14 61 691178365 264056046
7 51 369620900 335155465
17 29 492799193 61682514
5 45 596254505 478454947
9 10 857733622 285477728
1 2 170477758 796193876
7 13 731615605 546909272
5 32 148307189 438969374
10 49 249234004 938012335
33 81 900048285 348071253
49 56 803428953 787955249
40 46 527086378 694648823
16 22 375606817 511004540
31 39 75722974 240400480
28 53 562617161 338427334
52 82 507765055 421104935
6 34 852161670 798902851
2 26 743702892 998828726
25 42 563276451 694757824
53 55 818166539 378573247
31 60 278945836 608917119
5 6 893970465 176230913
23 50 689111763 580102625
55 94 794721856 5767011
9 11 974929914 62126881
8 40 469457534 819648775
35 41 284598757 899037014
28 66 288697849 248500877
36 54 36247771 388108200
9 18 21648467 598751830
35 47 858260923 3905795
22 62 973849735 729846156
3 16 223758212 61707546
80 86 367150702 736175016
11 14 619479047 531921767
19 20 97271292 688121732
14 21 963296696 966654855
3 78 155625444 759507837
25 27 785340200 564122786
18 43 782083622 540055413
6 7 207327906 813770311
47 76 736431939 848731540
1 8 415599870 680487346
65 87 161066787 791242309
54 65 341361946 279319365
9 59 864544470 167167687
9 91 59303835 789604376
21 58 476124284 139929916
83 85 922117658 363848487
19 72 591091650 981672264
1 4 228995121 668630641
12 38 967199695 387348878
15 28 402344970 825161961
41 73 352495230 332906436
24 63 835403260 802559522
24 64 858029718 524118633
1 67 709748446 830562046
67 93 908332430 102094605
7 17 22918898 65741832
28 79 115592639 288640330
15 35 898183144 448378257
1 89 918062904 910915076
8 12 209264573 965662710
34 57 7707256 597951095
97 96 4904
2 3 401393660 192687351
81 83 345209144 385701874
14 18 966544038 744531702
41 44 679311956 97817115
21 71 517979429 795069483
21 37 560653905 458236022
4 6 469775523 346517246
54 75 17367065 824781273
41 57 531476739 641872120
44 67 968175684 889516655
8 54 135145666 387949164
15 29 704045005 478501661
9 28 409194508 441728406
26 93 373285495 511739536
46 92 788846753 635472097
36 90 562690350 484031233
34 58 406274064 292502915
32 70 792768390 620892257
1 20 684758721 19621669
2 9 831598016 891397628
21 27 904949609 26213817
8 12 594216359 223189543
40 62 412370940 214659436
13 15 822758484 807001562
1 2 680705385 418312448
20 56 451505270 719512070
44 95 571687930 570585356
4 26 493838658 313885522
2 4 877614099 940127530
2 42 929509880 515986594
12 31 869688246 174917563
3 19 119786091 635411189
10 22 577531665 169133415
25 45 870094828 887376038
20 64 643314910 368269724
36 59 741692011 769025314
17 81 827586345 899112359
2 17 358150835 20895502
2 35 513254292 93459950
29 50 104170730 710552454
40 78 946980717 536642506
20 87 599958726 37978334
47 51 539314484 331022484
2 7 530688718 219139292
14 16 11530156 990775727
36 41 679228309 988479500
79 89 889811421 173521288
11 24 945296758 786368059
19 65 606633619 846549022
1 84 121588387 673146038
44 68 904367497 567895557
53 86 560115878 374033001
4 8 223791034 919415496
25 40 376894840 325353058
9 23 567568300 305527
20 46 17278831 551807456
36 49 123403813 803674803
70 85 414439461 359380773
12 38 861010418 836633415
9 10 627814616 162528691
48 82 460465043 569198636
5 43 748906915 161648919
42 97 372532108 772017844
55 77 868105564 394775099
65 88 388258154 786013572
9 66 318249383 172747641
56 61 122280704 403243596
13 21 821715198 947881921
24 55 269168627 542505716
8 33 104235973 651385975
67 69 756068396 455025330
14 73 7330060 594533515
55 76 119141045 195496405
16 39 740119777 512647257
48 52 967438546 662964313
80 91 387450898 441010697
8 36 115027321 871963499
50 72 324359946 107018617
14 25 841400393 85053844
5 48 97528639 454185576
4 5 943120229 714649567
41 63 877304494 64855316
8 32 111402300 88872663
6 13 792531246 354740678
31 74 518182096 976110462
22 30 72117483 347553640
4 14 796234715 601534004
23 47 224192198 25066222
71 79 711145561 913503691
42 60 192808308 706947230
46 53 153559549 355033037
37 80 190741787 98306881
7 34 771172211 607685989
4 94 512346853 861944791
41 96 810857335 2567671
3 11 51013628 241494931
97 96 4986
8 51 24135363 439536937
16 47 179057615 462855180
53 96 283415300 728035275
36 53 28826884 575407739
2 11 18770777 983025124
15 71 597621450 474193345
18 56 77539859 971341635
28 64 588660252 34023364
23 38 192910355 537587488
67 90 385761490 102323337
28 87 422351888 919271721
32 54 45839284 315872656
5 41 511114482 274026922
61 63 228884868 620920507
20 43 717610086 742079893
15 29 442393575 56573854
17 91 589000804 856520628
30 39 233842957 223525678
4 8 246240422 625963134
2 3 103544894 956244200
16 24 981053353 489453540
67 72 903918755 943435040
35 66 357828828 707569312
28 77 247423212 950025116
5 32 463956245 467255848
93 95 143950531 927292086
19 27 339688373 549150556
17 61 393503798 651249107
4 22 200589119 294967969
11 13 846057292 512569033
79 93 139317865 911145239
59 62 716342017 277026456
39 44 74694944 885292031
14 17 989779672 829611779
2 6 140769905 866324645
44 59 356429314 670814778
1 2 13951683 775528779
9 21 60397587 836131785
20 31 388578261 645696603
8 10 409934667 951664321
15 85 239855129 535553706
5 14 349348616 302940505
39 88 254171109 774868700
24 30 185652357 877594646
24 70 860638212 713980091
78 86 744137204 672470327
16 20 114892378 782085514
18 55 184686390 42618719
9 74 773465511 849121595
25 60 921248818 59940872
20 42 37387720 103877500
7 19 506142013 419590609
45 94 843924840 800106494
47 50 330387128 364887937
1 49 616322627 518313237
71 75 299950760 541314643
5 7 180930454 229944803
73 79 904510084 269220673
25 34 6542894 294621370
31 46 478203313 38136398
9 12 475307974 49650772
3 9 920461541 823276782
22 83 150357983 565870306
21 36 537809569 111082107
12 40 676790588 687308184
14 18 886588915 512950196
51 84 499397137 914892774
59 89 934025933 688780274
1 68 891195603 491056740
2 15 356029967 436103986
7 23 61572399 547263044
13 48 805910517 152934714
25 37 383758264 790706951
2 4 574172084 187095861
9 25 922127213 469249226
3 97 452211254 409863048
58 69 613574324 764437315
46 73 329309468 32225781
1 5 904554855 67225641
12 16 377594382 985634501
69 78 359101600 229959140
18 35 897238151 511003157
1 33 269339499 174334832
2 58 18807409 437093259
2 82 476511318 965480839
73 80 492363766 261424319
40 45 692959836 286619440
49 57 426075570 211441207
1 26 674280163 138628694
25 65 499373743 562659113
20 67 453102083 708980169
11 28 404712155 649913356
28 52 526217189 297775100
5 76 512799891 730803568
68 92 299378215 394941953
40 81 814318417 457181035
97 96 4921
24 38 649025503 785371666
5 8 234396308 170431141
64 81 249342997 994654945
59 70 616182983 434900032
18 26 843916762 207566905
39 51 978152181 368096708
35 50 475760833 913350662
15 63 594134627 336657784
6 18 293667757 731821339
2 53 137690339 52994226
23 85 318970383 175807156
11 12 691374654 399459067
26 44 530423249 223971510
76 83 781002003 672255890
12 13 417120950 234414103
29 67 963627545 679304802
20 30 908631135 206040078
16 62 531365284 292111282
11 36 162425805 443850592
23 42 186647716 108322392
42 48 662104745 359075123
6 28 697110295 680791752
79 92 970920652 644670178
6 10 839847910 574526241
57 58 729025759 516644479
10 27 943010905 897226640
6 7 581778532 616858719
11 29 99749179 846105502
9 16 779403110 188431928
28 33 928426258 254940015
43 46 975380788 425345234
65 90 320563562 366610553
24 37 119786384 936900844
1 25 140017247 116447833
47 57 378354188 965646094
1 52 469643962 278458469
64 95 47813347 632271533
43 69 654146627 965806960
47 73 570654690 381822706
6 91 882482298 916068621
23 32 502647553 829899771
3 88 385209 343684049
42 54 54999779 621221726
45 86 316289891 753484970
21 49 465611570 678233074
53 96 86268959 690641620
22 45 572669751 370958697
2 19 64627249 135189580
65 93 710008958 465124958
14 40 606557792 90498751
5 79 706911784 9730101
37 39 695656899 198518248
30 55 436744734 111527113
34 97 19216443 897533546
26 94 484674985 93970444
6 76 908485553 118185496
15 84 200772429 723713084
19 20 340498332 789976152
57 82 777145859 599978701
5 23 182462371 740505372
55 71 325243358 984222401
1 3 167186108 622455160
28 75 40081205 278887657
44 64 701154522 463906929
1 74 349325891 673669219
9 14 424884885 310847232
9 11 324873158 606543762
42 87 705095181 319097774
1 47 309920681 137584726
1 6 549245152 719364236
33 72 844290005 40682326
11 31 133332666 14028413
11 59 846015886 790901547
4 9 65960891 587586651
15 17 867818962 356252771
8 35 669924339 872653140
1 2 652382683 785995549
27 68 28681129 338909102
1 41 933054648 842476910
9 34 129309069 618498158
56 78 785464082 356858146
23 65 508456185 280149931
18 22 830439571 605959026
72 80 303127665 955278060
55 60 52399908 2449140
3 24 33973370 87619676
4 15 244709933 854007507
18 66 235129659 142610692
3 4 42789207 186595688
4 5 837496739 484644651
32 56 792900278 946779459
34 43 164904105 85964995
60 61 933898630 308090969
68 77 405863578 430613866
38 89 529669601 682283644
8 21 147385650 538443894
97 96 4952
11 23 631706146 477038553
59 75 870812784 810936900
47 80 633188976 91673681
36 54 757338692 934197001
19 47 949701319 639608975
27 52 361286112 192652231
29 76 289425098 310832723
49 56 825825420 488789127
5 8 882184006 825950746
67 73 308589728 256115691
3 7 88884725 988708177
5 35 607626432 820507070
39 58 619948240 609919100
43 62 593256954 186476792
8 9 796969988 92210645
84 97 249633324 314058624
60 67 823793764 976349510
30 77 561696364 849762700
39 78 127396137 788209260
33 49 528586047 550061110
39 68 130783380 517711308
19 40 332653941 637811601
3 14 219153874 647830709
24 59 812443182 662960374
18 41 559443279 915800555
20 31 670334802 364624674
13 20 286988381 297250073
31 45 236923300 162539575
62 89 377809454 34424113
8 22 141085014 818454490
25 44 566402509 922539011
31 51 979496621 364272640
18 36 742496559 68442366
12 94 670688380 420384669
3 33 470963819 815170274
80 91 813230060 75004014
37 42 198995244 195570977
7 19 677388521 191490301
2 27 724771731 493185120
43 86 464797710 724496396
15 24 922237233 888611805
37 60 220611143 693125670
33 48 411686118 553324624
4 26 631954075 891789290
5 13 298591610 559107117
10 28 166509075 165841079
21 79 505189684 61336820
52 87 326508300 977723213
13 17 155077068 780364271
12 29 682427202 472984929
28 39 803565028 719967735
28 43 997778770 38022437
22 66 789785250 427856031
9 21 338801069 379291526
15 38 251399143 805078256
1 2 53357341 850269619
28 69 254496021 864631070
67 74 409888053 223790209
23 81 90290175 493236477
3 30 418696975 463324673
7 11 322040925 894015158
71 93 52397115 280254681
2 3 565444110 678522802
4 6 696373025 245001895
65 85 698299437 723817849
53 71 999954456 62257272
22 32 712734164 815458268
89 92 75114361 76497363
67 88 108316708 514469562
35 37 169556485 827905271
1 4 75278833 249603837
38 63 176184889 744153939
36 50 385872780 298165392
9 10 692995073 672608261
29 46 701160931 558596772
2 5 618406674 612313331
42 70 425352795 723081503
68 72 838450330 105559159
15 55 187756500 358488243
7 57 336328023 184666265
16 25 466023302 655039772
32 65 506816215 31096050
12 16 488148757 1110261
8 12 933955656 950978284
28 53 344566696 566058103
36 61 432998522 637957595
30 64 788070209 337876363
59 95 728319249 125580462
18 34 400347029 230123542
8 15 408907076 817135089
15 18 149815315 409957019
45 82 234210862 869020801
47 96 549334524 507134693
45 83 255124179 888274694
62 90 114915405 57833508
16 84 162544882 390345460
97 96 4939
8 16 255801390 820977082
20 95 294791182 958664657
11 13 145895960 758032580
10 65 598977634 176210156
30 43 91793853 358210936
5 28 850731179 32818093
1 2 492606547 912281762
7 12 433170306 364316896
48 79 219627923 628634553
51 60 761464707 962844469
47 55 140838680 354779827
23 84 81689434 710129231
11 87 746750116 182272600
31 75 245372681 559313180
10 46 52960242 428396538
18 51 34435032 440384413
51 54 407494927 95876997
7 78 629817555 206694436
50 85 510465807 399239211
9 15 83120475 344643707
17 24 822361062 608099653
10 72 628379958 605804214
12 14 147900182 575396403
25 71 325721327 12127839
15 96 204362573 572093014
6 17 578137203 80528530
58 64 169090625 460397421
27 49 193430175 201718738
35 37 430705076 424120108
18 35 196042476 471053828
17 31 310305890 444641932
69 93 965591697 42351654
23 41 852808733 400164659
4 53 23836931 730742093
75 86 854688965 807015391
62 68 729916524 644634408
27 48 103769821 320309073
9 18 835404176 718431189
21 34 947435002 163037689
80 92 301470510 440356896
10 63 198780922 18224977
5 21 21137460 443598793
1 3 354007923 864833183
37 80 473502681 451116212
45 74 654058011 766832675
4 10 594077453 986587394
37 40 50792658 72008736
2 69 28179147 99650159
34 52 970427972 426026284
1 5 549071637 286924239
13 20 834779960 637008769
34 61 196445565 709583001
2 57 944600465 268674834
53 76 733621279 578876540
25 73 769537062 733398819
27 94 38603533 418314266
7 25 281577216 241938583
46 90 815715344 743671921
32 70 696137178 718853569
5 9 247439040 299129439
23 27 192433054 419522444
20 50 606233000 927190362
14 19 408225914 783473785
5 6 324955684 692319085
6 8 634917881 55822149
42 44 918248500 195690103
8 11 378293076 818881889
2 7 56910504 601345115
8 30 318902001 55648195
24 83 25342123 91488281
20 22 898567905 890004572
1 89 46288269 494546775
22 26 178479759 723559358
34 38 8773461 757172025
3 45 795446376 697331974
22 58 761004332 473128798
17 32 978177637 367083072
22 82 846326525 492634058
21 77 571373195 641565865
7 47 273931019 376927936
41 66 8895565 627312484
7 56 29678922 543967701
13 33 461039160 286573591
37 42 821917245 749083884
2 39 333305063 149017412
3 4 621818173 359653931
18 67 40459538 336135674
50 62 465808134 150249316
17 91 20466686 141554111
4 23 334252709 113936484
53 88 101604103 737059756
12 29 928175326 749880015
39 81 974104229 32305058
39 97 422700809 128703050
30 36 968270150 59752018
52 59 620475807 438753051
97 96 4922
7 10 106557612 815614061
38 82 378851034 32920432
54 55 598661167 54834178
6 19 561452891 996334495
14 15 56179141 495671447
31 92 555931704 688911378
4 23 450593898 825258029
4 7 793549991 281864931
27 29 85256796 20709390
1 26 998608256 169016050
8 28 114752114 698319010
25 51 814996000 544957551
19 79 418418165 800950779
46 70 732615246 874898411
27 46 96509921 833737066
1 50 671283777 906819765
63 76 853446654 15224471
14 57 885426283 105426915
13 39 637776073 263731462
10 41 756560084 773215172
65 83 650735187 423425627
8 59 342727379 517607428
16 64 662969825 596833702
11 22 334356770 230447565
36 43 76376508 188291393
3 65 943649164 979277674
12 16 940456566 749872293
10 12 77699873 626987034
26 38 613611371 593086809
6 25 197532333 170233625
31 32 866583466 987209087
5 21 532822592 816941916
94 95 904222535 718341992
58 61 164971609 826138207
1 6 971313069 421243968
4 33 67060893 56651075
1 2 541030375 568696519
13 17 631285615 9785409
17 44 731515932 524010955
14 27 443362362 245020213
11 88 216549565 215280914
8 97 170368618 216509855
72 78 258373354 970413210
59 84 224985883 175382194
2 3 32473351 722706226
31 53 416400009 346903837
12 80 884634086 435188941
55 71 875220003 813536776
7 31 504895940 337143516
15 24 593786975 787822746
26 36 3508630 519697476
18 37 133629211 32101659
48 81 852549290 680319061
5 8 829292246 880963137
34 66 692435223 776678053
25 54 221823115 238875886
18 91 734100036 578080923
43 56 843000944 816383097
3 40 15581447 265165026
14 30 845207091 90395175
1 93 622980147 152601597
56 62 312569013 408831553
2 4 759477297 866248946
9 35 904387215 844091239
84 86 760519891 425407918
14 45 271943565 422527592
34 73 601018859 841589452
4 13 901270702 169054442
42 49 941953890 225180032
26 34 408618330 325496053
12 67 442722889 226468077
18 48 817872045 10132928
19 52 139129795 43388340
50 90 221638450 450636576
1 5 961576737 640599853
2 9 50442751 320877624
7 87 209153763 819439402
5 11 148697047 794747552
30 85 722931843 521564880
21 89 22946426 905275110
27 75 806907697 680076052
33 58 118300526 882157713
75 94 161803890 140254111
1 69 146560507 893709594
47 68 892842472 958945722
8 18 262841213 55212380
3 14 494916167 966066005
52 74 383039838 597127259
19 20 181098434 802358906
31 72 966401770 926278430
48 96 597173555 91511938
38 63 620704439 83764806
24 42 347631677 499146624
25 47 31745118 563986868
14 77 716571390 439048217
27 60 626401557 101415582
