15 55
1 1 1 1 1 1 1 1 1 1 1 1 1 1 1 1 1 1 1 1 1 1 1 1 1 1 1 1 1 1 1 1 1 1 1 1 1 1 1 1 1 1 1 1 1 1 1 1 1 1 1 1 1 1 1 
0 0 0 0 1 1 1 0 1 0 1 0 0 1 1 1 1 1 1 1 1 0 1 0 0 1 1 0 0 1 0 1 0 1 0 1 0 1 0 1 0 1 1 0 1 0 0 0 0 1 0 0 0 1 1 
0 0 1 1 0 0 1 1 1 1 0 1 1 0 1 0 0 1 0 0 1 1 0 1 1 0 1 0 1 0 0 1 0 1 0 0 0 0 1 1 0 0 1 0 0 0 0 0 0 1 1 0 1 1 1 
0 0 0 1 0 1 0 1 1 0 1 0 1 0 1 1 0 0 1 0 0 1 1 0 0 1 0 1 1 1 1 0 1 0 1 1 1 1 0 0 1 1 1 0 0 1 1 1 0 0 1 1 0 1 1 
0 0 0 0 1 0 0 1 0 0 1 0 1 1 0 1 1 0 1 1 0 1 0 0 0 0 0 1 0 1 1 1 1 1 0 0 0 0 0 0 1 0 1 0 1 1 0 0 1 1 1 1 1 1 0 
0 0 1 1 1 0 0 0 1 0 1 1 1 0 1 1 0 0 0 0 0 0 1 0 0 1 1 1 0 0 0 1 0 1 0 1 1 0 1 0 1 1 1 0 1 0 0 1 0 1 1 1 1 0 1 
0 1 1 1 0 1 1 1 1 1 0 1 1 0 0 0 1 0 0 1 0 1 0 0 0 0 0 0 1 1 0 1 0 0 1 0 0 1 0 1 1 0 1 1 1 0 1 1 0 0 0 0 0 1 1 
0 0 0 0 1 1 1 0 1 0 1 1 0 0 1 0 1 0 1 1 0 0 1 0 1 0 1 0 1 1 1 1 1 1 0 0 0 1 1 0 0 0 0 1 1 0 0 1 1 0 1 0 1 0 1 
0 1 0 0 0 1 0 0 1 1 0 0 0 0 1 0 1 1 0 1 1 0 0 0 0 0 0 0 0 1 0 1 0 1 0 1 0 0 0 1 0 1 0 1 0 0 1 0 0 1 0 1 1 1 0 
0 1 0 1 0 1 0 1 0 0 1 0 0 0 1 1 0 1 0 1 1 1 1 1 0 1 1 1 0 1 1 1 1 0 1 1 1 1 1 1 1 0 0 1 1 1 1 0 1 1 0 0 1 0 0 
0 0 0 1 0 1 1 1 1 1 1 1 0 1 1 0 1 1 0 1 1 1 1 0 0 0 0 1 0 1 0 0 0 1 1 0 1 0 0 0 1 0 0 0 0 1 0 1 0 1 0 1 0 0 0 
0 0 0 0 0 0 1 0 1 1 1 1 1 1 1 1 1 0 0 1 0 0 1 1 1 1 0 0 0 1 0 0 1 0 1 0 1 0 0 1 0 1 1 1 0 0 0 0 0 0 1 1 1 1 0 
0 0 0 0 0 1 1 0 0 0 1 0 0 1 0 1 1 1 1 0 1 1 1 0 1 1 1 1 0 0 0 0 1 0 0 0 0 0 0 0 0 1 0 0 1 1 1 0 0 1 1 1 1 1 0 
0 1 1 0 1 0 1 0 1 0 0 1 0 0 0 1 0 1 1 1 0 1 1 0 0 0 0 1 1 0 0 1 1 1 0 0 1 0 1 0 1 0 0 1 0 0 1 1 1 0 1 0 0 0 1 
0 1 0 0 1 0 1 1 1 0 1 0 0 0 1 0 1 0 1 1 0 0 0 1 0 1 1 0 0 0 1 1 1 1 0 0 1 1 1 1 0 1 1 0 0 0 0 0 1 1 1 0 0 0 1 
49 42 32 99 28 67 10 52 24 16 7 72 22 69 87 57 84 85 99 25 67 50 23 39 85 47 80 43 71 51 6 64 61 54 81 8 73 68 42 59 55 71 9 36 39 54 3 2 73 36 26 74 77 93 54 
50 98 54 4 33 98 39 89 70 87 54 82 56 67 51 52 59 95 45 44 49 36 79 73 28 99 60 14 98 6 89 97 93 27 19 46 67 24 5 21 12 29 38 23 39 3 88 61 71 3 71 15 96 48 57 
88 13 38 52 14 81 61 6 97 93 16 92 32 38 64 75 56 60 39 25 60 96 31 6 42 90 26 79 97 51 3 30 24 75 96 67 50 61 34 53 93 1 84 69 30 44 75 30 62 10 7 23 11 60 82 
46 67 77 58 92 72 42 47 70 48 85 56 60 4 88 24 3 57 94 61 15 35 43 25 97 80 73 23 25 54 50 76 28 92 92 10 54 37 96 39 25 57 55 48 32 43 31 11 44 63 29 96 86 36 35 
61 71 58 38 31 73 70 31 42 39 45 70 98 12 55 13 15 62 31 23 49 36 63 23 10 54 30 19 94 7 2 85 40 6 45 10 29 78 49 23 76 33 27 85 21 83 39 13 23 1 8 50 23 53 40 
2 36 52 65 89 53 31 33 84 73 89 5 45 25 1 70 45 25 35 59 63 33 92 91 71 22 91 25 17 46 97 90 27 23 20 22 77 41 25 33 35 95 76 43 13 74 10 89 35 24 91 3 85 34 66 
22 18 45 59 3 28 16 96 89 78 74 57 49 50 18 68 7 65 92 93 80 28 16 20 66 4 33 1 9 95 28 57 75 56 39 19 71 74 50 62 59 81 92 34 69 15 70 92 8 39 44 87 87 82 67 
11 26 39 49 85 53 62 10 42 53 55 31 69 60 65 80 89 49 31 24 85 42 58 97 92 9 31 13 85 10 27 55 76 87 49 12 25 54 55 52 68 42 36 52 36 29 88 63 79 57 72 4 5 34 54 
7 99 81 64 61 58 15 53 61 93 26 89 60 34 14 73 63 25 81 19 30 91 59 30 80 25 24 56 86 61 89 87 66 50 55 21 85 24 69 13 76 89 4 3 59 26 60 69 3 69 70 19 62 27 80 
35 60 39 99 10 14 54 71 58 3 54 33 13 82 57 14 75 68 39 37 53 52 29 81 81 85 43 38 8 52 99 52 35 17 12 4 17 6 11 19 13 68 28 1 29 45 99 71 66 18 65 20 7 90 96 
35 30 45 2 58 95 80 85 6 37 57 86 28 33 32 11 46 49 34 3 31 95 6 21 58 14 8 28 97 54 95 61 26 33 75 69 92 47 20 18 27 81 79 80 18 5 76 30 83 68 32 33 61 26 79 
41 13 85 84 84 78 53 55 4 84 35 73 25 22 92 24 52 76 69 47 42 38 24 16 68 56 34 81 2 48 10 76 56 90 28 34 82 4 20 22 80 56 47 89 64 28 31 36 97 9 83 43 75 47 35 
11 28 42 70 20 60 59 86 24 1 63 32 50 80 7 11 2 3 95 19 26 31 38 9 70 76 48 75 32 61 36 78 26 86 97 80 25 10 94 31 83 51 16 66 11 93 20 6 36 17 24 78 95 3 86 
71 30 91 41 98 70 34 99 17 76 7 84 84 34 37 39 77 44 46 9 92 19 14 53 95 74 99 51 85 8 71 42 30 86 25 31 83 33 78 15 71 55 74 8 7 6 83 64 56 48 49 44 54 90 59 
38 36 21 57 2 78 48 49 23 5 3 54 87 14 87 94 89 55 2 79 69 16 12 30 36 8 21 5 75 72 60 15 53 72 86 19 80 55 67 84 59 75 2 43 2 50 9 7 91 89 4 82 70 57 85 
