49 174
1 1 1 1 1 1 1 1 1 1 1 1 1 1 1 1 1 1 1 1 1 1 1 1 1 1 1 1 1 1 1 1 1 1 1 1 1 1 1 1 1 1 1 1 1 1 1 1 1 1 1 1 1 1 1 1 1 1 1 1 1 1 1 1 1 1 1 1 1 1 1 1 1 1 1 1 1 1 1 1 1 1 1 1 1 1 1 1 1 1 1 1 1 1 1 1 1 1 1 1 1 1 1 1 1 1 1 1 1 1 1 1 1 1 1 1 1 1 1 1 1 1 1 1 1 1 1 1 1 1 1 1 1 1 1 1 1 1 1 1 1 1 1 1 1 1 1 1 1 1 1 1 1 1 1 1 1 1 1 1 1 1 1 1 1 1 1 1 1 1 1 1 1 1 
0 1 0 0 0 1 1 0 0 0 1 1 1 0 0 1 1 1 1 0 1 1 0 1 1 0 1 1 1 0 1 0 0 0 1 0 1 1 0 0 0 0 0 0 1 1 1 0 1 0 0 1 0 0 1 1 1 1 1 1 0 0 1 1 0 0 0 1 0 0 0 1 1 0 0 0 0 0 1 0 1 0 0 0 1 0 1 1 0 0 0 0 0 0 0 1 0 1 0 1 0 0 1 1 0 1 1 1 1 1 0 1 1 1 1 1 1 1 1 0 1 0 1 1 1 0 1 1 0 1 0 0 0 1 1 0 0 1 0 1 1 0 1 1 1 0 1 0 1 1 1 1 1 1 0 0 1 1 0 1 0 0 0 0 0 0 1 0 0 0 1 1 1 0 
0 0 0 0 0 0 0 1 1 1 1 0 1 1 1 1 0 1 0 1 0 0 1 0 1 0 0 1 1 0 0 0 0 0 0 1 1 0 0 1 0 0 1 1 0 1 0 0 1 1 1 0 1 1 0 1 1 0 1 0 1 0 0 0 0 1 1 0 1 1 0 0 1 0 0 0 0 1 0 1 0 1 0 1 0 0 1 1 1 1 1 0 0 0 1 1 0 1 0 1 1 0 0 1 0 1 0 1 1 1 0 0 1 1 1 1 1 1 1 0 1 1 0 1 0 0 0 0 1 1 0 1 0 1 1 0 1 1 0 1 0 1 0 1 1 1 1 1 1 0 1 0 1 0 1 1 0 1 0 0 0 0 1 1 0 1 0 1 0 0 0 1 1 0 
0 1 0 1 0 0 1 1 0 1 1 0 0 0 1 0 1 1 1 1 1 0 1 1 0 1 1 0 0 0 1 0 0 1 0 1 1 0 1 1 0 1 1 1 1 0 1 1 0 1 1 0 0 1 1 1 0 1 1 0 0 1 0 0 1 0 0 0 0 1 1 1 0 0 1 0 0 0 0 0 0 1 1 0 1 0 0 0 1 0 1 0 0 0 0 0 1 0 0 1 1 1 0 1 0 0 1 1 0 0 1 1 1 0 1 0 0 0 1 0 1 0 0 0 1 1 1 0 0 1 1 0 1 0 1 0 1 0 0 0 1 0 0 0 1 0 0 0 0 0 0 0 0 0 0 1 0 1 0 1 0 1 1 1 1 1 0 1 0 1 1 0 0 1 
0 1 0 1 1 1 0 0 0 1 0 1 1 1 0 1 0 0 0 0 1 0 0 1 0 0 1 1 0 0 0 1 0 1 0 1 0 0 1 0 0 1 0 0 1 0 1 0 0 1 1 1 1 0 0 1 0 0 0 1 0 1 1 0 1 0 0 1 0 1 0 1 1 1 1 0 0 0 1 0 1 1 0 1 0 1 0 0 1 0 0 0 0 0 1 0 0 0 0 0 1 1 1 1 0 1 0 0 0 1 0 1 1 0 1 0 0 1 0 0 1 0 0 0 1 0 0 0 0 1 1 1 1 1 0 0 1 1 1 0 1 1 0 1 0 0 1 1 1 1 1 0 0 0 0 0 1 0 1 0 1 1 0 0 1 1 0 0 0 0 0 0 1 1 
0 0 0 1 1 1 0 1 1 0 1 0 1 1 1 0 0 0 0 0 0 1 0 0 1 0 1 0 1 0 0 1 0 1 0 0 0 1 0 0 1 1 0 1 0 0 1 1 1 0 1 0 1 0 1 0 0 0 1 0 0 0 1 1 0 0 1 1 1 0 0 0 0 0 0 0 1 1 0 0 0 0 0 0 0 0 1 1 1 0 1 0 1 0 0 1 1 1 0 1 0 0 0 0 1 1 0 1 1 0 1 0 1 0 1 1 0 0 1 0 0 1 1 0 1 0 1 0 0 0 1 1 0 1 0 0 0 1 1 1 1 1 1 0 0 0 1 0 0 0 0 1 1 0 0 1 1 1 1 1 0 1 1 1 0 1 1 0 0 1 1 1 1 1 
0 0 0 0 1 0 0 0 0 1 1 1 1 0 0 1 0 1 0 1 1 1 0 0 0 1 1 1 1 0 1 1 1 0 0 1 0 0 1 0 1 1 1 0 0 1 1 1 1 1 1 1 1 1 0 0 0 1 0 1 0 1 1 1 1 0 0 1 1 0 1 1 1 1 1 0 0 1 0 0 0 1 1 0 1 1 1 1 0 0 1 0 1 1 1 0 0 1 1 0 0 1 1 0 0 0 1 1 0 0 0 1 0 1 1 0 1 0 1 0 0 1 1 0 0 0 0 1 1 1 0 0 1 1 0 1 0 0 0 1 0 0 0 0 0 0 1 1 0 0 0 1 0 1 1 1 1 0 1 0 0 0 0 1 1 0 0 0 1 0 1 0 0 0 
0 0 1 0 1 0 1 1 1 0 1 1 1 1 0 0 0 0 0 1 1 1 0 1 1 1 1 1 0 0 1 1 0 0 1 1 0 0 1 0 1 0 0 0 0 1 1 0 1 0 0 1 1 1 1 0 1 0 1 1 0 1 1 0 0 1 0 1 0 1 0 0 0 0 0 1 0 1 0 0 1 0 0 0 0 1 1 0 1 1 1 0 1 1 0 1 1 0 1 0 0 0 0 1 0 0 0 1 1 0 0 0 0 0 0 0 0 1 1 1 0 1 0 0 0 1 0 0 0 1 1 1 0 0 0 1 0 1 1 0 0 1 0 1 1 0 0 1 0 0 1 0 1 1 0 1 1 1 0 0 1 0 0 1 0 1 0 1 0 0 0 0 1 0 
0 0 0 1 0 1 1 1 1 1 1 1 1 1 0 1 1 0 0 1 0 0 0 0 1 0 0 1 1 0 1 1 0 1 1 0 1 0 0 1 0 1 1 0 1 0 0 0 0 1 0 1 0 0 0 1 0 1 1 0 1 0 1 1 0 1 0 0 0 1 1 0 1 0 1 1 0 1 1 0 1 0 0 1 0 1 0 0 0 0 0 1 0 1 0 1 0 0 1 0 0 1 0 1 1 1 1 0 1 1 1 1 0 1 1 1 1 1 1 0 1 1 1 0 0 1 1 1 0 0 1 0 1 0 0 1 0 0 1 1 0 1 1 1 1 0 0 1 1 0 0 1 0 0 0 0 1 1 0 0 0 1 1 1 1 0 0 0 0 0 0 1 1 1 
0 1 0 1 0 1 0 0 1 0 1 1 0 0 1 1 1 1 1 1 1 1 0 1 1 0 0 1 0 1 1 1 1 0 1 1 0 0 1 1 1 0 1 0 0 0 1 0 1 1 0 0 1 0 1 1 1 0 0 1 0 0 1 0 0 1 0 1 0 0 0 1 0 1 1 0 0 0 0 1 0 1 1 1 1 1 0 0 0 1 1 0 0 1 1 0 0 0 1 1 0 0 0 0 0 1 0 0 0 0 0 0 1 1 1 1 1 0 0 0 1 1 1 1 1 0 0 1 1 1 1 0 1 0 1 0 0 1 0 0 1 1 1 1 0 0 0 0 0 1 0 1 0 0 0 0 1 0 1 1 1 1 1 1 0 0 1 0 1 1 1 0 0 0 
0 0 1 0 1 0 0 1 0 0 1 0 0 1 0 0 0 0 0 0 1 1 0 1 1 0 1 1 1 1 1 1 1 1 1 1 0 1 1 0 0 0 0 1 1 1 0 0 1 0 1 0 1 0 1 0 0 0 1 0 0 0 0 0 1 1 1 1 1 1 1 0 0 1 0 1 1 0 0 1 1 1 1 0 1 0 1 0 1 1 0 1 1 0 1 0 0 1 0 1 0 0 0 1 0 0 0 0 1 0 0 1 0 1 0 1 0 1 1 1 0 0 1 1 0 0 1 0 0 1 0 0 0 1 1 1 1 1 0 0 1 0 1 1 1 1 0 1 1 0 1 0 0 1 1 1 1 0 0 0 1 1 1 0 0 1 0 0 0 0 1 1 0 1 
0 1 1 0 0 0 0 0 0 1 0 0 0 0 0 1 1 0 0 1 1 0 1 0 0 0 0 1 0 0 0 1 1 0 0 0 0 0 1 1 0 0 0 0 0 0 1 1 1 0 1 0 0 0 1 1 0 1 1 0 0 1 1 0 0 0 1 0 1 1 0 1 1 1 1 0 0 0 1 1 0 1 0 1 1 0 0 1 0 1 0 1 0 0 1 1 1 1 0 0 0 0 0 1 0 0 0 1 0 1 0 1 0 1 1 0 1 0 0 0 0 0 1 1 0 1 0 0 1 1 1 0 0 1 0 1 0 1 0 0 1 1 0 0 1 0 1 1 0 0 0 0 1 0 0 1 1 1 0 0 1 1 0 1 0 0 0 1 1 1 1 1 0 0 
0 0 1 1 1 0 1 0 0 0 1 0 1 0 1 0 1 1 0 0 1 0 0 1 0 0 0 0 0 1 0 1 1 1 0 1 1 0 1 0 1 0 1 1 0 0 0 1 1 1 1 1 0 0 1 0 0 1 0 1 1 1 0 0 1 1 1 1 1 0 1 0 0 1 1 0 1 0 1 0 0 0 1 1 1 0 0 0 0 1 0 0 1 0 0 1 0 0 1 0 1 1 1 1 1 0 1 0 0 1 0 0 1 1 0 0 0 1 0 1 0 0 1 0 0 0 0 1 0 1 1 0 1 1 0 0 1 1 1 0 0 0 1 1 0 0 1 0 1 0 1 0 1 0 0 0 0 1 0 1 1 1 1 1 1 0 1 1 0 0 0 0 0 0 
0 0 0 1 0 0 0 1 1 1 1 1 1 0 0 0 0 1 1 1 0 0 1 0 1 0 0 0 0 1 0 0 0 0 0 0 1 0 1 0 0 0 0 1 1 0 1 1 1 0 0 0 0 0 0 1 1 0 1 0 0 0 1 1 1 0 1 0 1 1 1 1 0 0 0 0 1 1 1 0 1 1 0 0 0 1 0 0 0 1 1 1 0 0 1 0 1 0 1 0 0 1 0 1 1 1 0 1 1 1 0 0 1 0 1 0 1 0 0 1 0 1 1 0 1 1 0 1 1 1 0 0 0 0 1 1 1 0 0 1 0 0 0 0 1 0 1 1 1 0 0 1 0 0 0 1 1 1 0 0 1 0 0 1 1 0 1 0 0 1 0 1 1 1 
0 1 1 1 0 0 1 0 1 1 1 1 0 0 0 0 0 1 1 0 1 1 0 0 1 0 1 0 1 1 0 0 1 1 1 0 0 0 1 1 1 0 1 0 1 1 1 1 0 1 1 0 0 1 1 1 0 0 0 1 1 0 0 1 0 1 0 1 0 0 1 1 1 1 1 0 0 0 1 1 1 1 1 1 1 1 0 1 1 0 0 0 1 1 1 1 0 1 1 0 1 0 1 0 0 0 0 0 1 1 1 1 0 0 1 0 1 0 0 0 1 1 0 1 1 0 0 0 0 1 1 1 0 0 0 0 1 1 1 1 0 1 1 0 1 0 0 0 1 0 1 0 1 1 0 1 0 0 0 1 1 0 0 1 1 1 1 0 1 1 0 1 0 1 
0 0 1 1 1 1 0 1 1 1 0 1 1 0 1 1 0 1 1 1 1 0 1 0 0 0 1 1 1 0 1 0 1 0 1 0 0 0 0 0 0 0 1 1 1 1 1 0 0 1 1 0 0 0 1 0 1 1 1 0 1 1 1 0 1 1 0 0 1 1 0 1 0 0 0 0 1 0 1 1 1 1 0 1 0 1 1 0 1 1 0 0 0 1 1 0 1 0 1 0 1 0 0 0 1 1 1 0 0 1 1 1 1 1 1 0 1 1 0 0 1 1 1 0 1 1 0 1 0 0 0 1 1 0 1 1 1 0 0 1 1 0 0 0 0 0 1 0 1 0 0 0 1 1 1 0 0 0 1 0 1 0 1 0 1 0 0 0 1 1 1 1 0 1 
0 1 0 1 1 0 0 1 1 1 1 1 1 0 0 1 1 0 1 1 1 1 1 1 0 1 0 0 1 1 0 1 1 0 1 1 0 0 0 0 1 1 0 1 0 0 1 0 1 1 1 0 0 1 0 0 1 1 0 0 0 1 0 1 1 0 1 0 1 0 0 1 0 0 1 0 1 0 0 0 1 1 0 0 0 1 1 0 1 0 0 1 0 1 0 1 0 0 0 0 1 0 1 1 0 0 0 1 0 1 1 0 0 1 0 0 1 0 1 0 0 0 1 0 1 0 0 1 0 0 1 1 1 1 0 1 0 0 0 0 1 1 0 0 0 1 1 0 0 0 1 1 0 0 0 1 1 1 1 1 1 0 0 1 1 0 1 0 1 1 0 0 1 0 
0 0 1 0 1 1 1 1 1 1 0 1 1 1 1 0 0 0 0 0 1 0 0 1 1 0 0 1 1 0 1 1 1 0 0 0 0 0 0 0 0 0 0 1 0 0 1 1 1 1 1 1 1 0 1 0 0 0 0 0 0 0 1 1 1 0 1 0 1 1 1 0 0 0 0 1 1 1 1 0 0 0 0 1 0 0 0 0 0 0 0 1 1 1 0 1 0 0 0 1 0 0 0 0 1 1 1 1 0 1 1 0 0 1 1 1 0 0 1 1 1 0 0 1 0 0 0 0 0 1 1 0 1 1 1 0 1 1 1 0 1 1 0 0 0 1 1 1 1 1 1 1 1 0 1 0 0 1 1 1 0 0 1 1 1 1 1 1 0 0 0 0 1 1 
0 1 0 0 1 1 1 1 0 1 0 0 1 0 0 0 0 0 0 1 1 1 0 1 1 1 1 0 0 1 1 1 0 0 0 1 0 1 1 1 1 1 0 0 1 1 0 0 0 1 1 1 1 1 0 1 1 0 0 1 0 0 1 1 1 1 0 0 0 1 0 1 0 1 0 1 1 1 0 0 0 1 1 0 0 0 0 1 1 0 0 0 0 0 0 0 0 1 1 1 1 0 1 0 0 0 1 0 0 0 1 1 0 0 1 1 0 1 0 0 0 1 1 1 0 0 0 0 1 1 0 0 0 1 1 1 1 1 1 1 1 0 0 0 0 0 1 1 0 0 1 1 1 0 1 0 1 0 0 1 0 1 1 1 1 0 0 0 1 0 0 1 1 1 
0 1 1 1 0 1 0 1 1 1 0 0 1 1 0 0 0 0 0 0 1 1 1 1 1 0 1 0 1 1 1 1 1 0 0 0 1 0 0 1 1 0 0 0 1 1 0 1 1 0 0 0 0 1 1 0 1 0 0 0 1 0 1 0 0 0 0 1 0 1 0 0 0 1 1 1 1 1 0 1 0 1 0 0 1 1 1 1 1 0 0 1 1 0 1 0 1 0 0 0 1 0 1 1 0 1 1 1 1 0 0 1 1 0 0 1 0 1 0 1 1 1 0 0 1 0 0 1 0 0 0 0 0 0 1 1 1 0 1 0 1 1 1 0 0 1 0 0 1 0 1 1 1 0 0 1 0 0 1 0 1 0 0 0 1 1 0 0 1 0 0 0 1 0 
0 0 1 0 1 0 1 1 0 0 0 0 1 1 1 0 0 0 0 1 1 1 0 1 1 1 0 0 1 0 1 0 0 1 1 1 1 1 0 1 1 1 1 1 0 0 1 1 1 1 1 1 0 1 0 1 1 1 1 1 1 1 0 1 1 1 0 1 1 0 1 1 1 0 0 0 0 1 1 0 0 0 1 1 1 1 1 1 0 0 1 0 0 0 1 1 1 0 1 0 1 1 1 1 0 0 0 1 1 0 1 0 1 0 1 0 0 0 0 0 0 0 0 0 1 0 0 0 0 0 0 0 1 1 1 0 0 0 0 1 1 0 0 1 0 0 0 0 0 1 1 1 1 0 0 1 0 1 0 0 0 0 0 1 0 0 1 0 0 0 0 1 0 1 
0 1 1 0 1 0 1 0 1 0 1 0 0 0 1 1 1 0 0 1 1 1 0 1 0 0 0 0 1 0 1 0 1 0 0 1 1 1 0 0 1 0 1 0 1 1 0 1 1 0 0 0 0 1 0 0 1 1 1 1 0 1 1 1 0 1 0 0 0 0 0 0 0 0 0 1 0 1 0 1 0 0 1 1 0 1 1 0 1 0 1 1 1 1 0 0 0 1 1 0 1 1 0 1 0 0 0 1 1 1 1 1 1 1 0 0 0 0 1 1 0 1 0 0 0 0 1 1 1 0 0 0 0 1 1 0 1 0 0 1 0 1 0 1 1 0 1 0 1 1 1 1 1 0 0 0 1 0 0 1 0 0 1 1 0 1 0 1 0 1 0 0 0 1 
0 1 0 1 1 0 0 1 0 1 0 0 0 1 1 1 1 1 1 1 1 0 0 0 1 0 0 0 0 1 0 0 0 1 1 0 1 1 0 1 1 0 0 1 0 1 1 1 1 1 1 1 1 0 0 0 1 1 0 1 1 1 1 0 1 0 0 0 0 1 1 1 0 1 1 1 0 0 1 1 1 1 1 1 0 0 1 0 0 0 0 1 0 0 0 0 0 0 0 0 0 1 1 1 0 0 0 1 1 1 1 0 1 1 0 1 1 0 1 1 1 1 0 1 0 0 0 1 1 1 1 0 1 0 0 0 0 1 1 1 0 1 0 0 0 1 0 1 1 0 1 1 0 0 0 1 0 1 1 0 1 1 1 0 1 0 0 1 0 1 1 0 1 0 
0 1 1 1 0 1 1 0 1 1 0 1 0 1 0 0 1 1 1 1 0 1 1 0 1 1 0 1 1 0 0 0 0 0 1 0 1 1 0 0 0 0 0 1 0 0 1 0 1 1 0 1 1 0 0 1 0 1 0 1 1 0 1 1 0 1 0 1 0 0 1 0 1 1 1 1 0 1 0 1 1 0 0 1 0 0 1 0 1 1 1 0 1 1 1 1 1 0 0 0 1 0 0 0 0 0 1 1 1 0 1 0 1 0 0 0 0 1 0 1 1 1 1 0 0 1 0 1 1 0 0 0 1 0 0 1 0 1 1 1 1 0 1 1 0 1 0 1 1 1 0 1 0 1 1 1 0 0 0 1 0 0 0 0 1 0 0 0 0 1 0 0 0 0 
0 1 0 1 1 0 0 1 0 0 1 1 0 0 1 1 1 0 0 1 0 1 1 1 1 0 1 0 1 0 0 0 0 1 0 0 0 1 0 0 0 0 1 1 1 0 1 1 0 0 1 1 1 1 1 1 0 0 0 1 1 1 0 1 0 1 0 0 0 0 1 0 0 0 0 1 0 1 1 0 0 0 0 0 0 0 0 0 1 1 0 1 1 0 1 1 1 0 0 0 1 1 1 1 0 1 0 0 0 1 1 0 1 1 1 0 1 0 1 1 0 1 1 0 0 1 1 1 1 1 0 0 0 0 1 0 0 0 1 1 1 0 0 0 1 0 0 0 0 1 0 0 0 0 1 1 1 1 0 1 1 0 1 0 0 0 0 1 1 1 0 0 1 0 
0 1 1 1 1 0 0 0 1 0 0 0 0 0 1 0 1 0 1 0 1 0 0 1 0 0 1 0 0 0 0 0 0 0 1 0 1 0 1 1 1 0 1 0 1 0 0 1 1 1 0 0 1 1 1 0 0 1 1 1 0 1 0 0 0 0 0 1 0 0 0 1 1 0 1 0 1 1 0 1 1 1 1 1 0 0 0 1 0 0 1 0 0 1 0 1 0 0 1 0 0 1 1 0 0 0 1 0 1 0 0 0 0 0 0 0 0 0 1 0 1 0 1 0 0 0 0 0 1 0 0 1 1 0 0 0 0 0 0 1 1 0 1 0 0 1 0 0 1 0 1 0 0 1 1 0 0 0 1 1 0 0 0 0 1 1 0 1 1 1 0 0 0 1 
0 0 1 1 1 1 0 1 0 0 0 1 1 0 0 1 1 1 0 1 0 0 0 0 0 0 0 1 0 1 0 1 1 0 1 1 0 1 1 0 0 0 0 0 0 1 1 0 0 1 0 0 1 0 0 1 1 0 1 0 1 0 1 0 1 0 0 0 0 1 0 1 1 1 0 0 0 0 1 1 1 0 0 0 0 0 0 0 1 0 1 0 1 0 1 1 1 1 1 0 0 0 0 1 0 1 1 0 1 0 0 1 0 1 0 0 1 1 1 1 1 1 0 0 1 1 1 0 0 1 1 0 1 1 1 0 1 0 0 0 0 0 1 0 0 1 1 0 1 1 0 1 1 0 0 0 1 1 1 0 1 1 0 0 1 1 1 0 0 1 1 0 1 0 
0 1 0 0 1 1 1 0 1 1 1 0 1 1 1 1 1 0 0 0 1 0 1 0 1 1 0 0 0 0 1 0 0 0 0 0 1 0 1 0 0 0 1 1 0 1 1 0 0 1 0 1 1 0 0 1 0 0 1 0 1 0 0 0 0 0 1 1 0 1 0 0 1 1 0 0 0 0 0 0 0 0 1 1 0 0 1 0 0 0 1 0 1 0 1 0 1 1 1 1 1 1 1 1 1 1 0 1 0 1 0 1 1 1 0 0 1 1 0 0 0 1 0 0 1 0 0 0 0 1 0 0 0 1 1 0 1 1 1 0 0 0 1 1 0 0 1 0 0 0 0 0 0 0 1 1 1 0 0 0 1 0 1 1 1 1 1 1 0 1 1 0 0 0 
0 1 0 0 0 0 1 1 1 1 0 0 0 0 0 0 1 0 1 1 1 1 1 1 1 0 0 0 0 0 0 1 0 1 0 1 0 0 1 1 0 0 0 1 1 0 1 1 0 0 0 1 0 0 0 0 1 1 1 1 0 0 0 0 0 1 0 1 1 1 0 1 0 0 1 0 1 0 0 0 1 0 1 1 1 0 0 0 0 1 1 0 1 0 1 1 0 1 0 1 1 1 1 1 0 0 0 1 1 0 0 1 0 1 0 1 1 0 1 1 1 0 1 1 1 0 0 0 0 0 1 0 0 0 1 0 0 1 1 1 0 0 0 0 0 0 0 1 1 1 1 1 0 1 1 1 0 0 1 0 1 1 0 0 1 0 0 0 0 0 0 0 0 1 
0 0 0 0 1 0 0 1 1 0 0 0 0 0 1 0 1 0 1 0 0 1 1 0 1 0 1 1 0 0 0 1 0 0 0 0 0 0 1 1 0 1 1 1 1 0 1 0 0 1 0 1 0 0 0 0 0 0 0 1 1 0 1 0 1 1 0 0 0 0 0 0 0 0 0 1 1 1 1 0 1 1 0 1 0 0 0 0 1 0 0 1 1 0 1 0 0 0 1 1 0 1 0 1 1 1 0 1 1 1 0 1 1 1 1 1 0 1 1 0 1 1 1 0 1 0 0 1 0 1 1 0 0 0 0 0 1 1 0 0 1 0 1 1 1 0 1 1 0 1 1 0 0 0 1 1 1 1 1 1 1 0 0 1 0 1 0 0 0 1 0 1 0 0 
0 0 0 0 0 0 1 0 0 1 1 1 1 1 1 0 0 0 1 0 0 0 0 1 1 0 1 1 1 0 0 0 0 1 0 1 1 0 1 1 0 0 1 1 0 0 1 1 1 1 0 0 0 1 0 0 0 1 1 1 0 1 1 1 0 1 1 1 0 1 0 0 1 0 0 1 0 1 0 0 0 1 0 0 0 1 0 1 0 1 1 0 0 1 0 0 0 0 1 0 1 1 1 1 0 1 0 0 1 1 0 1 0 1 1 1 0 1 0 0 0 0 0 1 1 0 0 0 1 0 1 1 1 1 1 1 1 0 1 1 1 1 1 1 1 1 0 0 1 1 1 0 1 0 0 0 0 0 0 1 0 1 1 0 0 0 0 1 1 0 1 0 0 0 
0 0 0 1 0 1 0 0 0 1 0 1 1 1 1 0 1 0 1 1 1 1 0 0 0 0 1 1 1 1 0 0 0 1 0 0 0 1 1 1 0 0 0 0 1 0 1 1 1 0 0 1 0 0 1 1 1 0 1 1 1 1 0 1 0 1 1 0 1 1 1 0 1 1 0 1 1 0 1 1 1 1 0 1 1 1 1 1 0 0 1 1 1 0 0 0 0 1 1 1 0 1 1 0 0 1 1 1 1 0 1 0 1 0 1 1 1 0 1 0 0 1 0 1 0 1 0 0 0 1 0 0 0 1 0 0 0 0 0 0 0 1 1 0 0 1 0 1 0 0 0 1 1 1 1 0 0 0 1 1 1 1 1 0 0 0 0 0 0 0 1 0 0 0 
0 0 1 1 1 1 1 0 0 1 0 1 0 0 1 1 1 1 1 0 0 0 1 1 1 1 0 0 0 0 1 1 0 1 0 0 1 0 0 0 0 0 0 1 0 0 0 0 1 0 1 1 1 0 1 0 0 0 1 0 1 0 1 1 1 0 1 1 0 0 1 0 0 1 1 0 1 0 0 0 0 0 1 0 0 0 1 0 1 1 0 0 1 0 0 0 0 1 0 1 1 0 0 1 0 0 1 0 1 0 0 1 0 1 0 0 1 0 0 1 1 1 1 1 0 0 1 0 1 1 0 0 1 0 0 0 1 0 0 1 1 0 0 1 1 1 1 0 1 0 0 0 1 1 0 0 1 0 0 0 0 1 0 0 0 0 1 1 0 0 0 0 1 0 
0 0 0 1 1 0 0 1 1 1 1 1 1 0 1 1 1 1 0 0 1 0 1 1 1 1 0 1 0 1 1 0 1 1 0 0 1 1 0 1 0 0 0 1 1 0 1 0 0 1 1 0 1 1 1 0 0 0 0 1 1 0 1 1 0 1 1 1 0 1 1 1 1 1 0 0 0 0 0 0 1 1 1 0 0 1 0 1 1 0 0 1 1 1 1 0 1 0 1 0 0 0 0 0 0 1 0 1 1 0 0 0 0 1 0 0 1 0 1 1 1 1 0 1 0 1 1 1 1 0 1 0 0 0 1 0 1 1 0 0 0 1 1 1 0 1 0 1 0 1 0 1 0 0 0 1 1 0 1 0 1 1 0 0 1 1 1 1 1 1 1 1 1 0 
0 1 1 0 0 1 0 0 1 0 1 0 1 0 1 1 0 0 0 1 1 0 0 0 1 0 1 1 1 1 1 1 1 0 0 0 1 1 1 1 1 0 0 0 0 1 0 1 1 1 0 1 1 1 0 0 0 0 0 0 0 0 1 1 0 1 1 0 0 1 1 1 0 0 0 1 0 0 1 1 1 0 0 1 1 0 1 0 1 0 0 0 1 0 1 1 0 0 1 1 1 1 0 1 1 0 1 0 0 0 0 1 0 1 1 0 0 0 0 0 1 1 0 1 0 1 1 1 0 0 0 1 1 0 0 0 1 1 1 0 0 1 0 1 1 1 0 1 1 1 1 1 0 1 1 0 1 1 0 0 0 1 0 1 1 1 0 0 0 1 0 0 1 1 
0 1 0 0 1 1 0 0 1 0 0 0 0 1 1 1 1 1 0 0 1 1 0 1 0 1 1 1 0 0 1 1 1 1 1 0 1 0 0 1 1 1 1 0 0 0 1 1 1 0 1 1 0 1 0 1 1 0 0 0 0 0 1 0 1 0 0 1 1 1 1 1 0 1 0 0 1 1 1 1 1 1 1 0 0 0 1 0 0 0 0 1 1 0 1 0 0 0 0 1 0 1 1 0 0 1 0 1 1 0 1 1 0 1 0 1 1 0 0 1 0 0 1 1 1 0 1 1 1 1 1 0 1 1 0 0 0 0 1 0 1 0 1 0 1 1 0 1 0 0 0 0 0 1 1 1 1 1 1 1 0 0 1 0 0 1 0 1 0 0 1 1 1 0 
0 0 1 0 1 0 0 1 1 1 0 0 1 1 1 1 0 0 1 1 1 1 1 1 0 1 1 0 1 0 0 1 0 0 0 0 1 1 0 0 1 1 1 1 1 0 0 0 1 1 1 1 1 0 0 1 1 0 0 1 0 0 0 0 0 1 1 1 0 1 0 0 1 1 1 0 1 0 0 1 1 0 0 1 0 1 1 1 0 1 1 0 1 1 1 1 1 1 1 1 1 0 1 0 1 0 1 1 1 1 1 0 0 0 0 1 0 0 1 1 1 1 0 1 1 0 0 0 0 0 0 1 0 1 1 0 1 0 0 0 0 1 0 1 0 1 1 1 1 1 0 1 1 0 0 0 1 1 0 1 1 0 1 0 1 1 0 1 0 1 0 1 1 0 
0 0 1 1 1 0 0 1 0 0 0 0 0 0 0 1 1 0 1 0 0 1 1 1 0 1 0 1 0 1 1 0 0 0 0 1 1 0 0 0 0 1 0 0 1 0 0 1 0 1 1 0 1 1 1 0 0 1 1 0 0 0 1 1 1 1 0 0 0 0 0 1 0 1 0 1 1 0 0 1 0 0 1 1 1 0 1 1 0 0 0 1 1 0 1 1 0 0 1 1 0 0 1 0 0 0 1 1 0 0 0 0 1 0 1 1 0 1 0 1 0 0 1 1 1 0 0 1 0 0 1 0 1 0 0 1 1 1 1 0 1 1 1 1 1 1 0 0 1 1 0 0 1 0 1 1 0 1 1 1 1 1 0 1 1 0 0 1 1 0 0 1 0 0 
0 0 1 0 1 1 0 0 0 0 0 0 1 1 1 0 0 0 0 0 0 1 1 0 1 0 1 0 0 1 0 0 0 1 0 1 1 0 1 0 0 0 0 1 1 1 1 1 0 1 0 1 1 0 1 0 0 1 1 0 1 1 0 1 1 0 0 0 1 0 0 0 0 0 1 0 0 0 0 1 1 0 1 0 0 0 1 0 1 1 0 1 1 1 1 1 1 0 0 0 0 1 0 0 1 1 0 0 1 0 1 1 0 0 0 0 0 0 0 0 1 0 1 1 0 0 1 0 1 0 0 0 1 1 1 0 1 0 0 0 1 1 0 0 1 0 0 0 0 0 0 0 0 1 0 1 0 1 0 0 1 0 1 0 0 1 1 1 0 1 0 0 0 1 
0 1 0 0 0 1 0 0 0 1 1 0 0 1 1 1 1 0 1 0 0 0 0 1 0 1 1 1 1 1 0 0 0 1 1 0 1 1 0 1 1 1 0 1 0 0 1 0 0 1 0 0 1 1 0 1 0 1 0 1 0 1 1 0 0 1 0 0 0 0 1 1 1 0 1 1 0 0 0 1 0 0 1 1 0 0 1 0 1 0 0 0 0 0 1 1 0 1 0 0 1 0 0 0 0 0 0 0 0 0 1 1 0 1 1 1 1 0 0 1 1 1 1 0 1 1 1 1 0 1 1 0 0 1 1 1 0 0 0 1 0 0 0 0 1 1 0 0 0 1 0 1 0 0 1 0 1 1 0 0 0 0 1 1 1 0 0 1 1 0 0 0 1 1 
0 0 0 1 1 0 0 0 1 1 1 0 1 1 0 0 0 0 1 1 1 1 0 1 1 0 1 1 0 0 1 0 0 1 1 0 1 1 0 0 0 1 0 0 1 1 1 1 0 1 1 0 0 0 1 1 0 0 0 1 1 1 1 1 1 1 1 1 1 1 0 0 0 1 1 0 1 0 0 0 0 1 0 1 1 0 0 0 0 0 1 1 0 1 1 0 0 0 0 1 1 0 1 0 1 1 1 0 1 1 1 1 1 0 0 1 1 1 0 0 0 0 1 0 1 0 1 0 1 0 1 0 0 1 0 1 0 0 0 1 1 0 0 1 1 0 0 1 1 0 0 1 0 1 0 1 1 1 0 1 1 1 0 0 1 0 1 0 1 0 0 0 0 1 
0 0 1 0 1 1 1 1 0 0 0 0 0 1 0 0 1 1 1 1 0 0 0 0 0 0 1 1 1 0 1 0 1 0 1 1 0 1 1 1 1 1 1 1 1 0 1 0 1 1 0 1 1 1 0 0 1 0 0 1 1 0 0 0 0 0 0 1 0 0 1 0 1 1 1 0 0 1 1 0 0 1 0 0 0 1 1 0 1 1 0 1 0 1 0 1 1 0 0 0 1 1 0 1 1 0 0 1 0 1 0 1 1 0 1 0 0 0 0 0 0 1 0 1 0 0 0 0 1 1 1 0 1 1 1 0 0 1 0 1 0 1 0 0 1 0 0 1 0 0 1 0 0 0 0 0 0 1 0 0 1 0 0 0 1 0 0 1 0 1 1 0 0 1 
0 1 1 0 0 0 1 0 1 0 1 1 0 0 0 0 0 0 0 0 1 0 1 1 0 0 1 1 0 1 0 1 0 1 0 1 0 1 0 1 0 0 1 0 1 1 1 1 0 1 1 1 0 0 1 0 0 1 1 0 0 0 0 1 0 0 1 0 1 1 0 1 1 0 0 1 0 0 1 0 1 0 1 1 0 1 0 1 1 1 1 0 0 1 1 0 1 1 1 1 1 1 0 0 1 0 0 0 1 1 0 1 0 1 0 0 1 0 1 0 1 0 0 1 1 0 1 1 0 0 1 1 0 1 0 0 0 0 1 0 1 0 0 0 0 1 1 0 0 0 1 1 0 0 0 1 1 0 0 1 0 0 1 1 1 0 1 1 0 1 1 0 1 0 
0 0 1 0 0 1 0 0 1 0 1 1 1 1 1 0 1 0 0 0 0 0 1 1 1 1 1 1 0 1 0 1 0 0 1 1 0 0 0 0 0 0 1 1 0 0 0 1 1 1 0 1 0 0 0 1 0 0 1 1 1 1 1 1 0 1 1 0 0 0 1 1 1 0 1 0 1 0 0 1 0 1 0 0 0 1 0 1 1 0 1 0 0 0 0 1 0 0 0 0 1 0 0 0 0 0 1 0 0 1 1 1 0 1 1 0 1 0 1 1 1 1 1 1 0 0 1 0 1 1 0 1 1 0 1 0 0 1 0 0 0 1 0 0 1 1 1 1 1 0 0 1 1 1 0 0 0 1 0 1 0 0 1 1 0 1 0 1 0 0 1 1 0 1 
0 0 1 0 1 0 0 0 0 0 0 1 1 1 0 0 1 1 1 1 0 0 1 1 0 0 1 0 1 0 1 0 0 1 1 1 0 1 1 0 0 1 1 1 1 0 1 0 0 1 0 0 1 1 1 1 1 1 1 1 0 1 0 1 0 1 0 1 1 1 0 1 0 1 0 1 1 0 1 1 0 1 0 0 0 1 0 1 0 1 0 1 0 1 1 0 1 1 1 0 0 1 0 1 0 0 0 0 0 1 0 0 0 1 0 0 0 0 1 0 0 0 0 0 0 0 1 1 0 0 0 0 1 0 0 1 1 0 1 1 1 1 0 1 0 0 0 0 0 0 0 1 0 0 1 0 0 1 0 0 0 0 1 1 1 1 0 1 0 1 1 1 0 0 
0 1 0 1 1 1 0 1 1 1 1 0 1 0 1 0 1 0 1 1 1 1 1 1 1 1 0 1 0 0 0 0 0 0 0 0 0 1 1 0 1 1 0 0 0 0 1 1 1 0 1 1 0 1 0 1 0 1 1 0 1 0 0 0 1 1 1 1 1 1 0 0 0 0 1 1 1 1 1 0 0 1 1 1 0 1 1 0 1 0 0 0 0 1 0 0 0 1 0 0 0 0 1 1 1 1 0 1 1 1 1 1 1 1 1 0 1 1 0 0 0 1 1 0 0 0 0 0 1 0 0 1 0 1 0 1 0 1 1 0 1 1 1 0 1 0 0 0 1 0 0 1 1 1 1 0 0 1 1 0 0 0 1 1 0 1 0 1 0 1 1 0 1 1 
0 0 0 0 1 0 1 1 1 0 0 1 1 0 1 0 0 0 1 0 1 1 1 0 1 0 1 0 0 1 1 1 0 1 0 0 1 1 1 0 0 0 0 1 1 0 0 0 0 1 0 0 1 1 1 1 1 0 0 0 1 1 1 0 1 0 0 0 0 1 0 0 1 0 1 1 1 1 0 1 0 0 1 0 0 0 0 0 0 1 1 0 1 1 1 1 0 0 0 1 0 0 0 1 1 0 1 1 1 1 0 0 0 0 1 1 1 1 1 1 1 1 0 0 0 0 0 0 1 1 1 1 0 0 1 0 1 1 1 0 0 0 1 1 1 0 1 0 0 1 0 0 0 0 1 1 0 1 0 1 1 1 0 0 1 0 0 0 1 0 0 1 1 1 
0 1 1 0 0 0 0 0 1 1 1 1 1 0 0 0 0 1 0 1 1 1 1 1 0 0 1 0 1 1 0 0 0 1 0 1 0 1 0 1 0 1 1 1 1 0 0 0 0 0 0 1 0 0 0 0 1 1 1 0 1 0 1 1 0 1 0 0 1 1 1 1 0 0 1 0 0 0 1 1 1 1 0 1 1 0 0 1 1 1 1 1 1 1 1 1 0 1 0 1 1 0 1 0 1 0 1 0 0 1 1 0 1 1 1 0 1 0 0 1 0 1 0 0 1 0 1 1 0 0 1 1 1 1 1 0 0 1 0 1 0 1 1 1 1 1 1 1 1 0 0 0 1 0 0 0 1 0 1 1 0 1 0 1 0 0 1 1 0 1 1 1 1 0 
0 1 0 0 1 0 0 0 0 0 0 1 0 1 1 1 0 1 0 0 0 0 1 1 0 0 0 1 0 0 0 1 1 0 0 0 1 1 1 0 1 1 0 1 0 0 1 0 0 0 0 1 0 0 0 1 1 0 1 1 1 1 1 0 0 0 0 1 0 0 1 0 0 0 1 1 0 1 1 1 0 1 1 0 1 1 0 1 1 1 1 1 0 0 0 1 0 1 0 0 1 0 0 0 1 1 1 1 0 1 0 0 1 0 0 0 1 1 1 0 0 0 0 0 0 0 0 1 0 1 0 0 0 0 1 0 0 0 0 1 1 1 0 0 0 1 0 1 0 1 0 0 0 0 0 0 1 0 0 0 0 0 0 0 1 0 1 1 0 0 1 0 0 1 
6 86 85 45 53 58 36 21 64 25 99 90 94 73 89 37 13 87 61 91 1 59 6 6 77 46 53 73 21 60 15 84 4 41 54 62 86 19 17 9 18 66 21 97 76 61 70 71 9 67 12 83 73 15 56 94 26 11 99 15 64 24 82 48 67 24 79 5 69 95 81 5 3 72 62 7 34 8 1 46 22 96 63 27 90 73 63 94 14 80 74 84 64 44 30 20 64 35 96 83 31 38 64 50 87 22 88 2 48 14 9 29 63 45 36 91 74 45 36 23 87 60 77 75 63 76 46 38 47 71 96 29 60 10 38 17 28 8 73 41 14 60 19 11 62 38 94 14 82 38 2 16 73 57 39 75 62 13 73 11 4 56 10 56 11 56 66 68 73 22 34 61 39 12 
46 45 94 13 59 7 43 64 88 17 13 1 67 47 39 80 33 13 43 30 55 26 54 84 74 34 64 16 69 35 87 12 62 2 62 63 9 65 2 42 81 73 71 78 18 61 1 30 79 85 26 5 14 89 21 51 6 96 27 50 98 27 51 51 93 2 4 53 19 63 18 60 58 47 94 75 77 36 10 94 18 57 40 11 37 54 18 29 77 52 4 82 61 32 56 77 24 15 41 8 2 70 3 65 68 80 45 29 86 92 53 54 54 35 73 88 63 32 53 26 32 30 19 69 90 8 11 77 40 63 93 63 60 64 33 33 94 77 15 27 35 17 44 30 13 53 66 15 40 88 97 22 38 80 18 62 31 83 81 58 30 93 89 11 20 5 44 8 99 76 14 75 24 76 
94 54 82 81 32 94 35 33 94 74 69 63 21 49 98 21 67 81 84 21 31 2 31 65 68 66 95 34 42 44 10 62 18 35 50 61 5 94 96 22 64 37 53 56 10 97 19 20 80 5 70 17 82 71 76 49 32 41 86 96 59 65 62 18 25 35 7 73 24 63 19 49 19 49 51 93 19 96 14 51 6 83 87 85 32 5 39 80 81 8 62 70 28 4 91 88 15 76 25 19 27 4 11 7 2 29 90 74 41 71 79 24 3 1 99 88 98 28 75 90 96 5 5 3 43 96 19 85 39 50 77 90 5 96 97 22 54 88 57 15 59 76 7 60 50 17 87 84 73 38 87 59 24 88 92 81 39 38 73 17 32 47 62 22 90 84 33 15 5 10 3 48 99 44 
46 63 13 35 48 2 26 94 68 94 33 89 49 65 71 92 26 10 63 15 25 78 32 64 29 83 3 68 76 74 74 5 46 31 48 8 56 35 49 33 9 55 14 75 85 97 43 82 36 51 52 32 28 11 83 91 16 86 88 22 1 50 67 80 97 12 87 89 70 56 99 96 65 58 30 55 73 92 87 37 90 18 44 69 61 34 62 23 71 98 75 33 7 90 56 25 91 16 14 95 27 44 89 26 10 68 51 82 5 41 74 25 51 96 13 87 71 64 41 26 49 78 11 84 35 91 67 77 75 13 82 23 80 23 48 86 5 4 88 60 40 84 41 23 9 43 53 14 4 47 40 74 16 12 37 19 30 55 34 90 45 57 96 72 31 3 18 78 7 64 82 39 76 48 
50 69 35 37 39 71 64 65 52 58 23 54 41 97 85 56 76 55 70 17 73 66 88 33 16 40 80 18 17 10 8 60 21 28 13 42 60 30 85 47 78 18 9 8 59 9 16 79 87 61 63 45 76 7 57 61 53 53 43 13 72 97 76 37 35 6 91 92 80 94 44 27 78 28 22 58 98 87 83 46 56 10 86 56 70 40 20 3 24 95 58 75 83 95 38 77 12 68 26 61 34 49 3 76 60 47 44 76 22 83 92 80 93 74 63 52 40 24 33 8 1 6 68 40 29 15 16 73 34 14 35 54 36 6 45 38 23 73 9 86 21 84 24 63 54 26 41 71 55 56 1 54 3 7 44 26 52 21 73 79 59 96 61 66 35 58 25 36 7 23 21 24 82 5 
40 31 59 69 37 35 88 81 55 75 45 49 37 50 64 31 49 20 89 56 53 21 35 92 29 93 63 83 3 20 25 99 48 52 62 80 79 3 64 7 36 64 82 81 84 57 17 64 28 74 7 53 92 59 68 43 62 32 70 98 61 90 88 19 68 67 75 35 32 23 97 69 11 17 18 82 58 90 8 40 14 65 58 42 2 18 97 78 66 32 65 60 78 58 16 93 33 30 92 81 99 44 57 91 1 18 15 82 62 23 19 79 64 83 68 44 77 41 1 47 76 13 48 56 74 56 69 44 50 42 27 25 10 26 41 80 20 8 90 48 51 44 41 50 72 39 16 55 75 10 64 94 76 73 55 85 70 58 33 39 60 96 2 4 99 34 8 8 28 8 36 31 70 88 
59 61 5 83 69 8 12 51 57 97 67 99 27 40 67 23 74 46 39 56 73 21 51 95 31 35 17 96 61 36 53 11 76 71 67 87 5 94 51 30 56 73 90 77 5 36 27 71 94 5 70 35 69 61 50 66 1 52 92 29 48 74 82 40 28 67 72 55 23 18 21 91 78 13 48 32 92 13 17 24 10 32 5 1 99 35 79 2 45 14 85 53 89 48 75 13 30 80 98 76 68 3 86 88 48 16 70 29 49 70 4 85 5 29 32 72 58 52 45 80 51 26 13 41 31 78 91 57 38 81 43 82 30 61 62 41 21 8 32 97 37 53 39 62 18 50 13 90 85 10 68 52 16 94 36 93 93 7 32 59 4 72 64 62 17 19 98 98 6 34 51 44 39 91 
74 47 58 53 59 71 34 37 47 1 1 69 12 75 98 15 49 42 84 97 75 39 19 45 12 53 50 41 7 74 98 56 24 64 35 53 91 8 15 64 2 86 64 23 9 5 1 30 87 40 29 44 75 90 23 87 87 1 26 62 88 40 40 70 19 35 90 39 93 52 40 35 34 82 92 11 33 21 23 57 77 44 46 32 30 92 2 39 23 38 34 46 82 80 96 3 82 97 41 89 53 39 96 35 30 12 58 79 93 33 50 52 86 46 59 11 98 72 70 43 74 5 46 98 77 29 27 91 57 34 82 37 73 34 81 65 82 63 37 6 1 12 89 61 26 1 83 79 52 51 98 42 63 27 90 1 2 75 79 55 62 46 56 19 56 81 51 27 57 43 62 96 47 45 
98 43 84 90 67 77 35 86 8 6 96 48 37 97 86 8 68 86 97 57 65 5 47 45 5 14 1 76 65 53 59 6 98 53 20 87 94 45 43 90 94 84 52 4 42 3 71 35 54 29 11 66 10 71 2 47 7 6 46 72 15 38 27 32 98 64 9 78 22 98 81 41 92 33 47 77 51 22 38 64 8 90 19 95 93 39 27 25 29 29 74 14 63 67 65 83 52 9 79 42 48 78 82 42 28 63 79 63 47 64 50 84 23 15 61 37 4 38 95 34 50 89 75 33 55 66 13 15 41 37 77 7 84 31 35 19 75 49 92 66 80 28 93 15 60 20 1 36 7 34 23 66 65 13 64 8 14 73 87 39 51 68 61 11 11 74 66 43 8 23 84 80 14 28 
13 92 24 43 51 6 75 74 97 8 64 53 58 28 68 71 93 92 44 89 41 27 77 45 96 82 26 29 9 73 64 3 10 22 81 96 95 23 62 85 83 50 61 85 96 63 42 94 3 35 54 81 97 64 6 14 50 44 66 35 51 48 64 91 45 77 88 69 89 66 2 75 47 96 73 86 11 86 87 97 36 68 52 2 6 84 9 78 17 27 74 27 55 40 47 8 1 17 92 26 36 68 3 81 14 17 63 94 56 99 38 29 35 37 98 31 33 88 14 71 89 25 52 95 70 19 60 84 60 96 18 50 36 85 94 51 64 88 69 82 47 65 4 9 87 92 96 60 8 29 11 72 35 41 16 74 34 5 23 72 25 9 30 28 77 26 36 85 65 40 93 30 49 53 
81 66 38 77 68 13 72 36 69 71 51 41 39 99 55 23 51 45 57 96 95 73 1 52 95 54 93 8 52 75 64 36 16 98 57 22 23 55 95 3 73 96 18 1 19 43 29 32 20 2 85 51 33 28 67 80 34 91 80 38 77 11 32 75 37 39 56 25 73 4 97 76 45 18 90 31 7 40 24 37 87 8 91 39 81 10 38 91 28 23 82 89 49 48 33 82 64 36 12 14 72 55 41 2 16 26 94 34 90 34 60 38 34 34 99 59 68 48 16 39 1 1 31 31 87 6 66 12 15 30 32 1 87 81 19 8 98 28 55 76 6 93 62 71 2 46 23 86 43 3 96 35 23 75 85 7 28 91 70 37 69 16 55 85 12 28 95 10 39 99 98 64 49 1 
75 1 53 53 1 64 87 73 32 9 2 73 87 59 59 17 11 71 69 48 3 68 50 76 4 15 28 4 51 49 66 12 55 84 88 43 33 60 38 76 75 30 71 50 55 4 2 56 58 57 36 67 14 81 17 91 2 38 91 62 71 34 57 62 44 86 94 77 14 43 24 35 34 5 10 56 4 61 50 25 17 47 96 25 67 6 20 83 49 92 9 95 50 47 79 79 17 28 94 27 65 50 94 93 42 93 44 99 14 54 12 28 1 18 61 34 23 55 65 11 70 31 61 90 82 39 70 4 33 85 69 16 63 44 65 29 25 16 2 66 86 31 64 48 28 89 13 22 83 66 66 58 45 93 14 27 52 93 93 49 46 64 23 13 87 1 93 75 69 40 66 75 53 57 
40 56 29 72 94 57 48 53 95 92 52 71 40 42 63 84 33 21 17 87 79 88 39 57 63 1 11 95 65 44 33 69 23 50 24 85 35 78 50 36 3 52 95 74 55 70 9 16 99 87 61 61 85 10 74 1 78 67 84 17 97 54 11 10 44 2 64 5 53 76 95 5 53 78 83 41 84 3 30 86 88 69 25 64 94 5 83 12 7 89 8 76 60 12 75 6 32 98 68 60 72 8 1 62 30 89 90 87 46 27 73 73 82 3 98 33 37 28 27 61 13 19 75 66 28 26 92 51 30 51 51 10 86 17 97 26 96 28 84 43 90 74 53 61 37 80 72 51 49 50 94 54 26 63 69 23 24 48 63 22 98 90 37 44 35 25 2 66 89 54 2 4 91 1 
12 96 78 81 20 97 15 12 31 9 93 3 98 28 67 16 72 60 22 2 99 19 55 33 20 93 63 74 29 33 90 79 70 19 27 6 51 57 19 44 21 26 60 97 6 22 56 99 80 38 6 96 49 82 92 65 11 17 50 50 63 43 74 24 88 6 93 17 69 91 60 91 36 67 17 81 18 84 27 56 27 30 87 18 11 39 64 69 89 21 13 77 82 49 49 40 41 21 64 92 48 27 34 13 8 89 36 26 27 88 5 79 35 87 8 92 32 28 71 54 74 30 33 61 36 18 65 9 44 74 25 11 94 13 4 38 58 54 93 87 48 44 96 57 43 73 79 68 10 94 93 86 60 71 24 50 1 10 36 87 57 19 69 41 17 30 20 64 41 74 8 83 4 52 
41 97 1 15 7 23 20 85 49 3 63 47 55 31 55 75 66 71 89 41 68 70 18 73 21 16 99 80 8 29 85 97 73 11 81 7 64 60 96 39 19 93 39 19 73 75 40 65 35 81 22 78 2 36 8 91 50 39 65 86 74 41 46 38 63 30 66 41 39 95 38 48 24 83 72 34 34 78 55 22 52 71 92 79 55 29 6 18 46 60 86 80 40 65 41 33 80 81 5 38 81 83 90 44 7 6 27 56 46 77 9 96 9 96 27 30 17 84 95 10 59 30 51 82 17 53 32 37 5 15 77 3 76 39 78 75 37 62 68 71 83 54 97 72 93 45 56 99 77 6 88 75 77 74 60 86 69 2 17 21 35 86 17 48 60 54 49 75 75 32 22 80 2 42 
80 27 94 14 77 4 47 68 37 93 91 87 14 67 75 67 45 40 60 59 22 72 5 47 11 19 10 93 67 1 85 60 47 75 4 52 26 22 56 89 23 71 29 65 96 38 6 68 64 69 79 85 94 69 65 15 17 78 97 70 20 64 83 76 77 67 89 97 23 44 38 72 69 52 66 64 44 1 22 84 7 43 20 63 83 98 17 22 55 23 90 29 25 72 98 85 37 91 16 7 56 57 47 77 11 26 24 38 76 20 31 19 24 77 69 64 47 4 19 18 44 10 85 16 11 74 62 80 35 46 49 95 4 7 77 84 8 32 54 80 92 29 63 17 18 54 54 89 31 67 75 81 65 30 75 92 98 99 18 66 96 32 10 38 22 31 21 76 30 98 4 38 56 28 
91 2 59 59 91 18 7 69 77 33 80 27 81 12 10 11 92 75 33 69 60 94 89 28 18 12 91 61 70 28 19 24 32 51 98 62 87 84 76 97 45 27 13 59 71 37 85 50 91 2 13 43 11 82 72 37 32 62 97 15 9 78 4 51 99 58 93 51 45 62 29 30 19 27 5 96 35 66 19 29 32 71 33 11 41 80 93 94 64 40 63 16 87 35 18 62 34 95 23 95 86 4 32 32 52 67 7 73 9 12 36 16 77 89 10 8 46 56 63 46 36 31 88 39 27 22 16 77 14 31 31 14 90 2 80 55 35 13 94 84 10 8 65 40 69 47 22 24 18 18 56 89 39 39 18 95 68 99 91 83 98 98 41 99 69 88 24 19 67 56 50 68 84 50 
8 49 55 7 77 53 66 66 93 56 66 28 62 69 55 56 70 67 36 5 35 10 3 99 90 8 93 98 69 3 36 5 90 76 96 50 33 79 22 54 41 9 82 26 39 31 31 1 64 11 27 79 56 94 63 64 46 90 93 30 35 48 11 41 36 5 6 60 16 73 13 10 25 20 86 35 42 10 12 88 84 44 93 35 40 81 2 10 90 45 72 34 54 55 62 50 61 55 6 68 6 19 66 91 84 2 46 87 73 64 45 48 5 21 80 25 15 2 97 84 77 65 86 60 22 48 42 69 90 31 4 32 23 84 74 93 86 36 56 22 93 73 89 13 85 99 4 11 66 53 60 19 73 19 12 18 23 82 47 21 62 9 67 62 2 78 54 3 23 41 80 20 73 16 
2 47 89 58 66 22 99 89 19 76 43 41 92 55 44 45 24 17 11 88 97 27 27 8 73 28 93 1 35 55 24 49 76 60 42 36 9 53 20 21 95 86 88 90 93 62 43 57 47 6 44 76 25 84 56 16 19 87 94 4 9 85 68 2 49 11 46 52 71 28 88 13 47 7 29 69 69 46 86 76 8 61 47 18 89 60 27 72 19 9 26 18 31 38 64 35 1 93 11 8 5 99 46 18 53 67 6 46 82 5 97 77 29 37 35 34 69 8 12 97 71 49 59 72 25 17 71 24 11 1 35 8 53 74 90 47 70 38 34 38 77 67 78 65 24 12 79 17 36 68 5 24 38 74 46 76 57 68 61 63 87 78 59 71 99 97 48 21 1 51 59 42 39 99 
23 63 5 51 38 50 64 13 53 61 61 48 34 93 77 68 22 20 37 39 73 94 45 1 80 24 49 70 1 61 39 63 72 44 72 89 4 37 51 77 88 58 22 62 3 48 7 44 51 35 68 17 17 99 26 76 82 41 5 37 43 91 70 66 50 41 88 20 14 16 57 84 42 20 60 14 4 11 54 93 29 80 31 31 97 14 45 26 26 64 85 90 68 4 38 61 33 64 16 23 1 81 47 87 78 37 23 8 45 84 97 39 66 85 21 66 82 27 81 49 89 92 17 88 31 33 78 12 64 95 12 34 33 88 81 55 75 51 43 69 39 22 91 84 22 48 25 75 54 7 53 67 58 26 4 65 82 97 32 36 28 32 46 95 35 76 70 88 10 95 63 35 82 71 
92 12 3 73 31 11 12 8 94 9 54 97 81 73 3 72 75 19 80 8 79 44 24 17 2 45 4 83 88 32 60 47 23 34 53 57 41 15 74 38 60 87 67 40 76 42 68 90 7 57 17 42 18 98 44 77 61 12 29 9 20 18 74 48 16 52 28 99 25 30 10 6 37 97 47 49 87 23 91 22 48 12 74 26 77 12 9 85 49 6 52 67 72 52 59 87 99 63 57 72 29 24 89 92 5 80 80 46 49 39 17 15 57 25 42 25 86 58 21 28 39 54 19 62 79 8 42 75 74 21 51 34 50 60 6 84 56 87 31 61 95 11 36 98 44 68 24 27 53 77 32 75 75 48 8 89 31 58 22 21 52 47 97 48 85 41 10 10 90 8 42 13 12 85 
85 65 31 60 88 64 14 39 15 78 21 18 42 79 61 2 18 30 62 90 38 56 17 91 41 25 13 89 12 62 2 61 82 13 5 62 22 49 31 1 87 37 66 90 92 66 74 8 20 68 14 65 89 31 17 3 87 65 71 36 33 17 90 87 84 85 52 43 32 84 62 60 90 60 70 50 41 84 74 93 56 95 46 61 45 10 34 99 80 47 65 30 94 61 37 39 62 89 70 36 55 36 28 95 1 11 88 82 83 51 61 71 78 32 78 27 23 28 82 47 40 69 14 37 27 36 23 53 46 81 41 12 49 12 88 55 30 53 6 83 79 85 50 52 43 47 77 35 55 24 23 20 46 60 35 40 7 89 31 1 78 59 46 91 93 49 26 43 22 9 32 68 25 46 
91 61 70 95 82 19 73 13 72 27 11 8 12 6 93 16 81 6 22 76 93 51 75 86 93 69 54 12 88 75 37 61 82 11 22 45 2 18 68 67 77 82 65 17 98 56 20 15 39 22 34 99 68 35 88 61 24 6 64 54 59 79 45 1 78 50 7 35 17 54 1 91 32 82 69 96 59 4 78 86 8 52 88 17 81 8 23 49 72 34 54 37 95 32 66 81 28 19 28 11 67 82 56 41 18 11 41 18 81 66 44 19 82 69 30 70 49 60 22 8 88 51 66 44 92 30 4 22 65 48 31 61 4 89 48 33 35 77 94 8 47 73 89 18 44 26 10 64 15 92 62 3 24 63 4 38 32 52 53 65 24 94 87 93 7 67 57 89 70 99 3 67 63 57 
63 79 86 71 62 58 27 4 48 32 99 82 29 84 23 88 59 71 78 3 3 43 85 49 49 89 36 96 81 94 28 15 1 48 1 74 45 65 54 94 96 36 21 73 54 56 6 8 17 60 26 33 48 31 88 94 71 67 73 38 45 22 27 50 78 73 21 58 4 30 99 88 68 97 13 38 27 84 84 86 55 46 40 43 61 99 2 14 50 60 20 42 75 82 41 70 6 35 47 49 91 46 90 25 31 93 20 86 5 43 80 70 61 42 39 82 34 62 47 13 67 36 69 24 87 96 57 15 79 45 22 79 97 23 54 46 50 73 56 30 57 80 44 93 86 60 48 42 48 46 88 9 93 24 54 10 24 30 81 27 62 60 96 43 54 11 4 64 47 55 11 27 28 36 
48 72 33 25 87 48 76 42 47 95 41 34 42 66 52 55 62 41 27 91 72 44 52 47 37 64 24 1 81 76 8 61 75 89 74 57 73 4 89 28 77 63 96 37 54 90 31 23 69 4 2 88 10 71 46 15 11 82 55 22 87 1 76 44 16 82 52 9 76 58 45 34 84 51 94 97 10 17 83 55 35 65 50 85 69 87 72 64 23 22 98 4 13 77 32 5 93 80 88 51 14 84 42 73 36 36 42 32 36 50 32 76 58 14 92 41 53 68 35 63 10 81 34 39 88 83 88 52 71 37 80 93 44 45 86 91 50 69 75 16 69 40 23 98 14 85 90 21 19 59 47 48 41 13 49 76 73 94 62 67 64 94 22 64 16 29 49 4 17 90 85 15 25 3 
21 5 39 80 92 45 20 10 5 72 58 48 53 42 52 13 66 11 42 13 98 47 78 85 86 53 67 63 98 25 22 25 59 93 20 40 77 27 56 22 25 38 29 18 45 52 23 19 60 12 63 6 67 79 62 93 56 17 10 53 6 10 13 11 9 47 77 7 7 64 74 29 43 21 3 47 35 59 77 70 5 4 51 30 6 28 49 12 60 5 14 8 90 18 49 11 80 16 14 3 19 46 93 11 21 54 45 17 10 4 12 23 54 85 34 97 9 42 41 19 73 57 27 49 12 97 3 7 11 81 51 67 45 57 6 70 45 51 21 48 68 10 90 75 7 34 70 5 31 24 97 72 34 16 59 58 30 93 3 78 16 30 9 41 48 16 18 56 73 31 28 16 92 16 
78 80 66 28 73 17 7 52 34 29 85 25 8 59 46 83 6 17 33 3 98 11 45 4 29 47 84 14 51 29 65 59 62 65 40 44 47 5 52 84 70 56 63 62 33 17 72 95 84 17 47 64 15 80 10 66 91 59 67 97 13 11 21 34 36 70 73 1 15 40 6 42 18 99 3 65 91 12 51 70 30 65 99 12 56 23 8 36 70 22 8 53 43 67 96 62 94 74 12 61 38 37 58 59 86 24 63 81 1 35 14 45 44 25 63 97 64 61 7 8 19 46 73 41 2 19 75 33 89 9 11 59 46 9 16 61 40 66 16 27 7 74 52 44 85 21 68 11 75 25 36 65 46 24 28 70 73 37 82 96 69 66 82 17 67 40 11 61 59 78 71 4 97 96 
9 62 43 83 99 48 96 87 44 98 53 25 99 24 64 84 26 37 50 68 32 54 59 68 63 85 16 95 80 79 74 39 64 20 49 16 84 95 83 65 74 76 55 7 81 21 10 45 38 69 87 53 68 25 16 91 5 70 26 62 38 75 45 4 1 49 96 61 76 67 23 48 60 71 85 95 30 59 95 79 67 92 1 19 57 12 41 97 16 70 11 3 23 82 90 18 78 31 45 43 31 3 15 2 59 77 85 45 66 29 22 30 79 8 26 36 67 64 21 56 75 59 95 25 50 26 95 51 57 72 93 15 10 14 35 73 53 90 98 15 16 91 49 81 26 57 39 82 76 10 4 60 85 63 22 66 31 91 59 5 20 99 62 77 28 66 29 1 14 34 78 20 83 13 
53 89 69 53 36 72 21 58 77 97 16 14 78 32 49 72 97 62 73 44 18 22 94 43 86 56 66 31 95 96 95 97 87 30 69 95 94 50 22 71 18 17 50 89 85 28 9 18 2 99 65 90 27 27 32 25 91 99 47 94 97 16 70 31 13 27 83 37 13 60 36 1 57 82 21 38 45 48 78 89 1 2 93 24 61 29 4 26 57 72 40 8 75 81 47 53 67 78 40 56 68 37 67 69 40 17 13 33 34 74 91 62 16 77 34 13 75 59 78 98 55 20 46 45 82 11 14 61 42 21 83 66 18 42 24 75 3 21 62 31 21 4 53 11 8 19 47 1 44 93 42 73 4 83 47 10 86 78 82 59 85 30 26 60 80 94 29 95 69 54 55 33 96 87 
44 32 30 55 49 73 75 49 33 63 56 39 26 66 65 48 29 50 63 97 48 19 37 68 57 15 17 89 70 25 91 99 39 7 88 35 35 66 56 3 82 95 79 83 60 38 88 49 64 88 72 41 29 89 3 70 12 49 58 83 9 46 33 99 99 11 87 25 53 12 62 75 42 84 96 77 67 12 92 27 79 25 7 46 13 37 66 17 73 51 13 23 85 52 46 28 29 84 80 95 1 33 58 59 8 27 34 27 10 51 53 51 52 86 65 6 12 67 93 56 27 30 89 4 83 70 12 10 13 72 28 6 54 37 88 42 4 47 28 10 59 97 28 3 8 20 93 66 89 86 23 37 31 98 69 69 50 14 15 74 78 63 33 90 29 87 2 41 38 64 50 90 30 83 
21 29 11 72 39 58 7 87 55 95 99 43 75 30 27 98 17 39 84 22 39 36 73 73 72 22 3 77 55 27 15 21 84 56 88 90 88 19 38 94 10 83 65 69 35 24 85 61 23 99 47 53 33 3 9 11 70 15 77 13 65 65 94 15 48 80 1 10 35 37 49 22 8 23 1 32 19 97 18 40 61 43 97 37 18 75 87 97 74 62 61 17 90 4 62 88 83 4 18 44 23 19 50 77 39 78 80 27 13 59 91 84 7 55 85 78 73 63 76 30 53 12 30 4 25 50 48 65 11 45 59 92 3 82 76 93 43 35 83 19 24 34 53 72 5 95 82 17 8 88 16 43 35 81 38 28 86 61 8 92 82 57 47 25 2 25 49 70 52 79 29 90 31 50 
39 11 66 19 70 29 69 66 38 41 41 30 78 68 94 40 25 96 63 22 79 56 42 41 92 10 31 77 39 90 74 74 35 56 13 64 1 11 68 10 35 18 15 38 15 68 92 74 42 90 96 42 9 96 17 69 90 11 83 28 48 37 60 81 38 79 77 53 35 59 82 94 92 78 83 89 81 28 2 4 40 60 16 38 34 50 40 20 51 57 48 56 17 54 44 18 60 19 90 3 33 12 28 59 42 25 87 27 79 56 44 93 20 72 79 54 45 20 2 39 13 5 96 76 39 56 57 79 58 53 65 7 84 87 84 94 19 92 18 59 48 71 32 79 70 13 82 75 6 98 89 11 44 12 77 84 79 35 34 27 20 12 31 54 81 94 8 27 81 1 57 81 33 17 
55 45 42 26 84 77 82 59 4 1 42 17 87 5 92 73 18 32 64 20 15 93 86 52 2 91 61 59 26 23 14 73 66 61 23 18 91 94 32 53 66 34 21 11 72 86 95 76 16 32 59 56 8 1 56 49 39 45 47 13 15 37 37 4 20 84 79 31 3 44 13 65 56 59 95 98 85 83 55 1 96 88 57 57 25 93 38 42 86 19 6 66 35 58 63 40 6 86 73 91 3 1 27 92 3 62 21 25 28 10 64 30 77 82 93 63 88 7 37 85 52 72 90 6 43 16 64 29 69 33 99 5 9 33 98 46 45 54 41 6 12 19 28 47 44 12 18 98 35 24 8 65 59 81 67 64 7 55 97 23 48 22 69 29 27 59 67 9 30 17 21 80 34 72 
42 15 21 55 57 72 78 45 85 40 60 16 94 11 2 56 12 37 1 94 94 49 54 78 31 77 6 50 21 73 84 59 7 23 65 6 51 13 74 32 22 16 44 70 1 16 6 71 5 9 93 47 37 81 3 43 58 9 86 6 87 11 69 91 80 52 81 54 55 27 57 45 41 35 45 74 29 40 4 36 45 86 4 21 69 5 85 3 55 65 49 14 94 6 26 51 54 72 9 63 98 55 62 98 74 80 90 96 74 17 17 26 86 89 84 54 13 23 74 48 18 49 49 48 63 94 83 19 80 96 73 82 80 44 22 9 70 68 27 76 21 36 5 27 57 64 20 44 17 30 80 70 32 56 50 15 48 51 11 87 8 23 70 74 94 63 13 80 9 35 42 66 26 39 
22 24 18 56 35 22 10 68 9 88 36 15 38 56 60 63 27 88 10 61 83 22 53 16 20 87 82 35 80 90 38 30 20 34 63 19 70 90 10 40 2 29 15 27 59 17 5 28 73 21 23 34 77 26 6 39 98 71 56 15 29 59 17 79 56 65 29 13 33 8 39 31 42 44 33 12 66 27 57 78 36 53 73 98 82 49 61 2 84 85 15 64 16 11 63 71 64 9 8 19 89 41 75 17 2 14 84 46 73 33 73 44 96 6 22 92 69 73 32 33 69 22 43 18 61 46 71 69 50 37 9 2 52 46 34 43 3 3 75 20 41 17 78 52 52 8 90 96 98 71 12 94 64 87 37 42 71 64 30 1 78 2 98 78 69 77 7 67 88 30 73 68 56 53 
52 71 94 67 1 99 68 9 35 38 88 52 17 68 97 16 63 73 77 3 4 70 48 99 17 15 83 8 67 28 65 34 62 55 90 53 7 20 95 94 60 53 95 59 74 8 70 24 52 8 5 11 71 83 85 69 45 49 68 61 16 61 65 13 25 48 2 88 31 80 5 92 33 97 77 39 6 32 50 33 23 20 60 37 76 84 34 26 86 36 36 41 23 4 11 34 5 34 39 1 69 66 87 35 6 15 91 98 86 91 34 30 40 71 56 11 98 61 57 97 43 29 50 94 85 27 91 81 32 53 67 90 89 24 84 18 8 39 56 23 33 78 89 92 8 62 38 17 13 78 47 52 37 50 30 34 61 64 92 87 79 47 15 35 96 5 83 35 14 73 10 60 73 55 
62 22 94 29 26 57 46 70 63 88 83 99 16 11 9 50 20 29 62 84 29 52 30 37 61 77 78 18 74 56 68 2 85 78 38 17 76 4 96 88 10 66 23 64 93 63 82 77 90 96 60 85 99 39 9 86 19 59 86 83 85 7 18 49 38 55 70 30 79 8 94 86 75 53 47 27 21 84 46 44 40 78 69 69 11 22 98 56 65 92 60 84 46 16 70 58 28 22 94 67 44 26 9 87 26 32 11 31 48 13 86 66 11 65 31 57 84 61 80 20 16 66 17 19 74 26 41 10 88 85 90 53 24 54 83 17 32 42 95 74 99 77 94 57 99 7 10 36 5 38 58 97 46 76 36 31 91 82 1 7 7 20 86 48 14 58 97 22 30 31 51 14 28 53 
13 56 87 59 6 64 84 75 32 45 78 17 38 91 73 98 98 57 91 72 6 25 84 55 77 25 22 28 92 50 6 88 28 71 23 4 56 16 69 40 61 17 73 18 36 71 92 45 94 72 9 66 2 35 19 16 11 66 24 7 69 85 60 77 67 13 56 76 1 3 12 13 22 81 86 37 46 11 60 92 94 49 47 36 13 13 38 2 33 93 66 45 38 72 62 86 43 55 90 24 92 10 90 44 64 78 53 77 27 44 90 73 54 9 64 97 10 38 74 58 9 37 58 74 40 50 51 24 8 68 44 30 26 39 70 42 43 22 73 11 50 90 43 70 24 18 78 57 18 20 65 5 19 70 60 79 33 35 70 94 10 74 12 73 86 98 17 55 66 5 76 83 91 19 
52 76 71 39 17 36 25 75 50 59 21 38 84 9 13 65 70 32 93 83 79 16 73 91 37 37 94 12 13 8 98 28 13 42 87 99 5 71 47 34 32 84 89 29 36 80 65 34 80 41 87 6 23 7 1 97 71 13 30 76 31 95 45 13 9 66 21 98 10 56 36 67 35 89 16 19 60 23 36 79 25 73 19 47 45 60 41 50 68 71 82 72 25 86 14 20 36 49 67 83 54 60 89 42 14 71 63 32 28 35 89 21 25 63 59 39 95 20 29 98 48 25 80 10 70 17 95 60 89 66 60 54 48 18 46 38 86 28 40 56 70 51 16 25 95 62 78 53 84 8 23 17 45 7 15 7 34 75 74 63 23 25 28 44 37 9 40 44 37 77 34 52 61 39 
61 25 12 45 97 76 88 29 36 97 75 13 58 77 21 73 28 96 24 35 48 47 55 38 88 68 59 27 77 80 63 73 32 44 68 59 56 37 7 45 27 55 20 98 46 24 87 91 72 65 52 77 1 67 10 37 62 82 91 98 34 94 30 4 36 90 38 86 69 35 50 66 41 13 12 42 30 21 62 75 24 48 53 82 47 37 73 36 5 11 2 84 95 99 64 36 99 52 49 10 8 40 37 37 20 97 45 40 13 64 2 69 12 32 50 58 55 20 8 52 59 63 40 66 45 54 17 48 72 16 50 17 97 65 3 47 69 75 46 63 77 40 4 76 3 16 91 77 11 60 37 8 59 96 77 98 49 63 56 5 79 74 56 96 57 73 18 61 66 7 92 9 10 28 
12 20 27 13 35 93 6 47 94 61 75 38 50 88 49 34 39 76 11 18 41 47 95 54 54 78 63 21 61 47 64 81 79 51 65 66 18 21 90 18 73 45 74 60 10 74 26 84 85 22 53 60 87 70 96 35 15 48 77 12 58 3 58 36 86 39 33 43 77 41 97 35 72 35 12 16 48 98 39 31 76 47 37 19 52 68 66 74 37 32 79 34 70 17 42 28 54 89 26 47 69 84 74 42 79 10 57 81 15 66 27 65 11 94 15 45 23 73 33 29 86 19 6 37 1 40 6 71 78 83 29 99 21 76 77 47 57 93 54 88 23 47 46 93 96 14 14 25 14 76 26 98 48 59 55 6 8 99 28 57 73 36 37 6 48 2 37 36 7 8 74 55 30 29 
44 58 30 68 42 72 9 18 28 50 65 17 62 58 62 71 23 86 73 62 75 86 3 94 84 58 88 55 33 92 12 20 42 52 49 54 25 48 13 92 31 89 1 31 2 50 58 51 24 69 80 57 57 49 55 68 98 18 78 1 47 85 71 56 12 88 45 55 7 47 48 49 25 77 68 75 27 99 60 51 70 53 93 25 18 40 43 6 67 74 65 8 20 42 9 69 94 44 9 70 98 50 1 93 25 77 23 76 11 32 75 26 37 56 1 78 51 98 37 35 81 27 34 79 34 42 50 98 98 12 56 91 68 46 76 73 17 20 70 9 50 34 63 6 12 46 66 49 19 2 17 67 37 3 95 34 16 47 89 68 18 76 36 23 83 56 20 1 71 35 51 32 99 80 
51 38 27 85 22 23 62 61 31 67 53 88 58 43 6 12 18 98 78 99 58 22 18 96 77 29 42 79 73 60 35 31 54 53 84 68 67 25 69 24 46 70 70 68 48 78 65 63 1 42 99 59 70 66 3 30 88 60 83 4 5 58 58 8 26 74 82 90 58 44 33 60 61 61 72 53 14 18 64 1 39 81 74 58 14 5 13 53 30 53 48 77 48 90 86 15 75 71 76 28 9 38 11 26 16 3 83 56 38 5 75 42 16 84 36 23 99 39 10 91 77 14 2 29 78 86 76 23 30 14 80 78 95 69 44 82 68 14 99 23 3 98 85 16 48 13 39 77 26 76 45 23 20 3 27 43 43 37 81 67 59 97 42 59 23 78 65 12 89 78 56 53 41 75 
82 48 65 40 70 95 9 91 11 51 19 23 47 7 50 63 72 64 42 50 11 75 34 28 24 84 20 32 80 67 89 88 54 62 62 98 77 53 79 77 19 91 28 11 42 43 66 30 38 81 65 96 54 43 24 87 46 35 3 85 55 56 45 2 79 10 5 87 29 55 72 36 87 51 80 97 87 14 28 88 63 29 98 21 35 39 84 98 68 96 73 88 4 15 19 29 23 2 78 91 34 49 77 95 64 70 16 12 75 48 75 43 41 26 15 60 49 80 41 7 64 24 34 77 1 75 71 71 46 56 71 29 63 99 45 35 60 16 22 63 34 22 78 33 62 99 56 82 84 72 57 38 76 41 6 26 57 51 97 49 98 2 42 46 8 82 54 84 89 65 3 83 71 90 
31 14 1 21 24 16 45 84 82 92 6 11 95 85 80 5 39 34 1 32 38 82 99 47 53 19 20 53 50 76 79 12 77 90 45 78 1 3 54 39 57 44 67 28 45 52 38 55 84 2 46 25 44 33 35 54 24 23 4 39 79 71 43 4 78 29 45 51 66 81 67 62 72 69 89 60 37 98 88 80 66 56 18 85 33 54 35 82 66 39 66 41 36 62 67 3 42 26 71 58 14 44 97 42 65 44 60 50 24 22 79 66 73 79 61 44 97 14 56 66 42 38 84 21 52 63 54 74 6 9 28 7 78 54 43 19 61 64 7 71 2 11 80 46 47 54 92 35 89 72 28 7 12 84 26 21 76 64 18 86 66 10 31 24 82 60 63 23 17 78 58 10 86 7 
49 82 78 90 71 84 47 36 11 88 22 80 60 5 78 61 29 40 48 61 68 47 14 30 62 11 13 44 54 18 67 93 85 50 44 14 42 76 74 78 89 71 23 51 14 63 94 49 65 94 52 89 77 1 85 67 58 36 7 1 58 18 83 15 4 34 39 45 7 49 33 98 52 63 75 87 24 16 10 12 76 60 79 15 81 10 80 47 77 98 69 58 66 45 57 79 80 12 68 71 97 73 17 46 78 99 80 14 46 98 14 12 59 91 57 75 70 28 62 31 65 48 77 81 77 28 21 51 14 84 80 61 98 5 80 64 98 72 35 81 88 99 36 29 65 50 96 93 84 51 67 3 20 36 70 47 72 13 13 43 72 34 2 23 66 18 77 32 39 37 33 68 23 50 
65 25 58 63 31 4 4 97 12 83 2 88 78 36 44 9 87 26 3 17 23 24 74 42 9 45 40 66 15 89 98 27 92 54 44 21 97 89 1 3 14 56 20 62 23 38 4 2 81 21 10 65 26 40 47 60 49 82 73 1 54 51 94 60 55 52 44 86 65 16 61 29 69 84 21 21 71 80 68 46 45 19 88 11 54 95 28 91 4 78 13 66 49 93 10 60 24 83 71 90 91 70 35 67 83 68 58 12 75 13 78 60 34 37 33 28 55 75 5 67 34 33 43 81 83 77 85 80 80 45 54 72 75 94 12 94 14 16 86 21 53 67 23 86 73 82 27 43 31 90 98 85 98 25 7 86 6 34 66 64 39 82 45 54 51 50 15 41 82 21 39 34 40 17 
76 85 13 79 92 51 96 14 53 75 12 49 21 30 24 25 56 17 56 88 12 67 43 93 14 7 44 45 98 59 64 10 79 88 3 29 42 78 59 73 15 75 75 47 32 51 59 91 99 55 87 86 77 90 28 77 92 16 33 98 28 99 71 11 29 75 33 76 29 9 83 68 74 73 85 99 37 50 30 59 78 60 13 42 95 20 17 63 82 41 74 78 11 17 45 57 21 54 58 27 45 25 71 30 8 89 41 96 22 81 60 67 32 35 65 50 90 47 49 49 31 81 39 85 38 40 4 9 22 31 90 17 52 60 91 2 29 12 2 20 98 45 16 31 66 64 37 76 29 2 95 20 98 90 98 75 5 50 13 59 88 67 9 45 26 60 39 65 43 43 17 12 24 64 
96 1 11 61 99 83 83 9 67 62 69 14 33 35 1 64 14 26 81 92 11 77 36 85 88 81 63 1 79 46 52 91 5 48 20 28 14 99 81 70 28 47 59 80 6 69 75 75 92 89 44 10 87 17 23 88 38 11 95 99 39 96 54 43 65 17 69 5 39 82 52 5 81 17 61 3 68 58 46 52 63 83 21 37 59 8 9 41 90 78 64 32 83 47 70 33 50 61 28 53 74 30 19 87 64 58 11 23 44 59 46 70 4 18 80 51 7 47 3 82 53 74 56 5 32 8 25 43 78 37 44 83 29 69 40 94 98 12 13 53 23 32 52 22 95 88 97 39 51 84 35 50 58 34 58 17 21 61 60 26 96 68 77 10 89 84 44 45 20 28 99 55 33 85 
