12279263016940464591912424309781587797910299606426.7661258122909414846501906262179950762197250482009999325725622475147247314453125000000000000000000000 36148177426301417548136986039773990511066303466746.3310043170604277480833978868029628356105116370348407162876799702644348144531250000000000000000000000
31665053708542198913092909297669630063888795519981.4460145745799305422868572251340885660699865393755088483037427067756652832031250000000000000000000000 65535420946733598935554390331070109618759822559236.1035670591315570909921050155763456857632111814831644527606107294559478759765625000000000000000000000
45902087242832981907535662738942327079629207197601.3381865358218781929208602990117864559797665742205759775473177433013916015625000000000000000000000000 13952991123721034280431717725358910392285834039084.6895870013998259422967990485036216201630331553396763812027312815189361572265625000000000000000000000
35345736466604230170812334270668265625490344442703.0726414159299685486229021390120136768132812708100641565170884132385253906250000000000000000000000000 41838464742013081341923422275536383615882883681723.7627906709452404365339387925354005354131252135089231409952975809574127197265625000000000000000000000
16305178586565349510025006669594467449200929664258.7059767132113862859699567358343701903861687636729332229208946228027343750000000000000000000000000000 54576756703433460558437934717854363732796673386757.1178607345275500853702107759732963773364428668947697985111735761165618896484375000000000000000000000
28834581834061189095500526515370018036190957557736.0881207160953968336073014417159947184115759702304350542747229337692260742187500000000000000000000000 47942223251274981110434044984030232520859565685959.4823597013812817250930132468987399562158695318240277831493504345417022705078125000000000000000000000
14763440385298841378128184788307602649957895141518.2940299388401537053644473969277259670937860245033491808745823800563812255859375000000000000000000000 10163036205756451935615370818947276275012729790531.1384455357128091487859342426578956714452126755648611262395605444908142089843750000000000000000000000
35605263113364615997799124950560666990233692210805.4972793328441742224440330786795051230998062370576076015771552920341491699218750000000000000000000000 25309098531349487488790748279623836362628978840966.9798656721684252771568720284204516397169026630451537163763679563999176025390625000000000000000000000
44166246183689485963020334104428785892778190332235.8987097010548969025911686644310447629265146449664330716647394001483917236328125000000000000000000000 72720817412102504020239890249651147929163912763041.0693816407587857656476376083462799188445643902280330236676707863807678222656250000000000000000000000
13444259969803014439531251750905362879719088910869.4471742975026734292432009556650047151010760429379167399226501584053039550781250000000000000000000000 14357017682158327178481350740834776169200650089587.7748632878495401295023131534322632136581960302010096295947395265102386474609375000000000000000000000
22652618666283891036456630776023290427166239491574.7822621711048342204817736408202961806307214976977162996851839125156402587890625000000000000000000000 44240361837206263148829573496642132675927896784363.6153693849945832988384161449064110069552012740928954454541206359863281250000000000000000000000000000
44193231593573334608745988793060535557903702854446.6453290215464393008760281506236783892701215647647040487875789403915405273437500000000000000000000000 44155376568031266317476959854865217750662145853368.0015848565989103117957456814808673319898058004682376208983920514583587646484375000000000000000000000
37107659159859561599887805851835476693070982262256.1978894743278523323681534510973809786768787338350876102093793451786041259765625000000000000000000000 26541337595137429138110291919340569008167524964608.3075872404192638889682034972210749447998953419312357367900013923645019531250000000000000000000000000
55355519087217350706685683997014541175885763326142.4023668178919260440674657916406258655603696695564489948144927620887756347656250000000000000000000000 38831626254409371787478390758482890827712734620548.0664541560976044739588512307009544484609843929880062131675891578197479248046875000000000000000000000
42171303403039874651945416904638352469220512297180.6807252366407424212917706479514949969965705244880120977056957781314849853515625000000000000000000000 2788313234490955189915843747851962775910034108909.7088051485617521184030592240600697995684902806919290652870759367942810058593750000000000000000000000
42714534208514922859655756499839490546968956746561.5894665968330747734289682017053695601596757769359047644802182912826538085937500000000000000000000000 56540179767328555373498161066083003435640239501194.8856054282451625264899539781400969240050799967794760817462019622325897216796875000000000000000000000
32449580055305920804391885890754586574800753303291.2422698055206107948296732398613252143474148171087261365079320967197418212890625000000000000000000000 22158962279744036771109035024920360115539292636143.5774080365203569416705443514671538548380262477671554562549293041229248046875000000000000000000000000
54613692379645643813471847315248563743414243095877.0428921200531881075277245452887779164995437918576326114947535097599029541015625000000000000000000000 27723992706644002940234763666146860338043075644601.0006726418682105623647609785403533182297775398742199183798581361770629882812500000000000000000000000
19482638208815195545503607121967957514627701017261.0565657525960901607519360973495027638136980667588007493776828050613403320312500000000000000000000000 22670963007531531392977703877511532924292414796981.4204957783235268189215739448078099105348466785873543606141768395900726318359375000000000000000000000
55130692365057280163291719535818331356005046805705.3190276806773998484474408008108816549779830466199857095970213413238525390625000000000000000000000000 61075589740754451841529961888461686077293259325733.5617231952235128259884664528810884671797603493053367259630747139453887939453125000000000000000000000
47309305999809407428864282943462200125625819996033.9034857125277688688379565960736724763892702843431979026872850954532623291015625000000000000000000000 13201310865981795217010111507895050456617299692519.9147944587321450055716005111978896567690410268872836931082606315612792968750000000000000000000000000
26643866113386918658852168270811322511835723495011.8597248824156309179806483129441740392574551833857430848821066319942474365234375000000000000000000000 44898527901305701575255950311289783494235527612029.8304658721006941899113783134305188026820370850815044909205660223960876464843750000000000000000000000
34327827692517985098581382631203515436714951072509.6859476552698912528987356395976891840606079991204799505463428795337677001953125000000000000000000000 35674153983762648928364148583428153549476237448164.2588227341435802442576401883717539165446695945972678276464343070983886718750000000000000000000000000
18208302653721416938177815697312334787594779770382.4527294880080232623728110272888954176440385999967051240350864827632904052734375000000000000000000000 68417071243836970912374727063349148232763540597981.7961680887030797922523385475156633332729572873616673768808692693710327148437500000000000000000000000
36529015175388393213457562126421345398275017825521.2434953447964869544314919949707590525978230079163230453123711049556732177734375000000000000000000000 57999890001622119885273780905461157528837737735805.7054831192747380484023971958109536369587797950561089484031870961189270019531250000000000000000000000
43808107768484387195297223677059691099732718603547.8749018062989663062050190305798116190467233437769984550212882459163665771484375000000000000000000000 62469903840145886154481455500018762130956683607276.0965891950303108397867562538152903167942637744860925372146815061569213867187500000000000000000000000
29721891697891143732980138872430051391178812080190.3017371763904988882249687887653142837922318482264354023282602429389953613281250000000000000000000000 3416906640438036080548422428276053598562903922026.3529589767763310872429094868347309373596015459827756654818542301654815673828125000000000000000000000
34623245713829519567289814912646212721079730052177.4077749261492081242639290034906456583899906429282730625521950423717498779296875000000000000000000000 2734309812134815842244053715108458635013275960174.3149899758616557526746764048036995923877664080057445542870461940765380859375000000000000000000000000
56059243775530086766638725346167485784750507457022.4695331796948821662490114075092086779860292197752122591194510459899902343750000000000000000000000000 28917938720381321083126633132547406972597503260767.7748952585539026967788508390973426126921935411456244637961871922016143798828125000000000000000000000
49186879389293981430904776842343618785234845418224.9167136373705489066949195733529630680168151257845537517054751515388488769531250000000000000000000000 41775095643937882022486055373027926102523474656243.3944278958957670519586755337177226686414030852320277280802838504314422607421875000000000000000000000
30170697911553600849859952189692524590008046905835.8288797761556033148552765711538638741234251717118203528209030628204345703125000000000000000000000000 58419447108713052908226441164982439901947321774088.2732081941077601877982972313539041936358235887288895056997053325176239013671875000000000000000000000
21776297621326147312576525065125592803217891110636.1647534993560423063958939668436242235536705226839170005310885608196258544921875000000000000000000000 8173966402991775493078913124842888004874589666950.0372629968037163957063794632135035696564442033014705433287471532821655273437500000000000000000000000
37535170206925832611076792455102486274097287510798.5676529131658152626892375747451074667761682565227398763904161751270294189453125000000000000000000000 56693031836311056976633200608775110957187026196546.5624669420433959969517725040030662325209790385744859657479450106620788574218750000000000000000000000
23892505293044177243904858885443740787722988144311.8016935352163754398299526010128752420965017821446629666266031563282012939453125000000000000000000000 44638991357330967266916513718126666383403296580117.8288672223438242897385101345342996737814108587888909839886426925659179687500000000000000000000000000
37619183584206535556660390128273454221296597352258.1497419480778063164418284065555173085700760249862897869855351746082305908203125000000000000000000000 22517248716522553267297452714000012464061150825042.4801727739378980998172347543715642519316555116894761453054100275039672851562500000000000000000000000
53677925026629175320397207855847273144159158133512.7371040787767791122786709020924942958163171699600012460473366081714630126953125000000000000000000000 36540986947747405139043747820727486882421481645536.5161370929447508106464773905612361393474993772864750184997916221618652343750000000000000000000000000
20017055836007460769899015241163509457463507375502.1987439497148308356774673308398679497847518743672465563779138028621673583984375000000000000000000000 57595027419666919974141822510176596964650194224681.8839943409387986234854315889733148532371810716817987089531868696212768554687500000000000000000000000
55264445648518974452678625808805210059076740578636.5021267829929698779072534411847204272633762980603477427761256694793701171875000000000000000000000000 43497657042955668196784666303666918535305895222286.8175990806882971625923401299234732165580091926895543081209994852542877197265625000000000000000000000
50030867835995204712380082501430295601610066755362.4468399953892737192121373581280018734832129726793987196308746933937072753906250000000000000000000000 70570466315770356135492872113439479799367436822522.4074569726094594695399338222663448186419501960198154501860775053501129150390625000000000000000000000
44970339250446520573196217660827075982102883584257.2170914036130271802659203311232869416158538754793018712506629526615142822265625000000000000000000000 33250712908915505591173814931616814872526148599561.3692417298357062540513684351788913217588352619354559157886728644371032714843750000000000000000000000
40446140710442040933894392960310136919179766254127.4894555558112066419606971088716928678957766206258578587715327739715576171875000000000000000000000000 11269550810128365131665751034978493474848221575472.0754930869405294699739431824715207342673386892782255699037574231624603271484375000000000000000000000
54845122726985198878202543114763069383864409061965.8363108132165174473340771985685763606758755545716514435945637524127960205078125000000000000000000000 49570209125961361853274279459352144946867306855171.4752809498959544583557951735010683714355194946317282033623754978179931640625000000000000000000000000
56341758958597502909571620356939797059519024990353.3919862319182431818100558560150559231774154867376594891986809670925140380859375000000000000000000000 55722403728961110377985238840028497939124956949611.2897682123740138452858827745022105336544685976333859350402653217315673828125000000000000000000000000
36383492430272751543781202798044426491403150478094.0815106509694659309466169373583767058215879674388588330911472439765930175781250000000000000000000000 21037573035489975085680610037703733815825980339274.0192873227250100808525004896312977950170682621998177305321209132671356201171875000000000000000000000
17539692335859838818459648185066803591064653559193.7620925936913110968713682529610315503880076574763308604567125439643859863281250000000000000000000000 8144073977487600111229775704505173683377526731964.5753978370984593956090511665006051660857127705593121284619532525539398193359375000000000000000000000
19117090345971195094547822726525894427173041753484.2220445168412021672913231394327622276197906516810694453587569296360015869140625000000000000000000000 51535424022295341284987797546930513327655606216075.4483724381141447026554964954453174572541656306172805410742387175559997558593750000000000000000000000
35724744759283070007278751432958832711754673735970.9614863926973807972039193576872715611837428161546620340961962938308715820312500000000000000000000000 11512394683273496824510964876595754656446149033022.7234227809280250164057491569037811671582676610261284000512026250362396240234375000000000000000000000
39038188322452034232300894434598459194344681525810.0319420571428301877210779539803673737160170096624175973802059888839721679687500000000000000000000000 17177526263830352547338096066758275215010033039762.8199629402791186810962663756249925662329646122104067269169725477695465087890625000000000000000000000
44740429726529425532786068151984759031104794435025.3304770850526169750081325705048937273622289688084753406071476638317108154296875000000000000000000000 76345437253940292825288412354897046891667259670769.7434525781778626580629183046370008666787112837155012401932105422019958496093750000000000000000000000
44598795276727308559226408426948592429593462273963.5876979484575784072094390716492766899347463122140508770130574703216552734375000000000000000000000000 39557345609497099855781321456617473697074128414837.5685479441489413843091671484466139314034103289546009464333020150661468505859375000000000000000000000
36022338057315857829751441020099797395698935351903.8666464974007887706263025582412512782932781364859052888348512351512908935546875000000000000000000000 60933412836277676191480429828720260862939751808520.4464050688548040874114686804156468252999924546524399006570875644683837890625000000000000000000000000
38029808600895233989458240806757168627807989968041.7688903490658151179000426446309803013532929406310611234885454177856445312500000000000000000000000000 50923767661043908600894919388368921635461084094030.1537268368870759117415146822086411788415165553957421747646294534206390380859375000000000000000000000
48460272923596635806066892594429440733347812022179.9502718099657052373175672865029620331192836019546939138961583375930786132812500000000000000000000000 62663000165878360396596685588191986429187133437031.5730611969930528239897785805737070642342908492517982705388404428958892822265625000000000000000000000
26627099941186051586253736898652062880029566270299.9712740136235295891274198465609877003048000417416150368434004485607147216796875000000000000000000000 46535210880327175391429717500361461356539959771085.4483887477768303575106729090476753173768891561706609717489778995513916015625000000000000000000000000
46360116059248255508392068620894553968489148071685.7494002616960811898133763715228302939951708205863207884838432073593139648437500000000000000000000000 4328935088197862557477457470515448567774618140187.5429751449442403443346770205499298221232750118366987756107561290264129638671875000000000000000000000
15240751085700369197756673335473299659937269318500.3727796337863083307661082806593624697005693720575379872630909085273742675781250000000000000000000000 29610439239886530136138573103791731123573855403366.2761669934783714135645041372925033640642226370163294726312346756458282470703125000000000000000000000
39091612466674247759626644249438306431803860410396.6565849252281674228624870654376761573066965444165602517627552151679992675781250000000000000000000000 23549285764091255470430445547411490194717403283406.9783126675011585126463102527946556763138774977165736733512394130229949951171875000000000000000000000
25440009858820469323887005986081367152001634244106.9903872820448528986163709455569855484296311550731918067632801830768585205078125000000000000000000000 17280452562768289120091461844241765984279966275924.8108312125549170427454446444673969045778589198880975911235436797142028808593750000000000000000000000
20501206239260138357246465587310751407955987673123.2497836222392205926554235539185631153983074763034562090039253234863281250000000000000000000000000000 61632148964690603073179613024973987246459945565263.0791502863063627670545142088573626118872161605365879351540468633174896240234375000000000000000000000
30907322978022466554521789291672109498986118258769.3323081402067610532838218737427076304775174888115719389738515019416809082031250000000000000000000000 52061805402531179312250978381871665203556110692228.6154050003084354689807346881272963512401169069242793452409096062183380126953125000000000000000000000
18737474320667177553846508345678362667465593812615.0302651285363711373620876501758508321437436457748532832805812358856201171875000000000000000000000000 7067509580885985048455009784818643616763901642779.7186479593780210430718952877205386538607623107335886667693592607975006103515625000000000000000000000
19774638780231107335386656409345864825948670669739.5572458595672300506643297981464888296269397420629901444542780518531799316406250000000000000000000000 77788911399189713339264665765232805283289671957058.0762174741356767389607657804985862418644146033501408431835658848285675048828125000000000000000000000
55480984472493080677488527926260732679850402818062.6902451810923631154835488231697524158638798217846855402123928070068359375000000000000000000000000000 70947072932949721107253256703964156794269078819881.0399923517768364382677718569234337204346927413099855197136662900447845458984375000000000000000000000
27272111370264564734844614237359647677950229087062.2084364612235506304476239252024143415642985953264780968786403536796569824218750000000000000000000000 61687780915448877095186037228100410254834863107606.6584601616030772011591907006171745950852782485799624797452799975872039794921875000000000000000000000
56070421441984902894283203646282081523883043521963.4495608338787928022422559614535352302866397831762133856473304331302642822265625000000000000000000000 18302496989753136006951197345923465691328499344900.9115064931838569806966373801270557743655359202636122832393646240234375000000000000000000000000000000
15194946996016502243623577437275916078513955656244.5862351129254451916839240397965163246387783524448740721468441188335418701171875000000000000000000000 67104580253636193638605477803575306228967664460275.0361324740607344461166712764285105634184967514056846221268549561500549316406250000000000000000000000
29583393282338431957432025769268543952963409973143.9999055426552361011278403640535356793755256557658651758217439055442810058593750000000000000000000000 13934192966086062087770204071251672361260570254880.0960068500130883767288118045870944433358531388540316597377322614192962646484375000000000000000000000
44745146258581921304450290835722687117624009220043.6569627928901991373790311856009954766454404745513854874960333108901977539062500000000000000000000000 24965953085956909494853052145338560986671064292989.7252055841137391031060863679584436982074775163073682685829885303974151611328125000000000000000000000
44195294580575913648340153126871197102960046696166.4077029526041267171925521039764162329799930335709254748418927192687988281250000000000000000000000000 73121856831147428432392046779663269369972910213605.1435755669670404009431630469397363045381506395747278187207691371440887451171875000000000000000000000
53766631138983756733216239877171433523678676677154.3834276477061229018064391929122856500198253262639766694718040525913238525390625000000000000000000000 38140141145432135972065483345078984361870119095118.8838081958326500975098868954354801346959764839471730668179318308830261230468750000000000000000000000
54596703083480126418614501457148021188751349938516.8973706123227888522448903768814807327319293612562633156684599816799163818359375000000000000000000000 27919795265538072594562078877835573237797804380876.6127238513320892034946415052891842816299778300518402901505306363105773925781250000000000000000000000
28946246645532485549599597981978548208850041909533.2428925051464523413145989172287128283450813344663824585458450019359588623046875000000000000000000000 51985939397547419233104683798575560148863608202248.3615427698116904535277219287595902378411103762976322057023271918296813964843750000000000000000000000
36515294361487826870007465553082981550156345458451.7600135000262229795572947786211560544708695508754808733882009983062744140625000000000000000000000000 48610753736459057141594473034084769794893332041272.3941295079891508295072813783301753835625689870690942682466469705104827880859375000000000000000000000
22799686832310594103227024032465794510093437649738.5349683549819839998893840827066569685323562316833263494854047894477844238281250000000000000000000000 16413998240005997236454632362439006378543984002091.0015072433153786065631431460063715394306824902466810761471651494503021240234375000000000000000000000
55261017500899019224155897599661043507539800076594.2823529446151484753242672033341693618040523499492050619118474423885345458984375000000000000000000000 6348437587932325599231017732911916592967684070241.6012910834404961007122752734283550019466554651848958567461743950843811035156250000000000000000000000
47405724443671408020428579308099909205598144780466.2672179907734855707043822526498875099649051744441582304774224758148193359375000000000000000000000000 44367515498038393258603244940354019720451380666860.1967186394962511580041478004594604172920579835680464420667104423046112060546875000000000000000000000
24639380234896323864704683491300016679310266662860.5743232077813980660289625830824483033454916897439581880993582308292388916015625000000000000000000000 24590630414018355232686284083014162728873594526457.3155982162928690867583962135399026225955329928934562990933656692504882812500000000000000000000000000
40719429724848529742951580334699568977753200680735.1949619237689209468828044090035189797552243048387655737618729472160339355468750000000000000000000000 38008604619663596759759070926057343464779845167066.5521861752846903540814569326077732749704250136309224650992639362812042236328125000000000000000000000
19646632139624134946683847102060012635044299029066.1262146223533019189345379881822837728203707606152935949002951383590698242187500000000000000000000000 25172886081216735244487586850430880513707702342644.4389938917696968883007006526262757284924669157003245451548136770725250244140625000000000000000000000
49028264303388901983671336433318785906888392955636.4082536342824422816711619904151855691090566411281962964229658246040344238281250000000000000000000000 5018819395527866429403951985272779543049842827239.7814649262379815806427292137983244707236842649113102234661020338535308837890625000000000000000000000
55401660191604510433937185956658135199497447537678.7102727637114511848768202888875742031655646249685206785231456160545349121093750000000000000000000000 30641610499520644966827239244690670389381253526859.1779698382976884373743301128907915527114248380713790147250331938266754150390625000000000000000000000
49493935806942980817284167401231069077031571809733.8519391479257412451772432379334443198664780193561315322298184037208557128906250000000000000000000000 24121152922131840911852654452269800112388461157822.6258144163370967852412423599684889230522160330690566086084209382534027099609375000000000000000000000
46911939902760467904625031694719549269982055075265.4665708375424516550886729759306462938528546381947122476623207330703735351562500000000000000000000000 54286306792630324067541496606744185227813384508208.5133519173467729535667662919831445846207721404167045090633817017078399658203125000000000000000000000
18987702461773530234718399934841624142393638148797.7710521814378106814734960312240614648158546433552127904530428349971771240234375000000000000000000000 20415175140177773691196245918964307166195079505308.2940675373587858636949893775809199783207854724751082435625419020652770996093750000000000000000000000
15332732884909758277085248357837586237639239851823.4761363403186091537085575432695247785064739779842606531581655144691467285156250000000000000000000000 35241046571397756119382343035813264630352786095061.0224613810870756177972514034858838938350786106895212378798611462116241455078125000000000000000000000
49453453580406835134016093499902595758357847846967.4298169215589384654788278761707945122062388073605893423120304942131042480468750000000000000000000000 47535413537943987323777130298515741792303194185945.6523314529106067099769184282681756135024082072299044889685325324535369873046875000000000000000000000
39826282687762018566532786334668138609608532995294.4517838361936895123177550138935566020432296899672529996671155095100402832031250000000000000000000000 45647092137545137149283492452095505076714329680664.7059594525831042153962451647387366912922957384617654935065843164920806884765625000000000000000000000
32820333197934508209102848510567864151222715585506.3949552915493525990307973030222198265620636089785627016171254217624664306640625000000000000000000000 15797569092682279250656389674858139013604462073521.4760329453729376020290503211750163157002610709378269906917214393615722656250000000000000000000000000
54408699893360834646692483767241798403584018498298.5765886745269479375468858785181786575749227682131557453130185604095458984375000000000000000000000000 54978271261540746990821158657752537425181544583003.0154121955134130578017100007753045261731697547286883726918511092662811279296875000000000000000000000
14052220158137098830235262740204802043572574496970.5224403319730065112988417363496295231445854292689518527646921575069427490234375000000000000000000000 4943023398780894872766814523788649104074294012147.8587514089371408721777401613279421122861881178387616098152101039886474609375000000000000000000000000
49386230099531981650155651961583926657854224230233.8691875709295526949226003636006682485723171421197913045366853475570678710937500000000000000000000000 53258384730247907732683232934307868251538780227142.0243637781103410632302069125924562000499894870990676320772804319858551025390625000000000000000000000
41110892570180409632161925754810455927234961236023.7502538080833799753363426485882204689779192720461241778952814638614654541015625000000000000000000000 46713654016348548414432355126781541373631352116651.5882839845265578667037810415266429663085999525908360573973134160041809082031250000000000000000000000
55688182873199442541042912967369966368549961920022.7509143172571182058604109862726569350725993342980132553626038134098052978515625000000000000000000000 62580968632997305926576368474590150196977220090617.6481165554948476249199836010863926682478802484896674405045062303543090820312500000000000000000000000
36614542535369874144779730238445036739835558698557.5836070713172027509895352158580123436841029379801491851876489818096160888671875000000000000000000000 29021927951030830587032544566149090296089708196949.4796492947999487797035740798132508647250511151342956493287533521652221679687500000000000000000000000
45082379937742154572783643113047715188211100712351.9086439656961468725814739876387879978863666524563291988169215619564056396484375000000000000000000000 47546274347992382217528812228184040777972511643335.9111309394698111582093987204339703268192181365409420170400664210319519042968750000000000000000000000
38581709438913186777390463999996996718727650597434.2244760377617352264116480659799278321353821488841887992877885699272155761718750000000000000000000000 55422352719729962906677565554515384895520654264729.6116825961819569575188669031203536309314939078748917278285510838031768798828125000000000000000000000
