85185167.0312500000000000000000000000000000000000000000000000000000000000000000000000000000000000000000000000 267469510.4687500000000000000000000000000000000000000000000000000000000000000000000000000000000000000000000000
120927195.1562500000000000000000000000000000000000000000000000000000000000000000000000000000000000000000000000 226961878.5937500000000000000000000000000000000000000000000000000000000000000000000000000000000000000000000000
54208742.6562500000000000000000000000000000000000000000000000000000000000000000000000000000000000000000000000 187645647.6562500000000000000000000000000000000000000000000000000000000000000000000000000000000000000000000000
117352992.3437500000000000000000000000000000000000000000000000000000000000000000000000000000000000000000000000 145946614.8437500000000000000000000000000000000000000000000000000000000000000000000000000000000000000000000000
55400143.5937500000000000000000000000000000000000000000000000000000000000000000000000000000000000000000000000 130458402.6562500000000000000000000000000000000000000000000000000000000000000000000000000000000000000000000000
141181011.0937500000000000000000000000000000000000000000000000000000000000000000000000000000000000000000000000 17275313.5937500000000000000000000000000000000000000000000000000000000000000000000000000000000000000000000000
103056181.0937500000000000000000000000000000000000000000000000000000000000000000000000000000000000000000000000 268660911.4062500000000000000000000000000000000000000000000000000000000000000000000000000000000000000000000000
135224006.4062500000000000000000000000000000000000000000000000000000000000000000000000000000000000000000000000 231727482.3437500000000000000000000000000000000000000000000000000000000000000000000000000000000000000000000000
118544393.2812500000000000000000000000000000000000000000000000000000000000000000000000000000000000000000000000 170966034.5312500000000000000000000000000000000000000000000000000000000000000000000000000000000000000000000000
149520817.6562500000000000000000000000000000000000000000000000000000000000000000000000000000000000000000000000 162626227.9687500000000000000000000000000000000000000000000000000000000000000000000000000000000000000000000000
149520817.6562500000000000000000000000000000000000000000000000000000000000000000000000000000000000000000000000 120927195.1562500000000000000000000000000000000000000000000000000000000000000000000000000000000000000000000000
7744106.0937500000000000000000000000000000000000000000000000000000000000000000000000000000000000000000000000 230536081.4062500000000000000000000000000000000000000000000000000000000000000000000000000000000000000000000000
36337728.5937500000000000000000000000000000000000000000000000000000000000000000000000000000000000000000000000 104247582.0312500000000000000000000000000000000000000000000000000000000000000000000000000000000000000000000000
150712218.5937500000000000000000000000000000000000000000000000000000000000000000000000000000000000000000000000 290106128.2812500000000000000000000000000000000000000000000000000000000000000000000000000000000000000000000000
155477822.3437500000000000000000000000000000000000000000000000000000000000000000000000000000000000000000000000 275809317.0312500000000000000000000000000000000000000000000000000000000000000000000000000000000000000000000000
72079756.7187500000000000000000000000000000000000000000000000000000000000000000000000000000000000000000000000 26806521.0937500000000000000000000000000000000000000000000000000000000000000000000000000000000000000000000000
50634539.8437500000000000000000000000000000000000000000000000000000000000000000000000000000000000000000000000 136415407.3437500000000000000000000000000000000000000000000000000000000000000000000000000000000000000000000000
91142171.7187500000000000000000000000000000000000000000000000000000000000000000000000000000000000000000000000 119735794.2187500000000000000000000000000000000000000000000000000000000000000000000000000000000000000000000000
79228162.3437500000000000000000000000000000000000000000000000000000000000000000000000000000000000000000000000 269852312.3437500000000000000000000000000000000000000000000000000000000000000000000000000000000000000000000000
16083912.6562500000000000000000000000000000000000000000000000000000000000000000000000000000000000000000000000 595700.4687500000000000000000000000000000000000000000000000000000000000000000000000000000000000000000000000
23232318.2812500000000000000000000000000000000000000000000000000000000000000000000000000000000000000000000000 285340524.5312500000000000000000000000000000000000000000000000000000000000000000000000000000000000000000000000
66122752.0312500000000000000000000000000000000000000000000000000000000000000000000000000000000000000000000000 170966034.5312500000000000000000000000000000000000000000000000000000000000000000000000000000000000000000000000
95907775.4687500000000000000000000000000000000000000000000000000000000000000000000000000000000000000000000000 114970190.4687500000000000000000000000000000000000000000000000000000000000000000000000000000000000000000000000
113778789.5312500000000000000000000000000000000000000000000000000000000000000000000000000000000000000000000000 54208742.6562500000000000000000000000000000000000000000000000000000000000000000000000000000000000000000000000
136415407.3437500000000000000000000000000000000000000000000000000000000000000000000000000000000000000000000000 230536081.4062500000000000000000000000000000000000000000000000000000000000000000000000000000000000000000000000
153095020.4687500000000000000000000000000000000000000000000000000000000000000000000000000000000000000000000000 74462558.5937500000000000000000000000000000000000000000000000000000000000000000000000000000000000000000000000
32763525.7812500000000000000000000000000000000000000000000000000000000000000000000000000000000000000000000000 62548549.2187500000000000000000000000000000000000000000000000000000000000000000000000000000000000000000000000
134032605.4687500000000000000000000000000000000000000000000000000000000000000000000000000000000000000000000000 132841204.5312500000000000000000000000000000000000000000000000000000000000000000000000000000000000000000000000
106630383.9062500000000000000000000000000000000000000000000000000000000000000000000000000000000000000000000000 165009029.8437500000000000000000000000000000000000000000000000000000000000000000000000000000000000000000000000
154286421.4062500000000000000000000000000000000000000000000000000000000000000000000000000000000000000000000000 249598496.4062500000000000000000000000000000000000000000000000000000000000000000000000000000000000000000000000
55400143.5937500000000000000000000000000000000000000000000000000000000000000000000000000000000000000000000000 62548549.2187500000000000000000000000000000000000000000000000000000000000000000000000000000000000000000000000
16083912.6562500000000000000000000000000000000000000000000000000000000000000000000000000000000000000000000000 210282265.4687500000000000000000000000000000000000000000000000000000000000000000000000000000000000000000000000
57782945.4687500000000000000000000000000000000000000000000000000000000000000000000000000000000000000000000000 205516661.7187500000000000000000000000000000000000000000000000000000000000000000000000000000000000000000000000
105438982.9687500000000000000000000000000000000000000000000000000000000000000000000000000000000000000000000000 190028449.5312500000000000000000000000000000000000000000000000000000000000000000000000000000000000000000000000
35146327.6562500000000000000000000000000000000000000000000000000000000000000000000000000000000000000000000000 111395987.6562500000000000000000000000000000000000000000000000000000000000000000000000000000000000000000000000
98290577.3437500000000000000000000000000000000000000000000000000000000000000000000000000000000000000000000000 119735794.2187500000000000000000000000000000000000000000000000000000000000000000000000000000000000000000000000
97099176.4062500000000000000000000000000000000000000000000000000000000000000000000000000000000000000000000000 1787101.4062500000000000000000000000000000000000000000000000000000000000000000000000000000000000000000000000
43486134.2187500000000000000000000000000000000000000000000000000000000000000000000000000000000000000000000000 86376567.9687500000000000000000000000000000000000000000000000000000000000000000000000000000000000000000000000
135224006.4062500000000000000000000000000000000000000000000000000000000000000000000000000000000000000000000000 51825940.7812500000000000000000000000000000000000000000000000000000000000000000000000000000000000000000000000
139989610.1562500000000000000000000000000000000000000000000000000000000000000000000000000000000000000000000000 32763525.7812500000000000000000000000000000000000000000000000000000000000000000000000000000000000000000000000
81610964.2187500000000000000000000000000000000000000000000000000000000000000000000000000000000000000000000000 163817628.9062500000000000000000000000000000000000000000000000000000000000000000000000000000000000000000000000
36337728.5937500000000000000000000000000000000000000000000000000000000000000000000000000000000000000000000000 109013185.7812500000000000000000000000000000000000000000000000000000000000000000000000000000000000000000000000
106630383.9062500000000000000000000000000000000000000000000000000000000000000000000000000000000000000000000000 165009029.8437500000000000000000000000000000000000000000000000000000000000000000000000000000000000000000000000
79228162.3437500000000000000000000000000000000000000000000000000000000000000000000000000000000000000000000000 278192118.9062500000000000000000000000000000000000000000000000000000000000000000000000000000000000000000000000
14892511.7187500000000000000000000000000000000000000000000000000000000000000000000000000000000000000000000000 232918883.2812500000000000000000000000000000000000000000000000000000000000000000000000000000000000000000000000
99481978.2812500000000000000000000000000000000000000000000000000000000000000000000000000000000000000000000000 170966034.5312500000000000000000000000000000000000000000000000000000000000000000000000000000000000000000000000
153095020.4687500000000000000000000000000000000000000000000000000000000000000000000000000000000000000000000000 280574920.7812500000000000000000000000000000000000000000000000000000000000000000000000000000000000000000000000
6552705.1562500000000000000000000000000000000000000000000000000000000000000000000000000000000000000000000000 53017341.7187500000000000000000000000000000000000000000000000000000000000000000000000000000000000000000000000
23232318.2812500000000000000000000000000000000000000000000000000000000000000000000000000000000000000000000000 215047869.2187500000000000000000000000000000000000000000000000000000000000000000000000000000000000000000000000
97099176.4062500000000000000000000000000000000000000000000000000000000000000000000000000000000000000000000000 95907775.4687500000000000000000000000000000000000000000000000000000000000000000000000000000000000000000000000
132841204.5312500000000000000000000000000000000000000000000000000000000000000000000000000000000000000000000000 32763525.7812500000000000000000000000000000000000000000000000000000000000000000000000000000000000000000000000
10126907.9687500000000000000000000000000000000000000000000000000000000000000000000000000000000000000000000000 210282265.4687500000000000000000000000000000000000000000000000000000000000000000000000000000000000000000000000
72079756.7187500000000000000000000000000000000000000000000000000000000000000000000000000000000000000000000000 24423719.2187500000000000000000000000000000000000000000000000000000000000000000000000000000000000000000000000
143563812.9687500000000000000000000000000000000000000000000000000000000000000000000000000000000000000000000000 144755213.9062500000000000000000000000000000000000000000000000000000000000000000000000000000000000000000000000
99481978.2812500000000000000000000000000000000000000000000000000000000000000000000000000000000000000000000000 22040917.3437500000000000000000000000000000000000000000000000000000000000000000000000000000000000000000000000
107821784.8437500000000000000000000000000000000000000000000000000000000000000000000000000000000000000000000000 136415407.3437500000000000000000000000000000000000000000000000000000000000000000000000000000000000000000000000
30380723.9062500000000000000000000000000000000000000000000000000000000000000000000000000000000000000000000000 180497242.0312500000000000000000000000000000000000000000000000000000000000000000000000000000000000000000000000
91142171.7187500000000000000000000000000000000000000000000000000000000000000000000000000000000000000000000000 20849516.4062500000000000000000000000000000000000000000000000000000000000000000000000000000000000000000000000
43486134.2187500000000000000000000000000000000000000000000000000000000000000000000000000000000000000000000000 49443138.9062500000000000000000000000000000000000000000000000000000000000000000000000000000000000000000000000
87567968.9062500000000000000000000000000000000000000000000000000000000000000000000000000000000000000000000000 38720530.4687500000000000000000000000000000000000000000000000000000000000000000000000000000000000000000000000
27997922.0312500000000000000000000000000000000000000000000000000000000000000000000000000000000000000000000000 184071444.8437500000000000000000000000000000000000000000000000000000000000000000000000000000000000000000000000
53017341.7187500000000000000000000000000000000000000000000000000000000000000000000000000000000000000000000000 78036761.4062500000000000000000000000000000000000000000000000000000000000000000000000000000000000000000000000
142372412.0312500000000000000000000000000000000000000000000000000000000000000000000000000000000000000000000000 131649803.5937500000000000000000000000000000000000000000000000000000000000000000000000000000000000000000000000
94716374.5312500000000000000000000000000000000000000000000000000000000000000000000000000000000000000000000000 41103332.3437500000000000000000000000000000000000000000000000000000000000000000000000000000000000000000000000
117352992.3437500000000000000000000000000000000000000000000000000000000000000000000000000000000000000000000000 175731638.2812500000000000000000000000000000000000000000000000000000000000000000000000000000000000000000000000
30380723.9062500000000000000000000000000000000000000000000000000000000000000000000000000000000000000000000000 263895307.6562500000000000000000000000000000000000000000000000000000000000000000000000000000000000000000000000
123309997.0312500000000000000000000000000000000000000000000000000000000000000000000000000000000000000000000000 213856468.2812500000000000000000000000000000000000000000000000000000000000000000000000000000000000000000000000
63739950.1562500000000000000000000000000000000000000000000000000000000000000000000000000000000000000000000000 277000717.9687500000000000000000000000000000000000000000000000000000000000000000000000000000000000000000000000
47060337.0312500000000000000000000000000000000000000000000000000000000000000000000000000000000000000000000000 45868936.0937500000000000000000000000000000000000000000000000000000000000000000000000000000000000000000000000
12509709.8437500000000000000000000000000000000000000000000000000000000000000000000000000000000000000000000000 98290577.3437500000000000000000000000000000000000000000000000000000000000000000000000000000000000000000000000
