9618612075262760188438211113355889632825148318267.4731998072357247870803098915615286423540422654422172092749737203121185302734375000000000000000000000 16472201927815409964951622608202074963054224335683.2725668470001365850096190374744359287206153746693442321477737277746200561523437500000000000000000000
6072804350725458282698070214249193809103118090070.6144424879365987605781799658383526531869140641257584536834619939327239990234375000000000000000000000 5180059142875448148485828534590014830548954857270.7917627803381649688212898321146211973541001733571815094007644802331924438476562500000000000000000000
12185379854147152657784188651572075882058390834316.4706345176227683632220981706068717774653778508424227638197038322687149047851562500000000000000000000 9659936338888717357297797946596471781381449521032.8876043998057102309292429536073164563502519481100568057534471154212951660156250000000000000000000000
7120290530959736978476908302961217453824611540430.3667049958760357801111234719731706230716694879335437553751189261674880981445312500000000000000000000 6490632015354923708198814355805136607852112676149.7945531028253516094461005550585917515390420284857028232342377305030822753906250000000000000000000000
8001240294130650876074681028698989543821568491081.4471327045978387125792180655712658494421127728892624205030594021081924438476562500000000000000000000 12522454978324362840698125669748212291609553566057.9420483316700419867201843742489789816979874956693486958395875990390777587890625000000000000000000000
15468527273696777961170292326500192882423880903748.7633714118702253412383746611064820772889807098063585789655521512031555175781250000000000000000000000 18498224181436754847438749736734066641991600214248.5588742517710936468765601818176882921146453291818908191751968115568161010742187500000000000000000000
11798249854016779812543647675908372292565310780803.0681335445630900137790804674717397706100438521177224574274290353059768676757812500000000000000000000 15747123857362210296830562183863030147685020477525.3251731731582634103225425665225137866908261547533899314585328102111816406250000000000000000000000000
10938928661382691523046423823309331126474594275561.2865878833784747939790040816061579403905909684451746544518880546092987060546875000000000000000000000 7417372698204085718227453750748560104220762640845.9041290793010657407345326289701768179322854025598539344913605600595474243164062500000000000000000000
14669706262566667673625699989195734098660001140475.3801258796471486861951235516340215420348974365046970475644245743751525878906250000000000000000000000 2110047955008494829760944417988973728253519034206.7575494229915847138610627052044899382663948255871934059196058660745620727539062500000000000000000000
5489126230021783931574497088179734205348290534938.7995742315305854483962248031862006258402395701082295065738912671804428100585937500000000000000000000 1876813120748368536304909904036239406282789776233.6496274130632578855980497380044662405730186588081086527438089251518249511718750000000000000000000000
14101864943433115384337983810165626189199416201357.9769908596755528295052852089972790446535967420461519042260013520717620849609375000000000000000000000 17547165823705748636966078048825606805456261139276.1918151756445192040712095174319230952782964306227727879644278436899185180664062500000000000000000000
5736834125520562099500213834589992821106366392714.8036285505915650387003197870803669984658407338097298482951708137989044189453125000000000000000000000 1837931486740712034620620708732846859914073810612.7406260249907928560406123213348532810193627818293506923406664282083511352539062500000000000000000000
8395809608357437986320237873311331445772471558229.0673696124469634719540433794653022702235387868436326538572553545236587524414062500000000000000000000 14113833039693003674655033703586743968487176532419.0175139716076953345011141550149836585831318296314362546652927994728088378906250000000000000000000000
10318815009827706602341095648897659853276397714425.4280187897515606107060395855927073488153194696722346512042079120874404907226562500000000000000000000 9954153172044570268456752269737903498400108422471.7371777263354024514912156298838654752774414723563655734921060502529144287109375000000000000000000000
12174445679503858254935109525527059765828127304952.8691944219536104571876348310045096607976369953329285731477290391921997070312500000000000000000000000 12199515270747862394507555765890303735071501567769.9733717618828316312468559796323178760114477056148120420697983354330062866210937500000000000000000000
8883338647523508370786545422122936703881650190107.8716883574149137023136768190071414287136741731001307012993283569812774658203125000000000000000000000 4778193138861382470488533203604483583685914923305.8517436289596068133480273709885665714125733098210453730666358023881912231445312500000000000000000000
3796868860670367723392229980478555451534646977046.0309420635520577118489846148179060121681475408164138724210113286972045898437500000000000000000000000 9223422190446765717065828075222407761610393423633.2416640992548209855610790851767550893289249369896237307280208915472030639648437500000000000000000000
10948306732831563205540863009124617500847097242397.6824493105848792101759633292718387482127187041524343017781246453523635864257812500000000000000000000 7847758772236782619962531858471511354709300405382.1793654446396000519417701551935939509148546713614530213470198214054107666015625000000000000000000000
15386479354652774703008163952281809059997873197760.9835594098634929418121095368112994730950126982840287405207846313714981079101562500000000000000000000 8909103343950197182755796441208868356942534445752.2254437005669007664155525198502713823367367219468210617498122155666351318359375000000000000000000000
13772071087371259912239801500346525091537918110758.3479837213087352559795806902017271441930985851398261965365894138813018798828125000000000000000000000 17538304995551701675775007938697310312064071532646.2074146190743034159474727591912863300744984519064960585975181311368942260742187500000000000000000000
5368532626688899644058092484803619980618412973533.3526397312957995418736083525858648745541749780386409895673580467700958251953125000000000000000000000 18841554080462160004599078892900274667434601938914.4803801466556310658561505088663669595641342697311218170072976499795913696289062500000000000000000000
5373669508184502850396754152325559900183852801618.3138412602147923204780608851091662648376164754080081772672291845083236694335937500000000000000000000 6265865604074369356774414688565588085555226148155.0737127568324072288700291139220192156180330409224335080911032855510711669921875000000000000000000000
15529689666396650536329272041085449190208219037782.0633059990632239777065665835141819885714457455380457083683088421821594238281250000000000000000000000 151996312355453713910986896101859524432439545680.2268404556370526723943480335861036288980736890634708113928977400064468383789062500000000000000000000
4186043121640090912406088721797846905519482915723.2898963622641673093041982443408238414110265700534357197347003966569900512695312500000000000000000000 12699111715882030872572024484194488157440832909347.2885317259895003295796036087215861124574377322976966256639733910560607910156250000000000000000000000
5263706123991024301072576084136044581800342500699.9631128005959147544172054042180662997417710733254000815133098512887954711914062500000000000000000000 10927629702469860352266537095967689151790113228964.8532776733114578987782926066363945212848330955149188953999243676662445068359375000000000000000000000
9893469625396672648688617570243107016512994728543.7618869582143137047769629221694261275807953677700181865781731903553009033203125000000000000000000000 4020637717859163551466351968798007343871807026578.0205402846273670559699107936720187138020237760421643296866025775671005249023437500000000000000000000
10404727616595770795479685234971588887397741616723.8495210939715535095346948243496262434460841885021258014602120965719223022460937500000000000000000000 15900126721528455449264788800332674543867774096024.3962428557143897336010777196851736509572204191045848135095275938510894775390625000000000000000000000
6323066029059985595470652887364362818657154304106.6406150948244985787716086089371591884952311626128290135505422949790954589843750000000000000000000000 6460854775663042383085311927493043193113817941124.3470914975946034655799515684977134841311056631078464218855556100606918334960937500000000000000000000
11378806010724650970265998429014995235259074275460.8675931685461644610602158507535385087516277919321966471054032444953918457031250000000000000000000000 19005814639583252819159515153607279148043606985241.9503168645186883595584888984314458175127924840874452962422277778387069702148437500000000000000000000
12868073750597245733194391811392044336269820427103.9079592321996092645852248410993665613933601883306662053016480058431625366210937500000000000000000000 12931885804152887958601428322248042488744240678652.3688653662209042482773313299711245650190123327033660760141536593437194824218750000000000000000000000
10748205413012163497855120691026774803482308729550.2514754468704354094083964243161499407603069258235671340201143175363540649414062500000000000000000000 18533512712360648567704425013087834186432506465298.3388820745527906809258732184908607510750783455291652739968895912170410156250000000000000000000000000
6161218574483808696204003937890622104964759853908.6169541374495898738738401423250690874878336884043323907784745097160339355468750000000000000000000000 5511812492893392710018562959123808286902975473181.6871982438740932623311703612552042207140227310751745324906054884195327758789062500000000000000000000
12991332729406815297226049706683583823328690067330.1922683341535761681834080321820543520271980635426723817532695829868316650390625000000000000000000000 15087454642644003527986087909716117018003097133495.6948687515511319767569055425116297945809308400313215305442269891500473022460937500000000000000000000
5932843219949008035951845548501681141122680334767.0054196768284611463413078421882630844190456030623578349960315972566604614257812500000000000000000000 10471797011840752181688245159964175930702835445545.3254881451090025186688660603316134645283549910435351212965697050094604492187500000000000000000000000
15481885371072755761044371264774879326049205695014.1608880395036801236583722032456651354537360367782286842574737966060638427734375000000000000000000000 667904513075114273801760042328250785660565170004.6341551474075659664759382428335723528461845044303576166489440947771072387695312500000000000000000000
11292690683254282399928208243998732046562817317064.7190698313263173841186361620775360474358685876567517726214788854122161865234375000000000000000000000 14179236685120928676540765090242888742067814462838.7947572043113714593601549450578124971792681350239242521556746214628219604492187500000000000000000000
4934714257643993340216524384934495212296636802860.2002839375991850302447270819593347812317047541225980720571242272853851318359375000000000000000000000 21912524341478310146667084422788159663287693110160.1021535810578798178877834200035085608731481688957743916138168424367904663085937500000000000000000000
13086910476710757133923883703272415485601772301515.0423531175747091840276858679481622554866387577399750726760178804397583007812500000000000000000000000 19023855610292375312563517588960901366745118035418.8590788533380809967063780946985590700109144373807697945836093276739120483398437500000000000000000000
4223494557745001555586232403361603084109427982167.5324897626707536002323754186983555974807138172099237072585988789796829223632812500000000000000000000 5631620239630927783033194472710667607708881654033.2286825051181149746744938059553436022208085354287003258076496422290802001953125000000000000000000000
13350377019173638902822635943682222114054452019677.3604503801041219858879178183845984882212497239794906839001458138227462768554687500000000000000000000 14297404880051242736852448241987505045990696531646.4362614882979020206031395841262555756270058476556378542924486100673675537109375000000000000000000000
3997403849622225958891084645095790732876011985313.0936779946614207778302549905181248484754840415708694933812972158193588256835937500000000000000000000 18079086469841024956278390411653896508862797442464.3420578345473004874062592214079296995998986870463702715962007641792297363281250000000000000000000000
9591871942393191437625242596303829888345586624240.4147776108301041178058406567146827984969063336960705721307732164859771728515625000000000000000000000 11761111078185798979862105909022192181033411841961.2447338141692845991270508086685997004824692805937142126175668090581893920898437500000000000000000000
10636613253349375450511890659473061688034733877270.3221352833213710792959383157153528506445104757850902996021695435047149658203125000000000000000000000 576736275845140377565067892882077710667770746665.5742378169240125288455920061021960769186273690626932728101778775453567504882812500000000000000000000
5385123416189052013864510453900065666634150444045.0184758663763509362533187630156363118647599970505188215284980833530426025390625000000000000000000000 18530601699154364706967307989650519923220473060555.6169595881943355099374637738796769622108774958461453056426811963319778442382812500000000000000000000
13077425729979025447820699198154071770186442460196.1720539089652023111812954842701478367066144606370266468491684645414352416992187500000000000000000000 14648906005304069849529110210723838177731458189453.8314634431028622576518074857312896268113953409979758317334763705730438232421875000000000000000000000
6990189184399267112357120860627202821289041890735.4258135542420196582827747745175833721027307908022265129002742469310760498046875000000000000000000000 14466028558680964019924126708233621992834099396523.1789414611050751525445588805841783373936094732122858277404587715864181518554687500000000000000000000
4525852234132844345910029110742826588635304521387.2137654930601968524658238630404972690500487339616697593565005809068679809570312500000000000000000000 610273599546093002888433288405545358703384505475.5963606013326917918099910033732108463799699140083996866910532116889953613281250000000000000000000000
4461110548801678114946749308267187696555221352492.1675617296949173961247811090412490076710677286383489858494233340024948120117187500000000000000000000 1919291059353769298527494860943899515030384995812.8627084748130493013790613118007446992441339938866789502526447176933288574218750000000000000000000000
7246366862997936151352245785597390808154421393915.7410057270758084635712245884847736182920414790492244759815093129873275756835937500000000000000000000 15501484118970539656695657741092684912988121511319.4125286227395822719328895579227799574637386118180119515781849622726440429687500000000000000000000000
4060257855350142553614244254364797837950308963385.6636202562737228274905441858777811695379164794897422311690170317888259887695312500000000000000000000 8599445713486310394989605251022270936064214842693.0066508710381998765698749986531369973080793268220718666864745318889617919921875000000000000000000000
11525972221953667918189013168442722544525619855509.5576597753644372063482105838831950177181080586796924209744762629270553588867187500000000000000000000 7546246923287889822944483149691343919158148840727.1473098005342304565704843981583469874938317994776025762620195746421813964843750000000000000000000000
8145942197515976226312657025678352789284136397350.9037620658174505678815604924952501283378750837699728363417927175760269165039062500000000000000000000 4715740117528414139624609874014662007525641365340.7077823804951377132312942484818621896961926188667830829853191971778869628906250000000000000000000000
9847338257140132606341256914167949345181161807117.4343662496152716762810184228444282745558420707449838522173371165990829467773437500000000000000000000 9875084481472077158156988023885819214156635417973.0242601933026830905851656589876672820980750147441928979703970253467559814453125000000000000000000000
15770123868604004029003448634962075153444520275711.3712358073844935143715662833535672369397958676165604467511177062988281250000000000000000000000000000 2939101092839920263221415506934118225094260308569.6352951893041863478238138145316930737282797738353418517774622887372970581054687500000000000000000000
16057637380155407152782024028316586066145675829301.0312018937679960350312412246973809471237289501856828901567403227090835571289062500000000000000000000 2253396706075909655603719637531928760060440512041.8919998885669387103660800492509580108431502836285538336651399731636047363281250000000000000000000000
4186727136610944317264126333154779314571850059693.0048623560432995583064058561703988529062562082377571164405718445777893066406250000000000000000000000 11804473890145766990536362514162039194060933085101.6345557350745088683390439202619679473425861433892101800428237766027450561523437500000000000000000000
15373722639707043373066478202859587893259728550204.1610411811168888075099328752124200592868574447747116940965782850980758666992187500000000000000000000 8825799155004847114735244619560579947582788594745.9446860174895402403000176598209826578839935326071182937559485435485839843750000000000000000000000000
8882114581086328203837862862572083754426317411866.2495500018796670351739313120535338230222200639347713123764470219612121582031250000000000000000000000 7896651184740748608989756163436119035966791641434.3409515232149796941867217939511967403647689876413195101126935333013534545898437500000000000000000000
8806213861835756624796085102895945382670263064884.8340935891069521131368349894231794309791160044440372399652283638715744018554687500000000000000000000 4247000638370076807429088557745160014765116081522.3985362617918508902497184812450403504006777115863804344062879681587219238281250000000000000000000000
7278936450629506774538056546533217046117721050908.2900413176181318192930007575293456965841411500389060510831885039806365966796875000000000000000000000 18184997846355134066839232395802505823668785164104.7872342777276187718117415494727562057036139142627262071400042623281478881835937500000000000000000000
4698060896974270803220997607376468449465242713369.5695343902824212766631158170992572671784778357203137440630421042442321777343750000000000000000000000 288139962045373855053313990705419244623507646225.2660308764278495875821287173220882580178889976464332811363693326711654663085937500000000000000000000
9855383724550373584672701659062245769708150944723.4684053722597733950046505035925990757373965399782458811027090996503829956054687500000000000000000000 1638575826730005192489535011538191363032050239346.9056879283025467882472467760887580840974814007808620302455313503742218017578125000000000000000000000
6702989253818625074118101637354217470154736776728.8105560971458638256082655852884874912273575099349071363071631640195846557617187500000000000000000000 10182186466781624267470746725300426581891640488265.9556885673809101788573589970285927144527938791704224238705635070800781250000000000000000000000000000
13248233447967027012701477841382654384221892210931.7357310245634344687767702576380981864940995290487190016234759241342544555664062500000000000000000000 16185817609077709711856125365273257724742066321240.7782658127227582249285831357088040509674257285766731898812390863895416259765625000000000000000000000
4963208945724980549757090984285762105940779396329.2911910242853355131823584891549788359204661611587612014093250036239624023437500000000000000000000000 19628449012587772917331988265218401694039790881515.3693307083858413502605867408014614236119967542475270613722782582044601440429687500000000000000000000
15070091660526475184626604323075394153387234094324.4067930230773499119703773187701386151794755179231112166277877986431121826171875000000000000000000000 5974730489687289892354959561257379181812818313684.9222218657954404502548925608734875669976728771214101176921371370553970336914062500000000000000000000
16069734311196889998261695524513091065676803180014.6011705569160863284912811366679961225808766561533242059213109314441680908203125000000000000000000000 13614027680077847696388581213622746973938248581419.7673232484722751792856830300553468909869575603093683119989093393087387084960937500000000000000000000
16310310509965539682479407963189745886566423988410.3805665842647103710062297751067724819653676306506588836735114455223083496093750000000000000000000000 18404442671800774648595351930732337425736239549174.0600425148790153747946337735860530900768909086857878387368749827146530151367187500000000000000000000
5878696976526938926861111088454367067351856096545.4280159923898086881804735769150221938885764348347591952037066221237182617187500000000000000000000000 20107648319196946154572224713166304098028649051770.0118666546870954967372075615944330165300274973671867645247373729944229125976562500000000000000000000
10522854652192741264755981559907826652711121829488.5276634485701078973313414790053074127619696970802262558310572057962417602539062500000000000000000000 5413486444623166892548618530486554845519276424284.6607437767995903448013423420846418651515823761734466047987341880798339843750000000000000000000000000
4431885204085362226314348840845274228855874992216.6736694623431075210167227879031441786731984104969169730754103511571884155273437500000000000000000000 19223973983928081592030571683290990382852531872452.8762957127064142643568964268511980330009263917664212609838321805000305175781250000000000000000000000
5459583307673462104383852660172787143100693198982.5456697616768363844752170212283258451930967893731590882871672511100769042968750000000000000000000000 9833320229385410437339557363853282042040600851193.6847863128623494011560857752605654552317807898113183965228404849767684936523437500000000000000000000
13954254391358368311536250582036364427786062327932.4048751575071661832854210813556758450847364279786382387405075132846832275390625000000000000000000000 9800814023360701907313983866975706232876579853049.1967691687441134014937695730620817464162344111848265644730161875486373901367187500000000000000000000
12743091164544745341925393646129509117740042101511.6169976210351769909065606565933888789955172800224889080430474132299423217773437500000000000000000000 14132584244307742928060611978050678519412232065468.4542020444569239040921166542500505052618981703104940836986713111400604248046875000000000000000000000
11625097916346784092251386466669292637135609412124.8580726214737695434264911065279293902982057485630301310125458985567092895507812500000000000000000000 4647349794354616855454248110723899058373052027406.8026600083232342551154362092337737801205643759123401185023970901966094970703125000000000000000000000
13300736038295990338452285892788314056479564038286.6267699131578935236789117544200081353331652257911560974332317709922790527343750000000000000000000000 7004914621194328265666559330062791962137497735954.7841259499778145799254238628956718457331100495907469185300823301076889038085937500000000000000000000
14190518569292525292015681990093103727679924632703.6276081696500769374118009419997092574890974881230929097450058907270431518554687500000000000000000000 5561720978050382640833440307383405839945007190034.1614068782305339265422022476563722280716540399505403752054274082183837890625000000000000000000000000
6142953874444686367848117439377272720623800992439.7080570449107049914345194618987029969430601002654401365076005458831787109375000000000000000000000000 18781497026158089083152998893274747858129331442712.1395866667277332865965796787920351662181007677706908734649512916803359985351562500000000000000000000
10073260896241344541014936958694617607898299762417.6882654518674999612550825771033048526678146511839258124820608645677566528320312500000000000000000000 2457113686051438383211455131976159074818744382985.7770838197990128935127181299310778313667395112873259474172443151473999023437500000000000000000000000
