100 95
69777933129103258119544851132453126453358416823566.61557300724820271575171331544665844918866078284401
881448238
835294260
824152382
731836923
670232045
767813142
999736201
978595893
827048396
881901662
811154585
899070016
896230856
903029731
745835933
935673341
969986903
977469087
715435650
954706257
901346021
732863501
738335931
881365712
762988863
814879577
888158704
788478236
715540973
757748124
780895555
943514751
798778276
831345441
810985721
997266895
988409109
790135676
687631791
996700237
752286305
811064094
745164376
788087537
682018345
933999424
889305634
919950294
844282625
797207205
846775405
785795799
968969422
897335835
793937340
717060057
743566449
966164727
810459687
800515404
909935719
678696015
916299901
985974625
720063930
840879139
904040528
959478081
683613216
919292487
948028766
688904734
955730458
804382867
857703713
674079007
839929376
980910343
893169036
852411524
673906748
799816799
926783705
847594811
982003477
954198481
739581958
830506710
714263036
765273431
982716773
924147981
906513401
863619691
916857274
