69141538.8125000000000000000000000000000000000000000000000000000000000000000000000000000000000000000000000000 113589670.9062500000000000000000000000000000000000000000000000000000000000000000000000000000000000000000000000
118528352.2500000000000000000000000000000000000000000000000000000000000000000000000000000000000000000000000000 113589670.9062500000000000000000000000000000000000000000000000000000000000000000000000000000000000000000000000
113589670.9062500000000000000000000000000000000000000000000000000000000000000000000000000000000000000000000000 118528352.2500000000000000000000000000000000000000000000000000000000000000000000000000000000000000000000000000
39509450.7500000000000000000000000000000000000000000000000000000000000000000000000000000000000000000000000000 143221758.9687500000000000000000000000000000000000000000000000000000000000000000000000000000000000000000000000
113589670.9062500000000000000000000000000000000000000000000000000000000000000000000000000000000000000000000000 148160440.3125000000000000000000000000000000000000000000000000000000000000000000000000000000000000000000000000
49386813.4375000000000000000000000000000000000000000000000000000000000000000000000000000000000000000000000000 83957582.8437500000000000000000000000000000000000000000000000000000000000000000000000000000000000000000000000
64202857.4687500000000000000000000000000000000000000000000000000000000000000000000000000000000000000000000000 128405714.9375000000000000000000000000000000000000000000000000000000000000000000000000000000000000000000000000
113589670.9062500000000000000000000000000000000000000000000000000000000000000000000000000000000000000000000000 98773626.8750000000000000000000000000000000000000000000000000000000000000000000000000000000000000000000000000
69141538.8125000000000000000000000000000000000000000000000000000000000000000000000000000000000000000000000000 93834945.5312500000000000000000000000000000000000000000000000000000000000000000000000000000000000000000000000
108650989.5625000000000000000000000000000000000000000000000000000000000000000000000000000000000000000000000000 133344396.2812500000000000000000000000000000000000000000000000000000000000000000000000000000000000000000000000
103712308.2187500000000000000000000000000000000000000000000000000000000000000000000000000000000000000000000000 108650989.5625000000000000000000000000000000000000000000000000000000000000000000000000000000000000000000000000
108650989.5625000000000000000000000000000000000000000000000000000000000000000000000000000000000000000000000000 4938681.3437500000000000000000000000000000000000000000000000000000000000000000000000000000000000000000000000
54325494.7812500000000000000000000000000000000000000000000000000000000000000000000000000000000000000000000000 88896264.1875000000000000000000000000000000000000000000000000000000000000000000000000000000000000000000000000
54325494.7812500000000000000000000000000000000000000000000000000000000000000000000000000000000000000000000000 148160440.3125000000000000000000000000000000000000000000000000000000000000000000000000000000000000000000000000
113589670.9062500000000000000000000000000000000000000000000000000000000000000000000000000000000000000000000000 98773626.8750000000000000000000000000000000000000000000000000000000000000000000000000000000000000000000000000
44448132.0937500000000000000000000000000000000000000000000000000000000000000000000000000000000000000000000000 118528352.2500000000000000000000000000000000000000000000000000000000000000000000000000000000000000000000000000
64202857.4687500000000000000000000000000000000000000000000000000000000000000000000000000000000000000000000000 118528352.2500000000000000000000000000000000000000000000000000000000000000000000000000000000000000000000000000
49386813.4375000000000000000000000000000000000000000000000000000000000000000000000000000000000000000000000000 24693406.7187500000000000000000000000000000000000000000000000000000000000000000000000000000000000000000000000
44448132.0937500000000000000000000000000000000000000000000000000000000000000000000000000000000000000000000000 128405714.9375000000000000000000000000000000000000000000000000000000000000000000000000000000000000000000000000
49386813.4375000000000000000000000000000000000000000000000000000000000000000000000000000000000000000000000000 103712308.2187500000000000000000000000000000000000000000000000000000000000000000000000000000000000000000000000
93834945.5312500000000000000000000000000000000000000000000000000000000000000000000000000000000000000000000000 59264176.1250000000000000000000000000000000000000000000000000000000000000000000000000000000000000000000000000
59264176.1250000000000000000000000000000000000000000000000000000000000000000000000000000000000000000000000000 153099121.6562500000000000000000000000000000000000000000000000000000000000000000000000000000000000000000000000
34570769.4062500000000000000000000000000000000000000000000000000000000000000000000000000000000000000000000000 108650989.5625000000000000000000000000000000000000000000000000000000000000000000000000000000000000000000000000
64202857.4687500000000000000000000000000000000000000000000000000000000000000000000000000000000000000000000000 69141538.8125000000000000000000000000000000000000000000000000000000000000000000000000000000000000000000000000
64202857.4687500000000000000000000000000000000000000000000000000000000000000000000000000000000000000000000000 98773626.8750000000000000000000000000000000000000000000000000000000000000000000000000000000000000000000000000
34570769.4062500000000000000000000000000000000000000000000000000000000000000000000000000000000000000000000000 118528352.2500000000000000000000000000000000000000000000000000000000000000000000000000000000000000000000000000
69141538.8125000000000000000000000000000000000000000000000000000000000000000000000000000000000000000000000000 83957582.8437500000000000000000000000000000000000000000000000000000000000000000000000000000000000000000000000
128405714.9375000000000000000000000000000000000000000000000000000000000000000000000000000000000000000000000000 74080220.1562500000000000000000000000000000000000000000000000000000000000000000000000000000000000000000000000
113589670.9062500000000000000000000000000000000000000000000000000000000000000000000000000000000000000000000000 138283077.6250000000000000000000000000000000000000000000000000000000000000000000000000000000000000000000000000
133344396.2812500000000000000000000000000000000000000000000000000000000000000000000000000000000000000000000000 19754725.3750000000000000000000000000000000000000000000000000000000000000000000000000000000000000000000000000
44448132.0937500000000000000000000000000000000000000000000000000000000000000000000000000000000000000000000000 69141538.8125000000000000000000000000000000000000000000000000000000000000000000000000000000000000000000000000
128405714.9375000000000000000000000000000000000000000000000000000000000000000000000000000000000000000000000000 44448132.0937500000000000000000000000000000000000000000000000000000000000000000000000000000000000000000000000
123467033.5937500000000000000000000000000000000000000000000000000000000000000000000000000000000000000000000000 138283077.6250000000000000000000000000000000000000000000000000000000000000000000000000000000000000000000000000
54325494.7812500000000000000000000000000000000000000000000000000000000000000000000000000000000000000000000000 118528352.2500000000000000000000000000000000000000000000000000000000000000000000000000000000000000000000000000
133344396.2812500000000000000000000000000000000000000000000000000000000000000000000000000000000000000000000000 0.0000000000000000000000000000000000000000000000000000000000000000000000000000000000000000000000000000
123467033.5937500000000000000000000000000000000000000000000000000000000000000000000000000000000000000000000000 39509450.7500000000000000000000000000000000000000000000000000000000000000000000000000000000000000000000000000
39509450.7500000000000000000000000000000000000000000000000000000000000000000000000000000000000000000000000000 14816044.0312500000000000000000000000000000000000000000000000000000000000000000000000000000000000000000000000
59264176.1250000000000000000000000000000000000000000000000000000000000000000000000000000000000000000000000000 103712308.2187500000000000000000000000000000000000000000000000000000000000000000000000000000000000000000000000
79018901.5000000000000000000000000000000000000000000000000000000000000000000000000000000000000000000000000000 64202857.4687500000000000000000000000000000000000000000000000000000000000000000000000000000000000000000000000
103712308.2187500000000000000000000000000000000000000000000000000000000000000000000000000000000000000000000000 19754725.3750000000000000000000000000000000000000000000000000000000000000000000000000000000000000000000000000
128405714.9375000000000000000000000000000000000000000000000000000000000000000000000000000000000000000000000000 103712308.2187500000000000000000000000000000000000000000000000000000000000000000000000000000000000000000000000
83957582.8437500000000000000000000000000000000000000000000000000000000000000000000000000000000000000000000000 128405714.9375000000000000000000000000000000000000000000000000000000000000000000000000000000000000000000000000
44448132.0937500000000000000000000000000000000000000000000000000000000000000000000000000000000000000000000000 9877362.6875000000000000000000000000000000000000000000000000000000000000000000000000000000000000000000000000
79018901.5000000000000000000000000000000000000000000000000000000000000000000000000000000000000000000000000000 143221758.9687500000000000000000000000000000000000000000000000000000000000000000000000000000000000000000000000
69141538.8125000000000000000000000000000000000000000000000000000000000000000000000000000000000000000000000000 34570769.4062500000000000000000000000000000000000000000000000000000000000000000000000000000000000000000000000
74080220.1562500000000000000000000000000000000000000000000000000000000000000000000000000000000000000000000000 108650989.5625000000000000000000000000000000000000000000000000000000000000000000000000000000000000000000000000
118528352.2500000000000000000000000000000000000000000000000000000000000000000000000000000000000000000000000000 74080220.1562500000000000000000000000000000000000000000000000000000000000000000000000000000000000000000000000
83957582.8437500000000000000000000000000000000000000000000000000000000000000000000000000000000000000000000000 39509450.7500000000000000000000000000000000000000000000000000000000000000000000000000000000000000000000000000
64202857.4687500000000000000000000000000000000000000000000000000000000000000000000000000000000000000000000000 49386813.4375000000000000000000000000000000000000000000000000000000000000000000000000000000000000000000000000
49386813.4375000000000000000000000000000000000000000000000000000000000000000000000000000000000000000000000000 93834945.5312500000000000000000000000000000000000000000000000000000000000000000000000000000000000000000000000
88896264.1875000000000000000000000000000000000000000000000000000000000000000000000000000000000000000000000000 74080220.1562500000000000000000000000000000000000000000000000000000000000000000000000000000000000000000000000
128405714.9375000000000000000000000000000000000000000000000000000000000000000000000000000000000000000000000000 123467033.5937500000000000000000000000000000000000000000000000000000000000000000000000000000000000000000000000
59264176.1250000000000000000000000000000000000000000000000000000000000000000000000000000000000000000000000000 24693406.7187500000000000000000000000000000000000000000000000000000000000000000000000000000000000000000000000
128405714.9375000000000000000000000000000000000000000000000000000000000000000000000000000000000000000000000000 83957582.8437500000000000000000000000000000000000000000000000000000000000000000000000000000000000000000000000
113589670.9062500000000000000000000000000000000000000000000000000000000000000000000000000000000000000000000000 148160440.3125000000000000000000000000000000000000000000000000000000000000000000000000000000000000000000000000
74080220.1562500000000000000000000000000000000000000000000000000000000000000000000000000000000000000000000000 118528352.2500000000000000000000000000000000000000000000000000000000000000000000000000000000000000000000000000
39509450.7500000000000000000000000000000000000000000000000000000000000000000000000000000000000000000000000000 14816044.0312500000000000000000000000000000000000000000000000000000000000000000000000000000000000000000000000
88896264.1875000000000000000000000000000000000000000000000000000000000000000000000000000000000000000000000000 113589670.9062500000000000000000000000000000000000000000000000000000000000000000000000000000000000000000000000
64202857.4687500000000000000000000000000000000000000000000000000000000000000000000000000000000000000000000000 158037803.0000000000000000000000000000000000000000000000000000000000000000000000000000000000000000000000000000
88896264.1875000000000000000000000000000000000000000000000000000000000000000000000000000000000000000000000000 123467033.5937500000000000000000000000000000000000000000000000000000000000000000000000000000000000000000000000
69141538.8125000000000000000000000000000000000000000000000000000000000000000000000000000000000000000000000000 113589670.9062500000000000000000000000000000000000000000000000000000000000000000000000000000000000000000000000
54325494.7812500000000000000000000000000000000000000000000000000000000000000000000000000000000000000000000000 88896264.1875000000000000000000000000000000000000000000000000000000000000000000000000000000000000000000000000
113589670.9062500000000000000000000000000000000000000000000000000000000000000000000000000000000000000000000000 69141538.8125000000000000000000000000000000000000000000000000000000000000000000000000000000000000000000000000
69141538.8125000000000000000000000000000000000000000000000000000000000000000000000000000000000000000000000000 74080220.1562500000000000000000000000000000000000000000000000000000000000000000000000000000000000000000000000
93834945.5312500000000000000000000000000000000000000000000000000000000000000000000000000000000000000000000000 59264176.1250000000000000000000000000000000000000000000000000000000000000000000000000000000000000000000000000
64202857.4687500000000000000000000000000000000000000000000000000000000000000000000000000000000000000000000000 49386813.4375000000000000000000000000000000000000000000000000000000000000000000000000000000000000000000000000
64202857.4687500000000000000000000000000000000000000000000000000000000000000000000000000000000000000000000000 29632088.0625000000000000000000000000000000000000000000000000000000000000000000000000000000000000000000000000
83957582.8437500000000000000000000000000000000000000000000000000000000000000000000000000000000000000000000000 29632088.0625000000000000000000000000000000000000000000000000000000000000000000000000000000000000000000000000
74080220.1562500000000000000000000000000000000000000000000000000000000000000000000000000000000000000000000000 98773626.8750000000000000000000000000000000000000000000000000000000000000000000000000000000000000000000000000
44448132.0937500000000000000000000000000000000000000000000000000000000000000000000000000000000000000000000000 79018901.5000000000000000000000000000000000000000000000000000000000000000000000000000000000000000000000000000
74080220.1562500000000000000000000000000000000000000000000000000000000000000000000000000000000000000000000000 59264176.1250000000000000000000000000000000000000000000000000000000000000000000000000000000000000000000000000
39509450.7500000000000000000000000000000000000000000000000000000000000000000000000000000000000000000000000000 54325494.7812500000000000000000000000000000000000000000000000000000000000000000000000000000000000000000000000
44448132.0937500000000000000000000000000000000000000000000000000000000000000000000000000000000000000000000000 148160440.3125000000000000000000000000000000000000000000000000000000000000000000000000000000000000000000000000
123467033.5937500000000000000000000000000000000000000000000000000000000000000000000000000000000000000000000000 9877362.6875000000000000000000000000000000000000000000000000000000000000000000000000000000000000000000000000
74080220.1562500000000000000000000000000000000000000000000000000000000000000000000000000000000000000000000000 59264176.1250000000000000000000000000000000000000000000000000000000000000000000000000000000000000000000000000
93834945.5312500000000000000000000000000000000000000000000000000000000000000000000000000000000000000000000000 59264176.1250000000000000000000000000000000000000000000000000000000000000000000000000000000000000000000000000
93834945.5312500000000000000000000000000000000000000000000000000000000000000000000000000000000000000000000000 69141538.8125000000000000000000000000000000000000000000000000000000000000000000000000000000000000000000000000
93834945.5312500000000000000000000000000000000000000000000000000000000000000000000000000000000000000000000000 49386813.4375000000000000000000000000000000000000000000000000000000000000000000000000000000000000000000000000
98773626.8750000000000000000000000000000000000000000000000000000000000000000000000000000000000000000000000000 123467033.5937500000000000000000000000000000000000000000000000000000000000000000000000000000000000000000000000
74080220.1562500000000000000000000000000000000000000000000000000000000000000000000000000000000000000000000000 158037803.0000000000000000000000000000000000000000000000000000000000000000000000000000000000000000000000000000
39509450.7500000000000000000000000000000000000000000000000000000000000000000000000000000000000000000000000000 113589670.9062500000000000000000000000000000000000000000000000000000000000000000000000000000000000000000000000
79018901.5000000000000000000000000000000000000000000000000000000000000000000000000000000000000000000000000000 74080220.1562500000000000000000000000000000000000000000000000000000000000000000000000000000000000000000000000
133344396.2812500000000000000000000000000000000000000000000000000000000000000000000000000000000000000000000000 49386813.4375000000000000000000000000000000000000000000000000000000000000000000000000000000000000000000000000
59264176.1250000000000000000000000000000000000000000000000000000000000000000000000000000000000000000000000000 74080220.1562500000000000000000000000000000000000000000000000000000000000000000000000000000000000000000000000
133344396.2812500000000000000000000000000000000000000000000000000000000000000000000000000000000000000000000000 19754725.3750000000000000000000000000000000000000000000000000000000000000000000000000000000000000000000000000
64202857.4687500000000000000000000000000000000000000000000000000000000000000000000000000000000000000000000000 49386813.4375000000000000000000000000000000000000000000000000000000000000000000000000000000000000000000000000
69141538.8125000000000000000000000000000000000000000000000000000000000000000000000000000000000000000000000000 113589670.9062500000000000000000000000000000000000000000000000000000000000000000000000000000000000000000000000
49386813.4375000000000000000000000000000000000000000000000000000000000000000000000000000000000000000000000000 103712308.2187500000000000000000000000000000000000000000000000000000000000000000000000000000000000000000000000
88896264.1875000000000000000000000000000000000000000000000000000000000000000000000000000000000000000000000000 123467033.5937500000000000000000000000000000000000000000000000000000000000000000000000000000000000000000000000
83957582.8437500000000000000000000000000000000000000000000000000000000000000000000000000000000000000000000000 98773626.8750000000000000000000000000000000000000000000000000000000000000000000000000000000000000000000000000
79018901.5000000000000000000000000000000000000000000000000000000000000000000000000000000000000000000000000000 83957582.8437500000000000000000000000000000000000000000000000000000000000000000000000000000000000000000000000
133344396.2812500000000000000000000000000000000000000000000000000000000000000000000000000000000000000000000000 49386813.4375000000000000000000000000000000000000000000000000000000000000000000000000000000000000000000000000
108650989.5625000000000000000000000000000000000000000000000000000000000000000000000000000000000000000000000000 44448132.0937500000000000000000000000000000000000000000000000000000000000000000000000000000000000000000000000
