9 83
242867884
93200
87012
77482
91376
73947
70895
85924
82137
88465
68366
80207
71409
83596
67425
97849
77901
73480
87279
90084
67407
96460
81595
81604
95042
87142
84940
73233
84233
76670
85173
99607
78991
92670
87326
81138
69348
73555
68724
99667
74895
70100
71768
83564
71542
79660
81582
71546
92158
76474
88848
74434
88658
69770
93174
97786
80838
77658
71860
90571
72340
79887
74203
84739
99546
83458
89565
72447
78438
72259
84473
67543
86112
67135
92757
80533
73372
80738
89085
77382
99137
94996
99979
88503
