101036834.5546875000000000000000000000000000000000000000000000000000000000000000000000000000000000000000000000 13756188.7421875000000000000000000000000000000000000000000000000000000000000000000000000000000000000000000000
77319267.7578125000000000000000000000000000000000000000000000000000000000000000000000000000000000000000000000 214881155.1796875000000000000000000000000000000000000000000000000000000000000000000000000000000000000000000000
42217268.8984375000000000000000000000000000000000000000000000000000000000000000000000000000000000000000000000 159856400.2109375000000000000000000000000000000000000000000000000000000000000000000000000000000000000000000000
93447213.1796875000000000000000000000000000000000000000000000000000000000000000000000000000000000000000000000 226265587.2421875000000000000000000000000000000000000000000000000000000000000000000000000000000000000000000000
28935431.4921875000000000000000000000000000000000000000000000000000000000000000000000000000000000000000000000 206342831.1328125000000000000000000000000000000000000000000000000000000000000000000000000000000000000000000000
17550999.4296875000000000000000000000000000000000000000000000000000000000000000000000000000000000000000000000 225316884.5703125000000000000000000000000000000000000000000000000000000000000000000000000000000000000000000000
73524457.0703125000000000000000000000000000000000000000000000000000000000000000000000000000000000000000000000 154164184.1796875000000000000000000000000000000000000000000000000000000000000000000000000000000000000000000000
59293916.9921875000000000000000000000000000000000000000000000000000000000000000000000000000000000000000000000 204445425.7890625000000000000000000000000000000000000000000000000000000000000000000000000000000000000000000000
83011483.7890625000000000000000000000000000000000000000000000000000000000000000000000000000000000000000000000 136138833.4140625000000000000000000000000000000000000000000000000000000000000000000000000000000000000000000000
9012675.3828125000000000000000000000000000000000000000000000000000000000000000000000000000000000000000000000 11858783.3984375000000000000000000000000000000000000000000000000000000000000000000000000000000000000000000000
52652998.2890625000000000000000000000000000000000000000000000000000000000000000000000000000000000000000000000 73524457.0703125000000000000000000000000000000000000000000000000000000000000000000000000000000000000000000000
19448404.7734375000000000000000000000000000000000000000000000000000000000000000000000000000000000000000000000 227214289.9140625000000000000000000000000000000000000000000000000000000000000000000000000000000000000000000000
64986133.0234375000000000000000000000000000000000000000000000000000000000000000000000000000000000000000000000 131395320.0546875000000000000000000000000000000000000000000000000000000000000000000000000000000000000000000000
5217864.6953125000000000000000000000000000000000000000000000000000000000000000000000000000000000000000000000 90601105.1640625000000000000000000000000000000000000000000000000000000000000000000000000000000000000000000000
118113482.6484375000000000000000000000000000000000000000000000000000000000000000000000000000000000000000000000 52652998.2890625000000000000000000000000000000000000000000000000000000000000000000000000000000000000000000000
44114674.2421875000000000000000000000000000000000000000000000000000000000000000000000000000000000000000000000 71627051.7265625000000000000000000000000000000000000000000000000000000000000000000000000000000000000000000000
27986728.8203125000000000000000000000000000000000000000000000000000000000000000000000000000000000000000000000 6166567.3671875000000000000000000000000000000000000000000000000000000000000000000000000000000000000000000000
78267970.4296875000000000000000000000000000000000000000000000000000000000000000000000000000000000000000000000 225316884.5703125000000000000000000000000000000000000000000000000000000000000000000000000000000000000000000000
88703699.8203125000000000000000000000000000000000000000000000000000000000000000000000000000000000000000000000 214881155.1796875000000000000000000000000000000000000000000000000000000000000000000000000000000000000000000000
5217864.6953125000000000000000000000000000000000000000000000000000000000000000000000000000000000000000000000 73524457.0703125000000000000000000000000000000000000000000000000000000000000000000000000000000000000000000000
112421266.6171875000000000000000000000000000000000000000000000000000000000000000000000000000000000000000000000 192112291.0546875000000000000000000000000000000000000000000000000000000000000000000000000000000000000000000000
57396511.6484375000000000000000000000000000000000000000000000000000000000000000000000000000000000000000000000 175984345.6328125000000000000000000000000000000000000000000000000000000000000000000000000000000000000000000000
57396511.6484375000000000000000000000000000000000000000000000000000000000000000000000000000000000000000000000 184522669.6796875000000000000000000000000000000000000000000000000000000000000000000000000000000000000000000000
107677753.2578125000000000000000000000000000000000000000000000000000000000000000000000000000000000000000000000 61191322.3359375000000000000000000000000000000000000000000000000000000000000000000000000000000000000000000000
78267970.4296875000000000000000000000000000000000000000000000000000000000000000000000000000000000000000000000 95344618.5234375000000000000000000000000000000000000000000000000000000000000000000000000000000000000000000000
69729646.3828125000000000000000000000000000000000000000000000000000000000000000000000000000000000000000000000 192112291.0546875000000000000000000000000000000000000000000000000000000000000000000000000000000000000000000000
27038026.1484375000000000000000000000000000000000000000000000000000000000000000000000000000000000000000000000 14704891.4140625000000000000000000000000000000000000000000000000000000000000000000000000000000000000000000000
67832241.0390625000000000000000000000000000000000000000000000000000000000000000000000000000000000000000000000 7115270.0390625000000000000000000000000000000000000000000000000000000000000000000000000000000000000000000000
39371160.8828125000000000000000000000000000000000000000000000000000000000000000000000000000000000000000000000 118113482.6484375000000000000000000000000000000000000000000000000000000000000000000000000000000000000000000000
70678349.0546875000000000000000000000000000000000000000000000000000000000000000000000000000000000000000000000 170292129.6015625000000000000000000000000000000000000000000000000000000000000000000000000000000000000000000000
124754401.3515625000000000000000000000000000000000000000000000000000000000000000000000000000000000000000000000 20397107.4453125000000000000000000000000000000000000000000000000000000000000000000000000000000000000000000000
47909484.9296875000000000000000000000000000000000000000000000000000000000000000000000000000000000000000000000 134241428.0703125000000000000000000000000000000000000000000000000000000000000000000000000000000000000000000000
98190726.5390625000000000000000000000000000000000000000000000000000000000000000000000000000000000000000000000 239547424.6484375000000000000000000000000000000000000000000000000000000000000000000000000000000000000000000000
79216673.1015625000000000000000000000000000000000000000000000000000000000000000000000000000000000000000000000 27038026.1484375000000000000000000000000000000000000000000000000000000000000000000000000000000000000000000000
55499106.3046875000000000000000000000000000000000000000000000000000000000000000000000000000000000000000000000 228162992.5859375000000000000000000000000000000000000000000000000000000000000000000000000000000000000000000000
11858783.3984375000000000000000000000000000000000000000000000000000000000000000000000000000000000000000000000 214881155.1796875000000000000000000000000000000000000000000000000000000000000000000000000000000000000000000000
27986728.8203125000000000000000000000000000000000000000000000000000000000000000000000000000000000000000000000 77319267.7578125000000000000000000000000000000000000000000000000000000000000000000000000000000000000000000000
9961378.0546875000000000000000000000000000000000000000000000000000000000000000000000000000000000000000000000 108626455.9296875000000000000000000000000000000000000000000000000000000000000000000000000000000000000000000000
124754401.3515625000000000000000000000000000000000000000000000000000000000000000000000000000000000000000000000 77319267.7578125000000000000000000000000000000000000000000000000000000000000000000000000000000000000000000000
32730242.1796875000000000000000000000000000000000000000000000000000000000000000000000000000000000000000000000 134241428.0703125000000000000000000000000000000000000000000000000000000000000000000000000000000000000000000000
14704891.4140625000000000000000000000000000000000000000000000000000000000000000000000000000000000000000000000 199701912.4296875000000000000000000000000000000000000000000000000000000000000000000000000000000000000000000000
21345810.1171875000000000000000000000000000000000000000000000000000000000000000000000000000000000000000000000 82062781.1171875000000000000000000000000000000000000000000000000000000000000000000000000000000000000000000000
64986133.0234375000000000000000000000000000000000000000000000000000000000000000000000000000000000000000000000 101036834.5546875000000000000000000000000000000000000000000000000000000000000000000000000000000000000000000000
20397107.4453125000000000000000000000000000000000000000000000000000000000000000000000000000000000000000000000 110523861.2734375000000000000000000000000000000000000000000000000000000000000000000000000000000000000000000000
50755592.9453125000000000000000000000000000000000000000000000000000000000000000000000000000000000000000000000 40319863.5546875000000000000000000000000000000000000000000000000000000000000000000000000000000000000000000000
57396511.6484375000000000000000000000000000000000000000000000000000000000000000000000000000000000000000000000 163651210.8984375000000000000000000000000000000000000000000000000000000000000000000000000000000000000000000000
20397107.4453125000000000000000000000000000000000000000000000000000000000000000000000000000000000000000000000 114318671.9609375000000000000000000000000000000000000000000000000000000000000000000000000000000000000000000000
96293321.1953125000000000000000000000000000000000000000000000000000000000000000000000000000000000000000000000 239547424.6484375000000000000000000000000000000000000000000000000000000000000000000000000000000000000000000000
38422458.2109375000000000000000000000000000000000000000000000000000000000000000000000000000000000000000000000 175035642.9609375000000000000000000000000000000000000000000000000000000000000000000000000000000000000000000000
84908889.1328125000000000000000000000000000000000000000000000000000000000000000000000000000000000000000000000 13756188.7421875000000000000000000000000000000000000000000000000000000000000000000000000000000000000000000000
30832836.8359375000000000000000000000000000000000000000000000000000000000000000000000000000000000000000000000 182625264.3359375000000000000000000000000000000000000000000000000000000000000000000000000000000000000000000000
83960186.4609375000000000000000000000000000000000000000000000000000000000000000000000000000000000000000000000 76370565.0859375000000000000000000000000000000000000000000000000000000000000000000000000000000000000000000000
13756188.7421875000000000000000000000000000000000000000000000000000000000000000000000000000000000000000000000 129497914.7109375000000000000000000000000000000000000000000000000000000000000000000000000000000000000000000000
100088131.8828125000000000000000000000000000000000000000000000000000000000000000000000000000000000000000000000 231957803.2734375000000000000000000000000000000000000000000000000000000000000000000000000000000000000000000000
117164779.9765625000000000000000000000000000000000000000000000000000000000000000000000000000000000000000000000 235752613.9609375000000000000000000000000000000000000000000000000000000000000000000000000000000000000000000000
54550403.6328125000000000000000000000000000000000000000000000000000000000000000000000000000000000000000000000 186420075.0234375000000000000000000000000000000000000000000000000000000000000000000000000000000000000000000000
43165971.5703125000000000000000000000000000000000000000000000000000000000000000000000000000000000000000000000 83960186.4609375000000000000000000000000000000000000000000000000000000000000000000000000000000000000000000000
21345810.1171875000000000000000000000000000000000000000000000000000000000000000000000000000000000000000000000 169343426.9296875000000000000000000000000000000000000000000000000000000000000000000000000000000000000000000000
90601105.1640625000000000000000000000000000000000000000000000000000000000000000000000000000000000000000000000 191163588.3828125000000000000000000000000000000000000000000000000000000000000000000000000000000000000000000000
23243215.4609375000000000000000000000000000000000000000000000000000000000000000000000000000000000000000000000 138984941.4296875000000000000000000000000000000000000000000000000000000000000000000000000000000000000000000000
51704295.6171875000000000000000000000000000000000000000000000000000000000000000000000000000000000000000000000 12807486.0703125000000000000000000000000000000000000000000000000000000000000000000000000000000000000000000000
29884134.1640625000000000000000000000000000000000000000000000000000000000000000000000000000000000000000000000 206342831.1328125000000000000000000000000000000000000000000000000000000000000000000000000000000000000000000000
69729646.3828125000000000000000000000000000000000000000000000000000000000000000000000000000000000000000000000 1423054.0078125000000000000000000000000000000000000000000000000000000000000000000000000000000000000000000000
123805698.6796875000000000000000000000000000000000000000000000000000000000000000000000000000000000000000000000 205394128.4609375000000000000000000000000000000000000000000000000000000000000000000000000000000000000000000000
64986133.0234375000000000000000000000000000000000000000000000000000000000000000000000000000000000000000000000 474351.3359375000000000000000000000000000000000000000000000000000000000000000000000000000000000000000000000
86806294.4765625000000000000000000000000000000000000000000000000000000000000000000000000000000000000000000000 208240236.4765625000000000000000000000000000000000000000000000000000000000000000000000000000000000000000000000
23243215.4609375000000000000000000000000000000000000000000000000000000000000000000000000000000000000000000000 240496127.3203125000000000000000000000000000000000000000000000000000000000000000000000000000000000000000000000
46012079.5859375000000000000000000000000000000000000000000000000000000000000000000000000000000000000000000000 95344618.5234375000000000000000000000000000000000000000000000000000000000000000000000000000000000000000000000
23243215.4609375000000000000000000000000000000000000000000000000000000000000000000000000000000000000000000000 62140025.0078125000000000000000000000000000000000000000000000000000000000000000000000000000000000000000000000
67832241.0390625000000000000000000000000000000000000000000000000000000000000000000000000000000000000000000000 234803911.2890625000000000000000000000000000000000000000000000000000000000000000000000000000000000000000000000
5217864.6953125000000000000000000000000000000000000000000000000000000000000000000000000000000000000000000000 202548020.4453125000000000000000000000000000000000000000000000000000000000000000000000000000000000000000000000
74473159.7421875000000000000000000000000000000000000000000000000000000000000000000000000000000000000000000000 89652402.4921875000000000000000000000000000000000000000000000000000000000000000000000000000000000000000000000
4269162.0234375000000000000000000000000000000000000000000000000000000000000000000000000000000000000000000000 58345214.3203125000000000000000000000000000000000000000000000000000000000000000000000000000000000000000000000
99139429.2109375000000000000000000000000000000000000000000000000000000000000000000000000000000000000000000000 79216673.1015625000000000000000000000000000000000000000000000000000000000000000000000000000000000000000000000
53601700.9609375000000000000000000000000000000000000000000000000000000000000000000000000000000000000000000000 139933644.1015625000000000000000000000000000000000000000000000000000000000000000000000000000000000000000000000
27038026.1484375000000000000000000000000000000000000000000000000000000000000000000000000000000000000000000000 146574562.8046875000000000000000000000000000000000000000000000000000000000000000000000000000000000000000000000
54550403.6328125000000000000000000000000000000000000000000000000000000000000000000000000000000000000000000000 91549807.8359375000000000000000000000000000000000000000000000000000000000000000000000000000000000000000000000
84908889.1328125000000000000000000000000000000000000000000000000000000000000000000000000000000000000000000000 238598721.9765625000000000000000000000000000000000000000000000000000000000000000000000000000000000000000000000
42217268.8984375000000000000000000000000000000000000000000000000000000000000000000000000000000000000000000000 64986133.0234375000000000000000000000000000000000000000000000000000000000000000000000000000000000000000000000
122856996.0078125000000000000000000000000000000000000000000000000000000000000000000000000000000000000000000000 60242619.6640625000000000000000000000000000000000000000000000000000000000000000000000000000000000000000000000
107677753.2578125000000000000000000000000000000000000000000000000000000000000000000000000000000000000000000000 17550999.4296875000000000000000000000000000000000000000000000000000000000000000000000000000000000000000000000
125703104.0234375000000000000000000000000000000000000000000000000000000000000000000000000000000000000000000000 130446617.3828125000000000000000000000000000000000000000000000000000000000000000000000000000000000000000000000
83011483.7890625000000000000000000000000000000000000000000000000000000000000000000000000000000000000000000000 172189534.9453125000000000000000000000000000000000000000000000000000000000000000000000000000000000000000000000
