44778148737755838370904209277747324922522607085142.7854086058476320406136177855594584310772448407484082727050781250000000000000000000000000000000000000 48085190063118916979902413434506959486184277657866.1421586327109272926144237785675352307473495220153988589477539062500000000000000000000000000000000000
38779478155947858691864968382968258234927677269713.4898742686461492815110611324340544744316009984244465975952148437500000000000000000000000000000000000 53019133882092679463514029037347959669058772646275.6834270243672409428950853920895661031463402151870776666259765625000000000000000000000000000000000000
37331449758493323306083397985932487788507885904966.6240725827047192935132838785734670798561527155773418978881835937500000000000000000000000000000000000 51238910734633868312759039549227512473166205615498.6542943634157181929448768858727263062859361498044607122802734375000000000000000000000000000000000000
25334108594877363948004916196374354413318026274108.0330039083017537753081705723226591665648650309294185476684570312500000000000000000000000000000000000 29152218766400866810808380493264260899245505563800.8718015890267301995434861843403550466733632237895049102783203125000000000000000000000000000000000000
17327363338364050638389174001000094297820356374919.4809239978020820769675198745052935730300333493042513845825195312500000000000000000000000000000000000 32738218503626510325008622476511668887143930061203.4041692936228597580556286777245155944160910301343936077880859375000000000000000000000000000000000000
30010388537245245870323046478566342502050176034378.7937399411361365012539335862606737525761656620062449014282226562500000000000000000000000000000000000 11507566852712219448181774155266622783018459610429.5041063394521877281470415880332562945378272360378732312011718750000000000000000000000000000000000000
60152803193081934672879118493333005250685685987308.0370088595198739720017821574321657675989163145073728784179687500000000000000000000000000000000000000 13473052456904184390941170444184293550732382301107.9704812749285699030322598311410830080571489493729874044799804687500000000000000000000000000000000000
57403678691443985874284989989548917535497523263943.0314941881222473330236491651762564640740578833961785147094726562500000000000000000000000000000000000 64927037997630564577176590302383295457852115751664.6151373593444122559591595150136906773609090353062092559814453125000000000000000000000000000000000000
37708363032536636193264777339278563331178919833731.6170827274277091580362347225930611516794679303772500329589843750000000000000000000000000000000000000 34022278979604576262694338578588977091836774462589.2278140239503337032948340954861835340175547280120467459106445312500000000000000000000000000000000000
44837773436474554533848156294095856646786951435455.8916474987981615107076439077772473237950574171009361132812500000000000000000000000000000000000000000 25334108594877363948004916196374354413318026274108.0330039083017537753081705723226591665648650309294185476684570312500000000000000000000000000000000000
35642793112638254834135184272918714312021276269313.2938067930700810869217583457625173682409608210218212701416015625000000000000000000000000000000000000 30419243614173585273367254590670560039862823007954.3793780642254814390415412814683690169268804712807215225219726562500000000000000000000000000000000000
47069440731375073775464458905998044040680982832889.2965889206608359627983359107859173083760424177241210034179687500000000000000000000000000000000000000 14252432447298831377994192157882958232187740594486.4306039470676336906898870001307521057256990545524584634399414062500000000000000000000000000000000000
46698915817908766191455645304403596897038271513086.4221043716111171129283164370039434750582071218191265655517578125000000000000000000000000000000000000 64264777951147681481620607370797818091916005289258.3279839412153170702719408003803926189594907765334893124389648437500000000000000000000000000000000000
47582639031061166463660574296712192095956232419512.8181451064136074732504893198747431349829292356155213455200195312500000000000000000000000000000000000 61315484818096899850286085312129373873840400818413.6086672720551986388352915406790491755962615533816657696533203125000000000000000000000000000000000000
27152661905798206917795300195004572003380528958657.7732901432929026131759672999652203944581486096815176852416992187500000000000000000000000000000000000 57461173936637033602838081755313573126752426744602.0982245491816864649000314973148386106233771534504017895507812500000000000000000000000000000000000000
51826639907718356204635088710377325183771885640013.5586491653566515410145629477337882487900886881365208551025390625000000000000000000000000000000000000 15751567729369409189156288568931755870834112830930.2446103983952317959111152158923014083449866885588727407836914062500000000000000000000000000000000000
56285715590468057819085983433013947705541066695572.2895149452998197687606593735927147256150720767862815039062500000000000000000000000000000000000000000 34571677989227032335534993229229019408272518833331.4210152518516409634469319359215240454888277529746247055053710937500000000000000000000000000000000000
57258875851698532335706832949845340490855544127468.3449140195281043342238714397901977246165130551114680447387695312500000000000000000000000000000000000 11009274727705805800721645518639607658809296111384.2591098769370485852183947094988776911103935622346048492431640625000000000000000000000000000000000000
23202525615683261122758810361914345270867715750414.4849634853203252194467367030367062519030654263265482470703125000000000000000000000000000000000000000 27497633376956493289113850789592505550909949842612.1736723096495374044342612927967132737540642300068573342895507812500000000000000000000000000000000000
54298935451019408532418034638257515607732735308353.4280546909125342116990032296928205504108173004681216732788085937500000000000000000000000000000000000 60519069199496905388106221593759700128309515567802.8324763447874121454365140510557261085797649978157581848144531250000000000000000000000000000000000000
47365434771442986155793338737156826528993263714800.7882748535223929750508227317956550257966119931884556405639648437500000000000000000000000000000000000 8117476839848071897940215225735819031988595121198.6065235688363692856581277819361163942964836091370045812988281250000000000000000000000000000000000000
25468264166994475314628796983158550792912801062312.5220414174404450830197293473126841751799433277226061889648437500000000000000000000000000000000000000 5108559008078574103661746150718843089648646300040.7809680067257213841274524000169840582154418096326531979370117187500000000000000000000000000000000000
26179501644567732401174450678173179218066051526761.7178910690646180477127552337677373954567076313563311444091796875000000000000000000000000000000000000 5138371357437932185133719658893108951780818475197.3340874532009861191744654611258785045743480978089171182250976562500000000000000000000000000000000000
44767501470127496198949933024827944257475402736872.5878659463921803495253988351634247002347783092568854440307617187500000000000000000000000000000000000 45514939657637116670140125979768466943789147985440.4553606401648890639183691529649926053759288199617880169677734375000000000000000000000000000000000000
29382199747173057725020747556322883264265119486437.1387230332644867270490155128946836328706403040063980096435546875000000000000000000000000000000000000 50470178011867563497660294088448228456758051670390.3917143507321060963754686672790909394598525761165124819946289062500000000000000000000000000000000000
36126179062964989440859326155458596505164353680780.2622435323475878623268986937424487484889413507369576919555664062500000000000000000000000000000000000 54739732330832774451325071509119875140686995326739.6063207923682342227512677760886170072889317042171667803955078125000000000000000000000000000000000000
45651224683279896471154862017136539456393363643298.9839066811946707098475717180342243601595004230532802239990234375000000000000000000000000000000000000 17510496341571535996002725551213441736632271165166.8786577404358511636848858213170737435204576909584440377807617187500000000000000000000000000000000000
32695629433113141637191517464834146226955112668122.6139986558010529937027528761403806710462249041683022930908203125000000000000000000000000000000000000 29563203296854874648243443855952354570067593407030.4969482440071654755487376696272570571925713393622860971069335937500000000000000000000000000000000000
23215302336837271729103941865417602068924360968338.7220146766668672487525994435119467289140252641163756414794921875000000000000000000000000000000000000 57378125249135964661594726982542403939384232828094.5573918054291632744119236842257755100521382078165237258911132812500000000000000000000000000000000000
28700774618959158719947067369482520701244041197144.4959928281155784974030026875485248589527822885489369744873046875000000000000000000000000000000000000 60269923136993698564376157275446192566204933818280.2099781135298425739721906117885368068660481609141239938354492187500000000000000000000000000000000000
31709692450728656514225536444499496643583990018302.3215483902262263989336780694676571950338240880532883578491210937500000000000000000000000000000000000 43798600115948358551110794009164303738179807044284.6114839359460764604974743491243551935703239435283080346679687500000000000000000000000000000000000000
52844518692987867843463898489470116762284621334644.4437274092978332090482946055946129173298890987261032763671875000000000000000000000000000000000000000 56717994656178750000429599301540802706457563235342.3097469191911584269423487596716841978192132553421083480834960937500000000000000000000000000000000000
34035055700758586869039470082092233889893419680513.4648652152968757326006968359614240110285145658018741403198242187500000000000000000000000000000000000 4816823875061998592114576820727812867355247157437.3682991376463450483102531591656598331318588467649276922607421875000000000000000000000000000000000000
38266279856261766003668852992254110179652427683089.9683180828933777710589077233452286478247141805330462554931640625000000000000000000000000000000000000 52361132742661133236739756606930234569141543923177.4752906700203264336431542576146815370819085690109668545532226562500000000000000000000000000000000000
35621498577381570490226631767079952981926867572772.8987214741591777047453204449704499065560277580387756127929687500000000000000000000000000000000000000 9043789123513840857962249229721936891095373420705.7927349414606664103331764663910509775910718488994906759643554687500000000000000000000000000000000000
59831255710706001079859975655167709166260114669548.0712205439652329011375698554719470961564270634633834524536132812500000000000000000000000000000000000 33717767125433990144802037745094690071486730102061.5780939635244153381717721141596188319230119273544938458251953125000000000000000000000000000000000000
58679221353319378074407285089290721208152604186712.6971047908853599253922794226210974190015483560806133898925781250000000000000000000000000000000000000 60244369694685677351685894268439678970091643382431.7358757308367585153604651308380558528441284853344692050170898437500000000000000000000000000000000000
32910704239205653510667897773805635660908640503180.6043603768011771536847756741402620340640488402970634323120117187500000000000000000000000000000000000 40659785619113086258990154648530883682263965174230.3759079284789179276905277723736113412111904598273781414794921875000000000000000000000000000000000000
19588842982623927961477450121076547553846559947509.4389848661400212641052249386228580039699246381037001950073242187500000000000000000000000000000000000 30212686622183747137454295284034575137947058651512.5470504707897186319300936437853146385830297603451786462402343750000000000000000000000000000000000000
59756724837307605876180041884732044510929684231656.6884219277770710635200372026997109802591613430227236517333984375000000000000000000000000000000000000 62676205620999029426042590435226222866873116527344.8546191504619247599096734012921599772634842779982832742309570312500000000000000000000000000000000000
27991666594911570067792268925051768409100231602349.3396517083824958709276205911726783848445112912135165847778320312500000000000000000000000000000000000 35651310926740928571698605275254218844059039747929.4518409206344424397923335060793443529149340462150395330810546875000000000000000000000000000000000000
35630016391484244227790052769415457513964631051389.0567556017235390576158956052872768912300009832319938757324218750000000000000000000000000000000000000 63706861127422551671216531717822271243442497439899.9767485857496484572492677996282251228142445263776930899047851562500000000000000000000000000000000000
27065354311245801107770234921065650549993453302842.1534403357581987462525719067177438015499230514510304901123046875000000000000000000000000000000000000 58344897149789433875043010747622168325670387651028.4942652839841768252222043801856382705480992672467965695190429687500000000000000000000000000000000000
32644522548497099211810991450821119034728531796425.6657938904148848764793019142394187630023855530089927154541015625000000000000000000000000000000000000 40333979229685815797189301309197835331819512117162.3311025491420961803910278902549791774317145961867795840454101562500000000000000000000000000000000000
18858440423319654965414099170807033931608341656173.8875584274960352554534049414549440681767205777852341479492187500000000000000000000000000000000000000 57629400765164839919715646551439787634498255447271.2193985685778231840938909135721715579343483510164624826049804687500000000000000000000000000000000000
51609435648100175896767853150821959616808916935301.5287789124654370428148963596547001396037714457094551501464843750000000000000000000000000000000000000 4261036504862537216101356418336142151891180177733.0565723140717667735052239484926990831551059029074360354614257812500000000000000000000000000000000000
45800286430076686878514729558007868767054224519081.7495039135709943850826370235786965919540318639345998254394531250000000000000000000000000000000000000 17574379947341589027728383068729725726915497254788.0639136971685613102141995236932761285752568799075810098266601562500000000000000000000000000000000000
49782364523076659189414048149856237494708650772135.6304585499099268520765244716953119270365146417641377496337890625000000000000000000000000000000000000 41615910252138213300484162160691267403502915648894.1152387475784797874125895179374403708646849877661281564331054687500000000000000000000000000000000000
39948548141539829172444500953516255257110714709781.1800582768547449629975018859185581209344261561936531860351562500000000000000000000000000000000000000 24375854508326568472120053433630094559069634929790.2541645573111015773684650366796233907428771966923639669799804687500000000000000000000000000000000000
33830628162294417167517366026040125120987096193725.6720461537522032637068929883575763788531571611646358297729492187500000000000000000000000000000000000 12657471756573174019243609470559734608116529223610.8387135606409703656746882308048992255242126371223387280273437500000000000000000000000000000000000000
40272225077441431199854499042265427474545726897195.1853551243004763720793579779579835385454087135359471777343750000000000000000000000000000000000000000 34324661380249493946195784161499387979177377953462.8380255524851617302002522867335414899436042223712950802612304687500000000000000000000000000000000000
32346399054903518397091256369078460413406810044860.1345994256622375260091713031504742994133226712463535125732421875000000000000000000000000000000000000 49243612781082545288527669752135575843320110749663.6347999814640712830126455816560051464077081482930826187133789062500000000000000000000000000000000000
56153689471876614886852957896813627458955732777021.8399859680522187992667443886818964631684870862913984283447265625000000000000000000000000000000000000 27578552610931893795966350311779798605268702889465.6749965215109702567047253158065696281568098693424308322143554687500000000000000000000000000000000000
46843718657654219730033802344107173941680250649561.1086845402052601117280941623900022145157519501038370355224609375000000000000000000000000000000000000 25223377011542605359680443166012795496827101052097.9785602499650561879906934882039083658032131034175811294555664062500000000000000000000000000000000000
33404737457160730289346315909264898519098922262917.7703397755341356201781349725162271451544959015037226828002929687500000000000000000000000000000000000 42618882862728045898576985185696926050949565255946.7237572682820290879228146452438178162250322542675786175537109375000000000000000000000000000000000000
23413341514724436127453480169718082438802361846164.3963081425382687029934719208781741225839027498587002548217773437500000000000000000000000000000000000 37469864237661771541488989273884436434121542432479.1921271556255912776601302337219055808082176249671386706542968750000000000000000000000000000000000000
26858797319255962971857275614429665648077688946400.3211127423224359391411242690346894232060723405154876138305664062500000000000000000000000000000000000 21588399843226587854490530419336236449711536552652.5374963118738488504727438229979926561851392522116874200439453125000000000000000000000000000000000000
55789552918987312606016710046970808714341344066181.0840270146757709640496562851375428683561317092813176876831054687500000000000000000000000000000000000 15033941891219146799438069122165499046652539757518.9302351510977878165651579591996279495627424660302340881347656250000000000000000000000000000000000000
35553356064560180589719263748395916725624759743843.6344484536442868817807191624358340291642419564930295092773437500000000000000000000000000000000000000 1675879924701057865603082209510516678429964417729.0932145982880961772856627923357092346042320567656932333374023437500000000000000000000000000000000000
34260777774479440914470126643983103988894151863841.6527695957524515836709385843573391048888050334221581082153320312500000000000000000000000000000000000 6396878391107976910129172753963903560360372440734.6836298008353760058019453979370654901538921201069154675292968750000000000000000000000000000000000000
48481268418893245776601490043107920225940279413517.4907455644537302010961687332999900180871044935000480856323242187500000000000000000000000000000000000 26090064596489658156758530153650381631669535001292.0585327296388238425717160504410540563799887668275393835449218750000000000000000000000000000000000000
18428290811134631218461338552864055063701285986057.9068349854957869354893593454551813421410727055277118695068359375000000000000000000000000000000000000 3707378588188744274478991266528347569436554067682.7843540223882788369178385278989450793468462653482489443969726562500000000000000000000000000000000000
49307496386852598320253327269651859833603336839284.8200559381967814295419592840322075314625073372422195907592773437500000000000000000000000000000000000 55885378327642392153605196323245234699766183200612.8619109497748361838436268387018464459383304927050231457519531250000000000000000000000000000000000000
58364062231520449784560708002877053522755355477914.8498420710039898691809984908984989860645390239315376611328125000000000000000000000000000000000000000 19452557956981148160462714083708475041242344289650.9104388251102396181760223735536262491863530350122079879760742187500000000000000000000000000000000000
23803031509921759620979991026567414779530040992853.6263694786078005968222855053730086714181778024484357843017578125000000000000000000000000000000000000 60934312637002250094322995457615546065150485150340.5366400635500280978770531165010416114359597259851485031127929687500000000000000000000000000000000000
39505621808200794819146608832070019591147013821740.9622836435079546137275935494435549178878184461463035131835937500000000000000000000000000000000000000 43498347168829109302000203676837768983848644423065.0407809393023387718096999479562039838127677554673642660522460937500000000000000000000000000000000000
47714665149652609395893599832912512342541566338063.2676740836612084427444043047855613974295142261104044210815429687500000000000000000000000000000000000 39842075465256407452901738424322448606638671227079.2046316823002280521153123819582208125097608412784248992919921875000000000000000000000000000000000000
54920735880514591374547767808749346446489469247332.9645460031109129712509899328211904316108627395730548678588867187500000000000000000000000000000000000 7495676410352889055810482055243988193231861182219.0700322566379905261061410788077465130964381700320713867187500000000000000000000000000000000000000000
19067126868835161535717913728026894966533546882269.7593945528228884007824963692172051926890645950190815899658203125000000000000000000000000000000000000 11590615540213288389425128928037791970386653526937.0449390832047109186351494011223193951090661816717512948608398437500000000000000000000000000000000000
49697186382049921813779838126501192174331015985974.0501172742663133233707728685270420802967823898319551202392578125000000000000000000000000000000000000 31279542838543632767272775826556517775676934348186.3408249482259780789696324734678944689981762157957660794067382812500000000000000000000000000000000000
53432247866072355735339947650619929472890301359159.3480822112387665571179806674556748598340416370581634191894531250000000000000000000000000000000000000 22191035190990754787102566334573182091383302664745.7184108370524145660659364154135018218687449346318795230102539062500000000000000000000000000000000000
19754940357626065843964159666618885928582947780524.5206503536450676450814405648009842051124025293714563223266601562500000000000000000000000000000000000 8713723827035233527379685389221136274632038624329.6689124983416639865983890041140053214746093726622829870605468750000000000000000000000000000000000000
54433091023136519899041915425041711987327510096557.9170922000512255194105620046828455590258955972613093145751953125000000000000000000000000000000000000 26351987380146875586833725975467145991830761968738.9180821522429354433419022301834838351046654415190009689331054687500000000000000000000000000000000000
34763328806537191430711965781777871379122197102194.9767831220497714030348730430501312006532253198220356216430664062500000000000000000000000000000000000 9467550375121859301742444095913287359974106481859.6549327877876437156442906921531934651212398022620992572021484375000000000000000000000000000000000000
41692570579062276938554951181710808191842786956439.5375458956577319632477659607888832329304440145050925228881835937500000000000000000000000000000000000 33670919147869284588203222232249415145279030969672.7089062619204278973836087324170704162161591887917933996582031250000000000000000000000000000000000000
17827784916896132720240157888210985555038960743618.7654289922083115581138105431188789226259603294058243322753906250000000000000000000000000000000000000 18277099610812172376710615761408849620030984240621.1017292212283729220366502498315023641780479583480877023315429687500000000000000000000000000000000000
39382113503712025624477004298205203876599443381806.6707887938247149971042537248495636401152066808446387005615234375000000000000000000000000000000000000 45789639162448344706560453305088488102007020170811.5519612541155426939944180731826628611115653324430769967651367187500000000000000000000000000000000000
57706061092088903557786435572459328422838126754816.6417057166570753599290673564236144200001073777554268490600585937500000000000000000000000000000000000 13185576230938945748175711615361015594457864897812.6368294696313742436503481704481722753105525991018710302734375000000000000000000000000000000000000000
46302837462134437394756568695802636157282269757435.0735174398683142044465714822714886877184521503344773388671875000000000000000000000000000000000000000 3349630395876447296815309168437157223850487965804.1469206646851020163536817945922117230399708072330819009399414062500000000000000000000000000000000000
41004757090271372630308705243118817229793386058184.7762900948355527189488217652051042205071060801527177905273437500000000000000000000000000000000000000 33690084229600300497720919487504300342363998796559.0644830489402409413424028431299311317325989454765344912719726562500000000000000000000000000000000000
17804360928113779941940750131788348091935111177424.3308351414063178377197288522476047147725339601244741091918945312500000000000000000000000000000000000 52222718263492685001334165318978285923527887395664.9072360970994544494963079024662430361298436596211700817871093750000000000000000000000000000000000000
34169211272875698235663350868876430269488194468717.9539027244355670403122556109514490196435928625950617816162109375000000000000000000000000000000000000 31645808844958603482499878926983212653300763928681.1362924334935162524043643670914548099790248991041513858032226562500000000000000000000000000000000000
50670346643280396330400687643332584959645493417870.1055163484945978888339849347245250792982233681571416610717773437500000000000000000000000000000000000 46192105878799678806432095665441077240791344535425.0190737815316166171290943981527378869568002228226399206542968750000000000000000000000000000000000000
40378697753724852919397261571459234125017770379897.1607817188549932829615474819183208469700740284511754644775390625000000000000000000000000000000000000 35095523556541467195685384872862548128594972768225.1401140970598641649873042954063836029381811023575478762817382812500000000000000000000000000000000000
57846605024783020227582882110995153201461224151983.2492688214690376822935575016512596671206655934435281875610351562500000000000000000000000000000000000 63257546433506512014746073844624407178450473942897.6404483567295870933264280929156016812621568974354297198486328125000000000000000000000000000000000000
54232922391723687066301521870157355484440068349078.2032902022887337269520457372374114191875248052206801354980468750000000000000000000000000000000000000 61130222361363746058281678511332150302019045158512.1714249975303392139002818037880622589373439054291685507202148437500000000000000000000000000000000000
26341340112518533414879449722547765326783557620468.7205394927874837522536832797874501042621989100274781402587890625000000000000000000000000000000000000 8566791533764111554410673098933683096980618618200.9428237978564306495809674886487398358485712380792679513549804687500000000000000000000000000000000000
38157677726452675849735235212476427396170943330733.9533829564477705219590744293056845932315555593195134030151367187500000000000000000000000000000000000 39066954381913097334630427211791536191202194673008.8235260739433449408929727931269652071781973486955629718017578125000000000000000000000000000000000000
23049204961835133846617232319875263694187973135323.6403491891618208677763838173338205277715473728486195141601562500000000000000000000000000000000000000 57608106229908155575807094045601026304403846750730.8243132496669198019174530127801040962494152880334168252563476562500000000000000000000000000000000000
29680323240766638539740482638065541885586841238002.6699174980171340775191461239836280964597031857690372125244140625000000000000000000000000000000000000 11024180902385484841457632272726740589875382198962.5356696001746809527419012400533249142898467063227368093872070312500000000000000000000000000000000000
57940300979912431340780513136685703053876622416760.9876442246770125638698842651363564985343710705689290798950195312500000000000000000000000000000000000 30796156888216898160548633944016635582533856936719.3723882089484713035644921254879630887501956860806296575927734375000000000000000000000000000000000000
50327504625647778393472992299328527545125513403569.7446427140290534357933347319722389461708010541301065777587890625000000000000000000000000000000000000 55478652704239721184951843461724893294962977096691.3157813585765815842736629335733579277561089897288510903930664062500000000000000000000000000000000000
48036212632028542988912742671077808426967137655823.2334623992158495136086166067457800688720034771543938470458984375000000000000000000000000000000000000 34788882248845212643402228788784384975235487538043.4508855047428554616465985240006121546751449954016904104614257812500000000000000000000000000000000000
42461303301828581753653696642490092208250940901547.8001259083413440598171741793825185997565275881930407531738281250000000000000000000000000000000000000 38668746572613100103540495352606699318436752047703.4354306103094516941935840483153036736699490709126091793823242187500000000000000000000000000000000000
49379897806725325089542405789503648355924326407522.1633460224938529289418481467252369011912797513845748257446289062500000000000000000000000000000000000 57163050443043452788118346673570914505430704993036.5670300844290391144299008862258941470343142716877625866699218750000000000000000000000000000000000000
