30893649215875874437699249662862200179813925576620.8116088577866481742821752968123708486493550650408130517578125000000000000000000000000000000000000000 54650125267016578350800490735343015498918939575966.3263081437269945367277179265214097396664521389501922460937500000000000000000000000000000000000000000
41948444412856066894433264654877886511282956409213.3246129753934411155502142592650022197880211103261789843750000000000000000000000000000000000000000000 8880344463260989295220737501298030010780874522933.5973633149419837327152256372305931918038240940806232958984375000000000000000000000000000000000000000
17231117899121729849999126979026446305084190682629.2300318218548995401002458151820184137327420303032649902343750000000000000000000000000000000000000000 27976996663451777208141772290626524635274645803332.9302973014447361915923315930551351357777128168381416552734375000000000000000000000000000000000000000
28247800029735995314049791166315531649382488148170.5258798737323277443180048392774369385546534657427913378906250000000000000000000000000000000000000000 3684931732326730818911338330671895443823010277530.8376680392022643137560129874842104570462220150951219775390625000000000000000000000000000000000000000
28055228747044995772070755521381126661572466925174.9023544889944848623797483086304667676910512265217071191406250000000000000000000000000000000000000000 58615890119934350168431256048210918216631564137032.4482840356719463866436883545324516958887607529093953759765625000000000000000000000000000000000000000
49322319779232257689380504558824477502841685739754.0754391659800081364359539119552350124401235205001955273437500000000000000000000000000000000000000000 8683761278847260596117138613760824919058144524458.8983478180221024574032554288618111423805634748757664892578125000000000000000000000000000000000000000
17154891766389875864632425369573244330742723948526.7957196903961700659996859384675927210992328106115858203125000000000000000000000000000000000000000000 44498007957650446247093205328957352547809383226165.7985792670788401045452564514764510444509215900136585888671875000000000000000000000000000000000000000
26767408294048936335085954645882293305592949996391.6700284785601605894176577599288537500407112517307064062500000000000000000000000000000000000000000000 59582758435112077035450997515485743259594379027489.6414010715431991897086846854891144287664303289985890576171875000000000000000000000000000000000000000
56451469140521969899729386664000262155725179766071.2213685134622331615251592236149432129530647516640842089843750000000000000000000000000000000000000000 8603523244392677453625873761704822840803969014877.3885455743813345899289818744255735711873958752003147314453125000000000000000000000000000000000000000
47051583404167554756877709245639618688248518818597.3480356709462774869140123214097117476734804496849107812500000000000000000000000000000000000000000000 6922536422569160618433875111131579301378992089144.7581885701072477663429509089863964546905346619996004052734375000000000000000000000000000000000000000
50198920305648578521097573067536300207768553181932.0700286777553970885923924941711304777254795469545059814453125000000000000000000000000000000000000000 50373438030587296856016074120758104727971384915271.8538485576740672003489374750699471950706190762486135546875000000000000000000000000000000000000000000
22059441622426270449410989451496371364029201971696.5823818329381059653646569533826142602816023407735745166015625000000000000000000000000000000000000000 8348767484999375976216107856427016242346961771956.0949234508218966106981633390905192826490887462307554003906250000000000000000000000000000000000000000
42084849071428858236668414903373090044315054775501.8912767895827464902564793018066060908164060297744469726562500000000000000000000000000000000000000000 2152385274244192797328179656402255749168258044524.0004451856635980449973880977520728472567208612939934033203125000000000000000000000000000000000000000
38345756665845283796575472797563393197670476029003.5344922359229638659553316650779352732147958848983950585937500000000000000000000000000000000000000000 41180165232953433305079403696441666611999225904970.3682564925330887844840449755380274756134413434337284033203125000000000000000000000000000000000000000
28508573641713390527146401935497538403708558554310.4327371655648233136093938911952090449324481646880095507812500000000000000000000000000000000000000000 46784791939606065808094253612553411778053385249238.8279432108407243275620527529092218234561981807640336865234375000000000000000000000000000000000000000
33483331777897545361604822762969667255467440148364.0404762712924310970143542662419384589088393445660185351562500000000000000000000000000000000000000000 8431011470315323697269654329784418372557491669277.1424707505536836748592937323876627931220855358980934521484375000000000000000000000000000000000000000
43230247013268032595731220666472519711393410174777.9437038175547077984517342913838974195988735151415208154296875000000000000000000000000000000000000000 1584701180478017064202480828106041045519966314234.8185943119051653826169027001156920310650600935901722167968750000000000000000000000000000000000000000
28151514388390495543060273343848329155477477536672.7141171813634063033488765739539518531228523461322492285156250000000000000000000000000000000000000000 50078563253966703807360675789452297090387289917559.8053253122942452873809821625167741209357281474413283447265625000000000000000000000000000000000000000
22262042659424092884201433202937776611620995133389.8946324981310448307371976783341141275443505299540902050781250000000000000000000000000000000000000000 47290291556669939605789222180506224871054690959602.3396973457775618926499761458575185219731540587193797607421875000000000000000000000000000000000000000
26961985527601300455627271912118098345359325607126.8312989193890226680427711294367298601841426809436769189453125000000000000000000000000000000000000000 24785528843020732715551712800099041972714814909728.3779130606331942628031009653537857415694715397470479882812500000000000000000000000000000000000000000
27698169493722100787984626929731917413341385907537.1837345047930678521192309913892095758814554079659467968750000000000000000000000000000000000000000000 45509007191778193842483142464862978733811994646892.8220875369525152347211032373730444414848333459243507373046875000000000000000000000000000000000000000
38732905182088647459095825708733603225246872862734.3192880614896688265187015652327815542218295533324497900390625000000000000000000000000000000000000000 53322185796793227342570057433816181103812334892392.3390810114722863300284906006016779364195283643214656542968750000000000000000000000000000000000000000
17178963176726250807379804825190044954218976601401.2486603634884004262419680047984639924571830905142213476562500000000000000000000000000000000000000000 41830093312035556759258648998095283445858047532580.5976546660233085110256607664715518022780989008048876416015625000000000000000000000000000000000000000
48355451464054530822360763091549652459878870849296.8823221301087553333709575809985722795624539444110018457031250000000000000000000000000000000000000000 27431378029160611839201171296645710503146252338178.6636420446875146927672714228887196516641731390450697021484375000000000000000000000000000000000000000
19911068249904806809207373037696915718773652702651.6574267594565463137409825333523532915845398594633537011718750000000000000000000000000000000000000000 40522213350425851536651031909582449570314986726401.9878780946787922711950018291608793918294670260950239892578125000000000000000000000000000000000000000
40125035079875664981319270891905239282956817953973.5143569886569913271973477347015034144232874077015377880859375000000000000000000000000000000000000000 6154257242666527029080014152695359402095261584901.8018320872468954352767816252594217105159548951071498242187500000000000000000000000000000000000000000
17479855805930937591722048020400052747672134762331.9104187771412799292704938339343548844315615892971654394531250000000000000000000000000000000000000000 26576842962219301371669200622249288369739283161135.5842481499133369041662580681427895184569382025015084814453125000000000000000000000000000000000000000
48748617832881988220567960866624062643324330846246.2803531239485178839948979977361363784089751828207154589843750000000000000000000000000000000000000000 23491690537440579542880067060696008460866234817726.5323518819258123997804399000694549060796439949803883935546875000000000000000000000000000000000000000
50557985509832838083745983280486909507955988587309.3263937180478332955397666502732936088149045555021525976562500000000000000000000000000000000000000000 18039516096251655010598620363490667243495008941662.9412894265356358049035518761271119435039055970334414501953125000000000000000000000000000000000000000
42714717641897335905224843992012706358610332525716.7432244021627742499295267041310710246827716872267432714843750000000000000000000000000000000000000000 3781217373672230589900856153139097937728020889028.6494307315711857547251412528076955424780231347056640869140625000000000000000000000000000000000000000
53029316971033998872476940723811773518184594282419.8283028221834836137473921269094108015644666255060667382812500000000000000000000000000000000000000000 28145496535806401807373428479944128999608414373454.1008820130903487132883060573712340352833647761565903466796875000000000000000000000000000000000000000
55494630579651065925521053303232437372544136814311.7169767580460763418944470869628101764745411255343219970703125000000000000000000000000000000000000000 48299284839936322622616877695110451005100947992589.8254605595602178261389660928932059797272366246381856152343750000000000000000000000000000000000000000
30983917004637280473001922621425202517849873024900.0101363818825120251907330455531381162416686146756962792968750000000000000000000000000000000000000000 45565173815896402042227027861302180188589917503599.8789491075010527419530947254784107413200506656971669677734375000000000000000000000000000000000000000
31690011707837612126925053319518020806486617509217.2963961259212692589643403245920287427415434918196717480468750000000000000000000000000000000000000000 46668446789646920251481919577072208764584830760345.6387299575616109197243560989766773452261051612346286376953125000000000000000000000000000000000000000
44349567593909467433484365352653748703039158533440.0054451163434195497178503757694115377435615306140728369140625000000000000000000000000000000000000000 51524853825010564950765724747761734550918803477766.5195107539190860986047629812299563416925741315913462792968750000000000000000000000000000000000000000
40108987472984748352821017921494038867305982852057.2123965399288377537024930238142559001846538877664474365234375000000000000000000000000000000000000000 62862488093443162984781448343274828208233802981633.8545677803595857727196162230703251512871559657326796582031250000000000000000000000000000000000000000
51506800267258283743705190156049134083311613988110.6798052490999133284230514314818028881741114216643696337890625000000000000000000000000000000000000000 51264080213033169737669113978579727796592733071626.6126534620865905293133739293121842353147794326461280664062500000000000000000000000000000000000000000
18721539389115611721774371605966684908655500773105.7746084974821626784348770888351312986458301942747813916015625000000000000000000000000000000000000000 62914642815838642027400770497111229559099017062861.8359392387260848865778940334538795725627149055217233007812500000000000000000000000000000000000000000
53255989418368196250014763930869979389252640096987.5934941604686528393622149181917819401851650945892179541015625000000000000000000000000000000000000000 40524219301287216115213313530883849622271341114141.5256231507698114678818586680217853311092962160869102832031250000000000000000000000000000000000000000
31447291653612498120888977142048614519767736592733.2292443389079464598546628224224100898822115028014301806640625000000000000000000000000000000000000000 10306575525691204653002970246593466951748844205744.9340981956566325770704380673347160197623781783117782910156250000000000000000000000000000000000000000
22001269047446697671104822433755769857294924727249.9877752062985492614458086264163420211665558310088719921875000000000000000000000000000000000000000000 9618534380243154206140374140213249130719289211083.4875439564370481134785423380439788467809660110947794677734375000000000000000000000000000000000000000
40602451384880434679142296761638451648569162235983.4976803383195601386692753835971169630226346257704757470703125000000000000000000000000000000000000000 10880277472041474121815513938793881811266199099252.7291842376881228295114939815538146537935265159912583593750000000000000000000000000000000000000000000
29327001593150138580557303426468759601901148752041.8327200507006555618469841464448322711027576813776174804687500000000000000000000000000000000000000000 49059540216393497897721612168341070696559260945874.6308368180564933704577080211765569667824996315630910205078125000000000000000000000000000000000000000
33236599821949702198444183342897460864835850456400.8978343720970699045309630863505079274898489755640043798828125000000000000000000000000000000000000000 30935774183964530587507163710191601270897367719151.1042550356980513047061689128913955735257680548704252246093750000000000000000000000000000000000000000
35621675396112186108997031070262122640941217478711.2767060643188947652037444919676697312067558759168078808593750000000000000000000000000000000000000000 13650495611585957116326432956027353562991608567554.3551066993856334540607884484649167992376378947862302978515625000000000000000000000000000000000000000
43330544556336261523845301731542522309211129561754.8309566221056676327945762344291943835903330147358355126953125000000000000000000000000000000000000000 40319612313428029101860588158141044322723193564708.6756274294858534058224611042093795245667188369145083007812500000000000000000000000000000000000000000
54670184775630224136423306948357016018482483453361.7037587046371865035962863151304691324647440388690551855468750000000000000000000000000000000000000000 40096951767816560881447328193685638555567856525619.9859262033827225735813519906488202645056787478151296728515625000000000000000000000000000000000000000
30321953220386969547448987591963185372252925070852.5542678718461771185279762214541781538980359173532192773437500000000000000000000000000000000000000000 42219247779140285000341283530566893525390798754050.9201955476810326682758875054873040225649617592308286669921875000000000000000000000000000000000000000
21848816781982989700371419214849365908611991259045.1191509433810903132446888729874906358995373916255136523437500000000000000000000000000000000000000000 30295875859189230026139326515044984696820318030238.5635821426629275615988373162624009432602564474586974560546875000000000000000000000000000000000000000
27479520849833361724695930207879311750098757643927.5695233908719754132518355555504621943800736988503407568359375000000000000000000000000000000000000000 62144357685074643859484627917373609607858932170879.3418376997747133588248679108659988891083059486373864257812500000000000000000000000000000000000000000
22436560384362811219119934256159581131823826866729.6784523780497149424937426592329308448894900592481977783203125000000000000000000000000000000000000000 9744909284509122655564116282201452403969615638674.3654824901712575047505231862810530214102049805836159863281250000000000000000000000000000000000000000
55129547522882712627185798226377627916487638245715.8473765494805825448865024142779292275456285470110164990234375000000000000000000000000000000000000000 26831598721612602849078966527527094968196290404056.8778702734727748833970766034778438069952453314710678125000000000000000000000000000000000000000000000
51544913333624210736388540960775735070482347355161.8969613148292780654733313698390157344908660315102092187500000000000000000000000000000000000000000000 16908159810442032701471785949501037940111134256563.6530777912008088735162947585761621896802424416095716650390625000000000000000000000000000000000000000
37457120434260775493484714561043170181005482260388.3134323876014597336777520496966041722504647184927668408203125000000000000000000000000000000000000000 14370631970815840820185535003229972215322833766048.4055818360615250646423935995301490006963171018734098242187500000000000000000000000000000000000000000
24460564803479670988462090149272233555785404095923.2632139738880843995322930698870235782371427610614683691406250000000000000000000000000000000000000000 52449597172099635667977552167707158502798176225693.4199816118789357712457656961075943496938307178509277880859375000000000000000000000000000000000000000
37065960016294682673839798407270160049516376651178.4531464498527163797406684718199460126837726700749395214843750000000000000000000000000000000000000000 37059942163710588938152953543365959893647313487959.8399112815796587896800979552372281948442851000992806396484375000000000000000000000000000000000000000
20952156746953023083031534493123542684121579939471.7471108706955093942196819021625357778158894652523402587890625000000000000000000000000000000000000000 64824308035857720818692873976044079021548394190901.7692326373763601324656046290363337669601037777974751367187500000000000000000000000000000000000000000
17592189054167353991209818813278455657227980475746.0241419182383549437344768101450874841019962288427979003906250000000000000000000000000000000000000000 27652032623910715481052149639799716218345234989527.8155982146996263283215236975883729724453840381525620361328125000000000000000000000000000000000000000
30352042483307438225883211911484186151598240886945.6204437132114650688308288043677672430954737672315136865234375000000000000000000000000000000000000000 52720400538383853773885571043396165516906018570531.0155641841665273239714389423298961524707713667555774707031250000000000000000000000000000000000000000
34837348609318635891144917141414702326006651872552.0183891327303888606427204973534474727935425890892669482421875000000000000000000000000000000000000000 51998258228292605491464187374892146812618438984297.4273439913996165167029769524037580117322629696765116503906250000000000000000000000000000000000000000
53677239099254757748093904404163990300087061522290.5199559395826841436021510789820291889492949928853396826171875000000000000000000000000000000000000000 43340574310643084416656709838049522568992901500452.5196819025607636162288604287337240799894789646952669824218750000000000000000000000000000000000000000
31677976002669424655551363591709620494748491182780.0699257893751540788431992914265931070625683518683539843750000000000000000000000000000000000000000000 26384271679528301829690164977314883381929261938139.9607227651754940222280015374958193475933359632804242626953125000000000000000000000000000000000000000
35376949391025707524398673271491316302265982174487.6718092212145527694072101509371451390675946969066800195312500000000000000000000000000000000000000000 14420780742349955284242575535764973514231693459536.8492082383370049818138145710527974826920468516705671728515625000000000000000000000000000000000000000
21890941750071645850179333262178766999695433401575.4117971212924934436686824890665153607759503814551258251953125000000000000000000000000000000000000000 63717023160384473452313419017671250341640772158676.9339616751337635613206295778162552844943909022762408789062500000000000000000000000000000000000000000
36530371136310340197710605519796346177169755124721.8752164735505908643498924959580602249693789422412990380859375000000000000000000000000000000000000000 58585800857013881489997031728689917437286248320939.3821081943066584363408357716188626066913229030311009667968750000000000000000000000000000000000000000
18075623211756217424719689546915868178709387920974.6207004361739813452669749756234188505408310168873947412109375000000000000000000000000000000000000000 50148771534114464057040532535001298908859693488443.6264022754799171714209715226484819957297497971573486328125000000000000000000000000000000000000000000
21991239293139874778293414327248769597513152788552.2990499258434532780115244321118123247674098810494405224609375000000000000000000000000000000000000000 49101665184482154047529526215670471787642703088404.9234829959678965008817016372555816916589126213927031933593750000000000000000000000000000000000000000
33322855708988379076622293058857663098959089129201.0208717840108953620658071573694633165225041452151150195312500000000000000000000000000000000000000000 51663264434444720871563156617558338135907256231794.6239196241994106699978848626324661520007882410315005615234375000000000000000000000000000000000000000
17620272366226458091081761511498056384616941904099.5525727035126236973504725541977706340196048887292060156250000000000000000000000000000000000000000000 40096951767816560881447328193685638555567856525619.9859262033827225735813519906488202645056787478151296728515625000000000000000000000000000000000000000
55966029032071741887657234309061449582287417933103.0870649394355875633058042192757059072344007736276010742187500000000000000000000000000000000000000000 45063686100555257401656622535952167199501320568715.4426850847462535702388850102519259213627531677255934814453125000000000000000000000000000000000000000
43418806394236302980585693068804124595290722622294.4917390901105122870162771443090557119028173743788324462890625000000000000000000000000000000000000000 20789674727182492219486723167710138475656874532569.1897613273229544625842779544291546961497250759095504492187500000000000000000000000000000000000000000
21469692069185084352100192788884756088861011976272.4853353421784621394287463282762681120118204831590040966796875000000000000000000000000000000000000000 57318039912631467838635047066205084600870275269551.5272327447825261302473136115263089818392748281589631933593750000000000000000000000000000000000000000
49093641381036695733280399730464871579817285537446.7725027716038197141342742818119579345395958614251580175781250000000000000000000000000000000000000000 6015846633232371108282582282898755817106808830873.6974232169665708638836597438569119002077407856669955419921875000000000000000000000000000000000000000
24590951609468368595010395533863236932948439298993.2166426198043321841779875958459096314260401105340774755859375000000000000000000000000000000000000000 60054156887532752997587178521314755469337660146281.0114892529327104111200418178020101595262899770918681347656250000000000000000000000000000000000000000
53857774676777569818699250321289994976158956418848.9170109877744118454192665764635637241339220921551061376953125000000000000000000000000000000000000000 457356796391123912200209656719211846048800404614.6058727887523768446033592602865541558010553181500750195312500000000000000000000000000000000000000000
47948243439197521374217593967365441912738930138170.7200757436318584059390192922346666057571283760580841748046875000000000000000000000000000000000000000 39657648529177718176307653128679027177126245610661.2197589194495184991597042801104195622230861395920312988281250000000000000000000000000000000000000000
40367755134100778987355347069374645569675698870457.5815087756703141263070252368711220672826193967197793554687500000000000000000000000000000000000000000 2842432370553607822753057384083873622154167426924.9847444809742017052761406659037159595179622185028785205078125000000000000000000000000000000000000000
52557918518613322910340759717982761308441313163628.4582146407939723923360349945965150708046069774127876611328125000000000000000000000000000000000000000 39288553570686635720847834809221417617157038266586.2746685987019863087780459297037267347345151810849532128906250000000000000000000000000000000000000000
35627693248696279844683875934166322796810280641929.8899412325919523552643150085503875490462434458924667626953125000000000000000000000000000000000000000 57578813524608863051731657835387091355196345675691.4340900366150216995387026634440810882170695271041814062500000000000000000000000000000000000000000000
26919860559512644305819357864788697254275883464596.5386527414776195376187775133577051353077296911140647460937500000000000000000000000000000000000000000 12158068170730710665988906707785714907463944089338.2727849676673511190393003359508979750447205408228276025390625000000000000000000000000000000000000000
46907154942149305100393432511938814947391002901350.6303916323928953254603199234244841195257787702690976171875000000000000000000000000000000000000000000 60894650298444511415183177846601377239050148609147.3266677550697538229130573005215987177747205836922252978515625000000000000000000000000000000000000000
