172675919.2500000000000000000000000000000000000000000000000000000000000000000000000000000000000000000000000000 410105308.2187500000000000000000000000000000000000000000000000000000000000000000000000000000000000000000000000
237429388.9687500000000000000000000000000000000000000000000000000000000000000000000000000000000000000000000000 172675919.2500000000000000000000000000000000000000000000000000000000000000000000000000000000000000000000000000
518027757.7500000000000000000000000000000000000000000000000000000000000000000000000000000000000000000000000000 669119187.0937500000000000000000000000000000000000000000000000000000000000000000000000000000000000000000000000
474858777.9375000000000000000000000000000000000000000000000000000000000000000000000000000000000000000000000000 323767348.5937500000000000000000000000000000000000000000000000000000000000000000000000000000000000000000000000
410105308.2187500000000000000000000000000000000000000000000000000000000000000000000000000000000000000000000000 215844899.0625000000000000000000000000000000000000000000000000000000000000000000000000000000000000000000000000
237429388.9687500000000000000000000000000000000000000000000000000000000000000000000000000000000000000000000000 302182858.6875000000000000000000000000000000000000000000000000000000000000000000000000000000000000000000000000
172675919.2500000000000000000000000000000000000000000000000000000000000000000000000000000000000000000000000000 366936328.4062500000000000000000000000000000000000000000000000000000000000000000000000000000000000000000000000
237429388.9687500000000000000000000000000000000000000000000000000000000000000000000000000000000000000000000000 215844899.0625000000000000000000000000000000000000000000000000000000000000000000000000000000000000000000000000
366936328.4062500000000000000000000000000000000000000000000000000000000000000000000000000000000000000000000000 561196737.5625000000000000000000000000000000000000000000000000000000000000000000000000000000000000000000000000
410105308.2187500000000000000000000000000000000000000000000000000000000000000000000000000000000000000000000000 0.0000000000000000000000000000000000000000000000000000000000000000000000000000000000000000000000000000
431689798.1250000000000000000000000000000000000000000000000000000000000000000000000000000000000000000000000000 539612247.6562500000000000000000000000000000000000000000000000000000000000000000000000000000000000000000000000
518027757.7500000000000000000000000000000000000000000000000000000000000000000000000000000000000000000000000000 625950207.2812500000000000000000000000000000000000000000000000000000000000000000000000000000000000000000000000
474858777.9375000000000000000000000000000000000000000000000000000000000000000000000000000000000000000000000000 194260409.1562500000000000000000000000000000000000000000000000000000000000000000000000000000000000000000000000
215844899.0625000000000000000000000000000000000000000000000000000000000000000000000000000000000000000000000000 582781227.4687500000000000000000000000000000000000000000000000000000000000000000000000000000000000000000000000
323767348.5937500000000000000000000000000000000000000000000000000000000000000000000000000000000000000000000000 215844899.0625000000000000000000000000000000000000000000000000000000000000000000000000000000000000000000000000
345351838.5000000000000000000000000000000000000000000000000000000000000000000000000000000000000000000000000000 582781227.4687500000000000000000000000000000000000000000000000000000000000000000000000000000000000000000000000
410105308.2187500000000000000000000000000000000000000000000000000000000000000000000000000000000000000000000000 86337959.6250000000000000000000000000000000000000000000000000000000000000000000000000000000000000000000000000
539612247.6562500000000000000000000000000000000000000000000000000000000000000000000000000000000000000000000000 431689798.1250000000000000000000000000000000000000000000000000000000000000000000000000000000000000000000000000
453274288.0312500000000000000000000000000000000000000000000000000000000000000000000000000000000000000000000000 561196737.5625000000000000000000000000000000000000000000000000000000000000000000000000000000000000000000000000
323767348.5937500000000000000000000000000000000000000000000000000000000000000000000000000000000000000000000000 129506939.4375000000000000000000000000000000000000000000000000000000000000000000000000000000000000000000000000
453274288.0312500000000000000000000000000000000000000000000000000000000000000000000000000000000000000000000000 647534697.1875000000000000000000000000000000000000000000000000000000000000000000000000000000000000000000000000
280598368.7812500000000000000000000000000000000000000000000000000000000000000000000000000000000000000000000000 561196737.5625000000000000000000000000000000000000000000000000000000000000000000000000000000000000000000000000
410105308.2187500000000000000000000000000000000000000000000000000000000000000000000000000000000000000000000000 259013878.8750000000000000000000000000000000000000000000000000000000000000000000000000000000000000000000000000
215844899.0625000000000000000000000000000000000000000000000000000000000000000000000000000000000000000000000000 625950207.2812500000000000000000000000000000000000000000000000000000000000000000000000000000000000000000000000
259013878.8750000000000000000000000000000000000000000000000000000000000000000000000000000000000000000000000000 280598368.7812500000000000000000000000000000000000000000000000000000000000000000000000000000000000000000000000
388520818.3125000000000000000000000000000000000000000000000000000000000000000000000000000000000000000000000000 107922449.5312500000000000000000000000000000000000000000000000000000000000000000000000000000000000000000000000
388520818.3125000000000000000000000000000000000000000000000000000000000000000000000000000000000000000000000000 280598368.7812500000000000000000000000000000000000000000000000000000000000000000000000000000000000000000000000
259013878.8750000000000000000000000000000000000000000000000000000000000000000000000000000000000000000000000000 366936328.4062500000000000000000000000000000000000000000000000000000000000000000000000000000000000000000000000
345351838.5000000000000000000000000000000000000000000000000000000000000000000000000000000000000000000000000000 64753469.7187500000000000000000000000000000000000000000000000000000000000000000000000000000000000000000000000
237429388.9687500000000000000000000000000000000000000000000000000000000000000000000000000000000000000000000000 302182858.6875000000000000000000000000000000000000000000000000000000000000000000000000000000000000000000000000
345351838.5000000000000000000000000000000000000000000000000000000000000000000000000000000000000000000000000000 194260409.1562500000000000000000000000000000000000000000000000000000000000000000000000000000000000000000000000
345351838.5000000000000000000000000000000000000000000000000000000000000000000000000000000000000000000000000000 194260409.1562500000000000000000000000000000000000000000000000000000000000000000000000000000000000000000000000
496443267.8437500000000000000000000000000000000000000000000000000000000000000000000000000000000000000000000000 518027757.7500000000000000000000000000000000000000000000000000000000000000000000000000000000000000000000000000
431689798.1250000000000000000000000000000000000000000000000000000000000000000000000000000000000000000000000000 194260409.1562500000000000000000000000000000000000000000000000000000000000000000000000000000000000000000000000
410105308.2187500000000000000000000000000000000000000000000000000000000000000000000000000000000000000000000000 215844899.0625000000000000000000000000000000000000000000000000000000000000000000000000000000000000000000000000
496443267.8437500000000000000000000000000000000000000000000000000000000000000000000000000000000000000000000000 172675919.2500000000000000000000000000000000000000000000000000000000000000000000000000000000000000000000000000
453274288.0312500000000000000000000000000000000000000000000000000000000000000000000000000000000000000000000000 259013878.8750000000000000000000000000000000000000000000000000000000000000000000000000000000000000000000000000
172675919.2500000000000000000000000000000000000000000000000000000000000000000000000000000000000000000000000000 107922449.5312500000000000000000000000000000000000000000000000000000000000000000000000000000000000000000000000
539612247.6562500000000000000000000000000000000000000000000000000000000000000000000000000000000000000000000000 647534697.1875000000000000000000000000000000000000000000000000000000000000000000000000000000000000000000000000
539612247.6562500000000000000000000000000000000000000000000000000000000000000000000000000000000000000000000000 43168979.8125000000000000000000000000000000000000000000000000000000000000000000000000000000000000000000000000
345351838.5000000000000000000000000000000000000000000000000000000000000000000000000000000000000000000000000000 323767348.5937500000000000000000000000000000000000000000000000000000000000000000000000000000000000000000000000
302182858.6875000000000000000000000000000000000000000000000000000000000000000000000000000000000000000000000000 237429388.9687500000000000000000000000000000000000000000000000000000000000000000000000000000000000000000000000
496443267.8437500000000000000000000000000000000000000000000000000000000000000000000000000000000000000000000000 0.0000000000000000000000000000000000000000000000000000000000000000000000000000000000000000000000000000
539612247.6562500000000000000000000000000000000000000000000000000000000000000000000000000000000000000000000000 690703677.0000000000000000000000000000000000000000000000000000000000000000000000000000000000000000000000000000
172675919.2500000000000000000000000000000000000000000000000000000000000000000000000000000000000000000000000000 366936328.4062500000000000000000000000000000000000000000000000000000000000000000000000000000000000000000000000
172675919.2500000000000000000000000000000000000000000000000000000000000000000000000000000000000000000000000000 625950207.2812500000000000000000000000000000000000000000000000000000000000000000000000000000000000000000000000
496443267.8437500000000000000000000000000000000000000000000000000000000000000000000000000000000000000000000000 345351838.5000000000000000000000000000000000000000000000000000000000000000000000000000000000000000000000000000
474858777.9375000000000000000000000000000000000000000000000000000000000000000000000000000000000000000000000000 107922449.5312500000000000000000000000000000000000000000000000000000000000000000000000000000000000000000000000
410105308.2187500000000000000000000000000000000000000000000000000000000000000000000000000000000000000000000000 604365717.3750000000000000000000000000000000000000000000000000000000000000000000000000000000000000000000000000
453274288.0312500000000000000000000000000000000000000000000000000000000000000000000000000000000000000000000000 474858777.9375000000000000000000000000000000000000000000000000000000000000000000000000000000000000000000000000
474858777.9375000000000000000000000000000000000000000000000000000000000000000000000000000000000000000000000000 453274288.0312500000000000000000000000000000000000000000000000000000000000000000000000000000000000000000000000
151091429.3437500000000000000000000000000000000000000000000000000000000000000000000000000000000000000000000000 604365717.3750000000000000000000000000000000000000000000000000000000000000000000000000000000000000000000000000
215844899.0625000000000000000000000000000000000000000000000000000000000000000000000000000000000000000000000000 21584489.9062500000000000000000000000000000000000000000000000000000000000000000000000000000000000000000000000
151091429.3437500000000000000000000000000000000000000000000000000000000000000000000000000000000000000000000000 388520818.3125000000000000000000000000000000000000000000000000000000000000000000000000000000000000000000000000
280598368.7812500000000000000000000000000000000000000000000000000000000000000000000000000000000000000000000000 86337959.6250000000000000000000000000000000000000000000000000000000000000000000000000000000000000000000000000
323767348.5937500000000000000000000000000000000000000000000000000000000000000000000000000000000000000000000000 647534697.1875000000000000000000000000000000000000000000000000000000000000000000000000000000000000000000000000
323767348.5937500000000000000000000000000000000000000000000000000000000000000000000000000000000000000000000000 690703677.0000000000000000000000000000000000000000000000000000000000000000000000000000000000000000000000000000
366936328.4062500000000000000000000000000000000000000000000000000000000000000000000000000000000000000000000000 561196737.5625000000000000000000000000000000000000000000000000000000000000000000000000000000000000000000000000
237429388.9687500000000000000000000000000000000000000000000000000000000000000000000000000000000000000000000000 215844899.0625000000000000000000000000000000000000000000000000000000000000000000000000000000000000000000000000
280598368.7812500000000000000000000000000000000000000000000000000000000000000000000000000000000000000000000000 474858777.9375000000000000000000000000000000000000000000000000000000000000000000000000000000000000000000000000
194260409.1562500000000000000000000000000000000000000000000000000000000000000000000000000000000000000000000000 647534697.1875000000000000000000000000000000000000000000000000000000000000000000000000000000000000000000000000
431689798.1250000000000000000000000000000000000000000000000000000000000000000000000000000000000000000000000000 366936328.4062500000000000000000000000000000000000000000000000000000000000000000000000000000000000000000000000
366936328.4062500000000000000000000000000000000000000000000000000000000000000000000000000000000000000000000000 518027757.7500000000000000000000000000000000000000000000000000000000000000000000000000000000000000000000000000
539612247.6562500000000000000000000000000000000000000000000000000000000000000000000000000000000000000000000000 690703677.0000000000000000000000000000000000000000000000000000000000000000000000000000000000000000000000000000
539612247.6562500000000000000000000000000000000000000000000000000000000000000000000000000000000000000000000000 0.0000000000000000000000000000000000000000000000000000000000000000000000000000000000000000000000000000
194260409.1562500000000000000000000000000000000000000000000000000000000000000000000000000000000000000000000000 302182858.6875000000000000000000000000000000000000000000000000000000000000000000000000000000000000000000000000
453274288.0312500000000000000000000000000000000000000000000000000000000000000000000000000000000000000000000000 690703677.0000000000000000000000000000000000000000000000000000000000000000000000000000000000000000000000000000
366936328.4062500000000000000000000000000000000000000000000000000000000000000000000000000000000000000000000000 690703677.0000000000000000000000000000000000000000000000000000000000000000000000000000000000000000000000000000
302182858.6875000000000000000000000000000000000000000000000000000000000000000000000000000000000000000000000000 64753469.7187500000000000000000000000000000000000000000000000000000000000000000000000000000000000000000000000
259013878.8750000000000000000000000000000000000000000000000000000000000000000000000000000000000000000000000000 625950207.2812500000000000000000000000000000000000000000000000000000000000000000000000000000000000000000000000
172675919.2500000000000000000000000000000000000000000000000000000000000000000000000000000000000000000000000000 625950207.2812500000000000000000000000000000000000000000000000000000000000000000000000000000000000000000000000
151091429.3437500000000000000000000000000000000000000000000000000000000000000000000000000000000000000000000000 647534697.1875000000000000000000000000000000000000000000000000000000000000000000000000000000000000000000000000
496443267.8437500000000000000000000000000000000000000000000000000000000000000000000000000000000000000000000000 129506939.4375000000000000000000000000000000000000000000000000000000000000000000000000000000000000000000000000
302182858.6875000000000000000000000000000000000000000000000000000000000000000000000000000000000000000000000000 582781227.4687500000000000000000000000000000000000000000000000000000000000000000000000000000000000000000000000
561196737.5625000000000000000000000000000000000000000000000000000000000000000000000000000000000000000000000000 625950207.2812500000000000000000000000000000000000000000000000000000000000000000000000000000000000000000000000
