0 173004055.0000000000000000000000000000000000000000000000000000000000000000000000000000000000000000000000000000
0 173004055.0000000000000000000000000000000000000000000000000000000000000000000000000000000000000000000000000000
173004055.0000000000000000000000000000000000000000000000000000000000000000000000000000000000000000000000000000 0
173004055.0000000000000000000000000000000000000000000000000000000000000000000000000000000000000000000000000000 0
0 173004055.0000000000000000000000000000000000000000000000000000000000000000000000000000000000000000000000000000
173004055.0000000000000000000000000000000000000000000000000000000000000000000000000000000000000000000000000000 0
173004055.0000000000000000000000000000000000000000000000000000000000000000000000000000000000000000000000000000 0
0 173004055.0000000000000000000000000000000000000000000000000000000000000000000000000000000000000000000000000000
0 173004055.0000000000000000000000000000000000000000000000000000000000000000000000000000000000000000000000000000
173004055.0000000000000000000000000000000000000000000000000000000000000000000000000000000000000000000000000000 173004055.0000000000000000000000000000000000000000000000000000000000000000000000000000000000000000000000000000
0 173004055.0000000000000000000000000000000000000000000000000000000000000000000000000000000000000000000000000000
0 173004055.0000000000000000000000000000000000000000000000000000000000000000000000000000000000000000000000000000
0 173004055.0000000000000000000000000000000000000000000000000000000000000000000000000000000000000000000000000000
0 173004055.0000000000000000000000000000000000000000000000000000000000000000000000000000000000000000000000000000
173004055.0000000000000000000000000000000000000000000000000000000000000000000000000000000000000000000000000000 0
173004055.0000000000000000000000000000000000000000000000000000000000000000000000000000000000000000000000000000 173004055.0000000000000000000000000000000000000000000000000000000000000000000000000000000000000000000000000000
173004055.0000000000000000000000000000000000000000000000000000000000000000000000000000000000000000000000000000 0
173004055.0000000000000000000000000000000000000000000000000000000000000000000000000000000000000000000000000000 0
0 173004055.0000000000000000000000000000000000000000000000000000000000000000000000000000000000000000000000000000
173004055.0000000000000000000000000000000000000000000000000000000000000000000000000000000000000000000000000000 173004055.0000000000000000000000000000000000000000000000000000000000000000000000000000000000000000000000000000
0 173004055.0000000000000000000000000000000000000000000000000000000000000000000000000000000000000000000000000000
0 173004055.0000000000000000000000000000000000000000000000000000000000000000000000000000000000000000000000000000
173004055.0000000000000000000000000000000000000000000000000000000000000000000000000000000000000000000000000000 173004055.0000000000000000000000000000000000000000000000000000000000000000000000000000000000000000000000000000
0 173004055.0000000000000000000000000000000000000000000000000000000000000000000000000000000000000000000000000000
173004055.0000000000000000000000000000000000000000000000000000000000000000000000000000000000000000000000000000 0
173004055.0000000000000000000000000000000000000000000000000000000000000000000000000000000000000000000000000000 173004055.0000000000000000000000000000000000000000000000000000000000000000000000000000000000000000000000000000
0 173004055.0000000000000000000000000000000000000000000000000000000000000000000000000000000000000000000000000000
0 173004055.0000000000000000000000000000000000000000000000000000000000000000000000000000000000000000000000000000
0 173004055.0000000000000000000000000000000000000000000000000000000000000000000000000000000000000000000000000000
173004055.0000000000000000000000000000000000000000000000000000000000000000000000000000000000000000000000000000 173004055.0000000000000000000000000000000000000000000000000000000000000000000000000000000000000000000000000000
0 173004055.0000000000000000000000000000000000000000000000000000000000000000000000000000000000000000000000000000
0 173004055.0000000000000000000000000000000000000000000000000000000000000000000000000000000000000000000000000000
173004055.0000000000000000000000000000000000000000000000000000000000000000000000000000000000000000000000000000 0
0 173004055.0000000000000000000000000000000000000000000000000000000000000000000000000000000000000000000000000000
173004055.0000000000000000000000000000000000000000000000000000000000000000000000000000000000000000000000000000 173004055.0000000000000000000000000000000000000000000000000000000000000000000000000000000000000000000000000000
173004055.0000000000000000000000000000000000000000000000000000000000000000000000000000000000000000000000000000 173004055.0000000000000000000000000000000000000000000000000000000000000000000000000000000000000000000000000000
0 173004055.0000000000000000000000000000000000000000000000000000000000000000000000000000000000000000000000000000
0 173004055.0000000000000000000000000000000000000000000000000000000000000000000000000000000000000000000000000000
173004055.0000000000000000000000000000000000000000000000000000000000000000000000000000000000000000000000000000 0
173004055.0000000000000000000000000000000000000000000000000000000000000000000000000000000000000000000000000000 0
173004055.0000000000000000000000000000000000000000000000000000000000000000000000000000000000000000000000000000 0
173004055.0000000000000000000000000000000000000000000000000000000000000000000000000000000000000000000000000000 0
173004055.0000000000000000000000000000000000000000000000000000000000000000000000000000000000000000000000000000 173004055.0000000000000000000000000000000000000000000000000000000000000000000000000000000000000000000000000000
173004055.0000000000000000000000000000000000000000000000000000000000000000000000000000000000000000000000000000 173004055.0000000000000000000000000000000000000000000000000000000000000000000000000000000000000000000000000000
173004055.0000000000000000000000000000000000000000000000000000000000000000000000000000000000000000000000000000 0
0 173004055.0000000000000000000000000000000000000000000000000000000000000000000000000000000000000000000000000000
173004055.0000000000000000000000000000000000000000000000000000000000000000000000000000000000000000000000000000 173004055.0000000000000000000000000000000000000000000000000000000000000000000000000000000000000000000000000000
173004055.0000000000000000000000000000000000000000000000000000000000000000000000000000000000000000000000000000 173004055.0000000000000000000000000000000000000000000000000000000000000000000000000000000000000000000000000000
173004055.0000000000000000000000000000000000000000000000000000000000000000000000000000000000000000000000000000 173004055.0000000000000000000000000000000000000000000000000000000000000000000000000000000000000000000000000000
0 173004055.0000000000000000000000000000000000000000000000000000000000000000000000000000000000000000000000000000
0 173004055.0000000000000000000000000000000000000000000000000000000000000000000000000000000000000000000000000000
0 173004055.0000000000000000000000000000000000000000000000000000000000000000000000000000000000000000000000000000
173004055.0000000000000000000000000000000000000000000000000000000000000000000000000000000000000000000000000000 173004055.0000000000000000000000000000000000000000000000000000000000000000000000000000000000000000000000000000
0 173004055.0000000000000000000000000000000000000000000000000000000000000000000000000000000000000000000000000000
173004055.0000000000000000000000000000000000000000000000000000000000000000000000000000000000000000000000000000 173004055.0000000000000000000000000000000000000000000000000000000000000000000000000000000000000000000000000000
0 173004055.0000000000000000000000000000000000000000000000000000000000000000000000000000000000000000000000000000
173004055.0000000000000000000000000000000000000000000000000000000000000000000000000000000000000000000000000000 0
0 173004055.0000000000000000000000000000000000000000000000000000000000000000000000000000000000000000000000000000
173004055.0000000000000000000000000000000000000000000000000000000000000000000000000000000000000000000000000000 0
173004055.0000000000000000000000000000000000000000000000000000000000000000000000000000000000000000000000000000 0
173004055.0000000000000000000000000000000000000000000000000000000000000000000000000000000000000000000000000000 0
173004055.0000000000000000000000000000000000000000000000000000000000000000000000000000000000000000000000000000 0
0 173004055.0000000000000000000000000000000000000000000000000000000000000000000000000000000000000000000000000000
0 173004055.0000000000000000000000000000000000000000000000000000000000000000000000000000000000000000000000000000
0 173004055.0000000000000000000000000000000000000000000000000000000000000000000000000000000000000000000000000000
173004055.0000000000000000000000000000000000000000000000000000000000000000000000000000000000000000000000000000 0
173004055.0000000000000000000000000000000000000000000000000000000000000000000000000000000000000000000000000000 0
0 173004055.0000000000000000000000000000000000000000000000000000000000000000000000000000000000000000000000000000
173004055.0000000000000000000000000000000000000000000000000000000000000000000000000000000000000000000000000000 173004055.0000000000000000000000000000000000000000000000000000000000000000000000000000000000000000000000000000
173004055.0000000000000000000000000000000000000000000000000000000000000000000000000000000000000000000000000000 173004055.0000000000000000000000000000000000000000000000000000000000000000000000000000000000000000000000000000
173004055.0000000000000000000000000000000000000000000000000000000000000000000000000000000000000000000000000000 0
