100 96
78140095493068670735368687089198463223395632120253.57102102199575340594719248834653939834618744007678
667048219105362196
810062473717497170
915092944820833315
837215872079350111
696748494173967076
789181312172888967
685374671523494337
839130470677617040
902287173265269012
675642718569012403
743575287234879971
902486251782683582
850214055247399599
984833484769088641
887569936902877792
891577498782243260
815850137814107063
979360827158564973
720189478437864838
983174876998582789
925474380606588343
773019806005481605
829706481953329761
710788358510056182
845945241293170887
899645088626763654
795727238242905856
831885860877924230
990025053268396085
939325750740268601
799038204216315442
737110428118935544
853367920809910886
752722268359010553
853987710126295863
972457416756187041
724132022972884230
984161611255248091
945552083428541954
908219186407832768
874842942218288216
981068151972339777
992109244853813844
844871680139714361
705855837796867627
717492732556150172
840011919205611354
864456094272291221
906523081568571923
905478205429167308
842207346304521558
857017002834634776
933965377216568933
772896117400937582
918471948000959232
688895922609722468
864850218769128185
764138630556857126
727703732302816396
804472487784629076
714692201507017587
722343646509419948
985759077286437300
777654542378357147
990107513883266855
688558013630648405
794705497806750885
906557876356273043
902501471198328814
973111825902289672
979235492497903483
790005093908133667
845844019049948036
744660248933895935
984136320621934779
926185685924528958
758232167953802431
876859069845840722
721399306318955101
938155603826714390
985173880198696004
941590989387439167
922542903034731255
716538202703455389
689574497417037132
941292341144587807
870270081106496818
818585284616190147
977848541979072230
680127806289963312
940796415268420893
879746997865106122
987287636226803213
846576199707731768
909045741151777065
861088525565502170
