0 612690699.0000000000000000000000000000000000000000000000000000000000000000000000000000000000000000000000000000
0 612690699.0000000000000000000000000000000000000000000000000000000000000000000000000000000000000000000000000000
612690699.0000000000000000000000000000000000000000000000000000000000000000000000000000000000000000000000000000 612690699.0000000000000000000000000000000000000000000000000000000000000000000000000000000000000000000000000000
0 612690699.0000000000000000000000000000000000000000000000000000000000000000000000000000000000000000000000000000
0 612690699.0000000000000000000000000000000000000000000000000000000000000000000000000000000000000000000000000000
612690699.0000000000000000000000000000000000000000000000000000000000000000000000000000000000000000000000000000 0
612690699.0000000000000000000000000000000000000000000000000000000000000000000000000000000000000000000000000000 612690699.0000000000000000000000000000000000000000000000000000000000000000000000000000000000000000000000000000
612690699.0000000000000000000000000000000000000000000000000000000000000000000000000000000000000000000000000000 612690699.0000000000000000000000000000000000000000000000000000000000000000000000000000000000000000000000000000
612690699.0000000000000000000000000000000000000000000000000000000000000000000000000000000000000000000000000000 612690699.0000000000000000000000000000000000000000000000000000000000000000000000000000000000000000000000000000
0 612690699.0000000000000000000000000000000000000000000000000000000000000000000000000000000000000000000000000000
612690699.0000000000000000000000000000000000000000000000000000000000000000000000000000000000000000000000000000 0
0 612690699.0000000000000000000000000000000000000000000000000000000000000000000000000000000000000000000000000000
612690699.0000000000000000000000000000000000000000000000000000000000000000000000000000000000000000000000000000 612690699.0000000000000000000000000000000000000000000000000000000000000000000000000000000000000000000000000000
612690699.0000000000000000000000000000000000000000000000000000000000000000000000000000000000000000000000000000 0
612690699.0000000000000000000000000000000000000000000000000000000000000000000000000000000000000000000000000000 612690699.0000000000000000000000000000000000000000000000000000000000000000000000000000000000000000000000000000
612690699.0000000000000000000000000000000000000000000000000000000000000000000000000000000000000000000000000000 0
612690699.0000000000000000000000000000000000000000000000000000000000000000000000000000000000000000000000000000 0
0 612690699.0000000000000000000000000000000000000000000000000000000000000000000000000000000000000000000000000000
612690699.0000000000000000000000000000000000000000000000000000000000000000000000000000000000000000000000000000 0
0 612690699.0000000000000000000000000000000000000000000000000000000000000000000000000000000000000000000000000000
0 612690699.0000000000000000000000000000000000000000000000000000000000000000000000000000000000000000000000000000
0 612690699.0000000000000000000000000000000000000000000000000000000000000000000000000000000000000000000000000000
612690699.0000000000000000000000000000000000000000000000000000000000000000000000000000000000000000000000000000 612690699.0000000000000000000000000000000000000000000000000000000000000000000000000000000000000000000000000000
612690699.0000000000000000000000000000000000000000000000000000000000000000000000000000000000000000000000000000 0
612690699.0000000000000000000000000000000000000000000000000000000000000000000000000000000000000000000000000000 0
612690699.0000000000000000000000000000000000000000000000000000000000000000000000000000000000000000000000000000 612690699.0000000000000000000000000000000000000000000000000000000000000000000000000000000000000000000000000000
612690699.0000000000000000000000000000000000000000000000000000000000000000000000000000000000000000000000000000 612690699.0000000000000000000000000000000000000000000000000000000000000000000000000000000000000000000000000000
612690699.0000000000000000000000000000000000000000000000000000000000000000000000000000000000000000000000000000 0
0 612690699.0000000000000000000000000000000000000000000000000000000000000000000000000000000000000000000000000000
612690699.0000000000000000000000000000000000000000000000000000000000000000000000000000000000000000000000000000 0
612690699.0000000000000000000000000000000000000000000000000000000000000000000000000000000000000000000000000000 0
0 612690699.0000000000000000000000000000000000000000000000000000000000000000000000000000000000000000000000000000
612690699.0000000000000000000000000000000000000000000000000000000000000000000000000000000000000000000000000000 0
612690699.0000000000000000000000000000000000000000000000000000000000000000000000000000000000000000000000000000 0
612690699.0000000000000000000000000000000000000000000000000000000000000000000000000000000000000000000000000000 612690699.0000000000000000000000000000000000000000000000000000000000000000000000000000000000000000000000000000
0 612690699.0000000000000000000000000000000000000000000000000000000000000000000000000000000000000000000000000000
0 612690699.0000000000000000000000000000000000000000000000000000000000000000000000000000000000000000000000000000
612690699.0000000000000000000000000000000000000000000000000000000000000000000000000000000000000000000000000000 0
612690699.0000000000000000000000000000000000000000000000000000000000000000000000000000000000000000000000000000 0
0 612690699.0000000000000000000000000000000000000000000000000000000000000000000000000000000000000000000000000000
0 612690699.0000000000000000000000000000000000000000000000000000000000000000000000000000000000000000000000000000
0 612690699.0000000000000000000000000000000000000000000000000000000000000000000000000000000000000000000000000000
612690699.0000000000000000000000000000000000000000000000000000000000000000000000000000000000000000000000000000 612690699.0000000000000000000000000000000000000000000000000000000000000000000000000000000000000000000000000000
612690699.0000000000000000000000000000000000000000000000000000000000000000000000000000000000000000000000000000 0
612690699.0000000000000000000000000000000000000000000000000000000000000000000000000000000000000000000000000000 612690699.0000000000000000000000000000000000000000000000000000000000000000000000000000000000000000000000000000
612690699.0000000000000000000000000000000000000000000000000000000000000000000000000000000000000000000000000000 0
0 612690699.0000000000000000000000000000000000000000000000000000000000000000000000000000000000000000000000000000
612690699.0000000000000000000000000000000000000000000000000000000000000000000000000000000000000000000000000000 612690699.0000000000000000000000000000000000000000000000000000000000000000000000000000000000000000000000000000
612690699.0000000000000000000000000000000000000000000000000000000000000000000000000000000000000000000000000000 612690699.0000000000000000000000000000000000000000000000000000000000000000000000000000000000000000000000000000
612690699.0000000000000000000000000000000000000000000000000000000000000000000000000000000000000000000000000000 0
0 612690699.0000000000000000000000000000000000000000000000000000000000000000000000000000000000000000000000000000
0 612690699.0000000000000000000000000000000000000000000000000000000000000000000000000000000000000000000000000000
0 612690699.0000000000000000000000000000000000000000000000000000000000000000000000000000000000000000000000000000
612690699.0000000000000000000000000000000000000000000000000000000000000000000000000000000000000000000000000000 0
612690699.0000000000000000000000000000000000000000000000000000000000000000000000000000000000000000000000000000 612690699.0000000000000000000000000000000000000000000000000000000000000000000000000000000000000000000000000000
0 612690699.0000000000000000000000000000000000000000000000000000000000000000000000000000000000000000000000000000
612690699.0000000000000000000000000000000000000000000000000000000000000000000000000000000000000000000000000000 612690699.0000000000000000000000000000000000000000000000000000000000000000000000000000000000000000000000000000
612690699.0000000000000000000000000000000000000000000000000000000000000000000000000000000000000000000000000000 0
0 612690699.0000000000000000000000000000000000000000000000000000000000000000000000000000000000000000000000000000
0 612690699.0000000000000000000000000000000000000000000000000000000000000000000000000000000000000000000000000000
612690699.0000000000000000000000000000000000000000000000000000000000000000000000000000000000000000000000000000 612690699.0000000000000000000000000000000000000000000000000000000000000000000000000000000000000000000000000000
612690699.0000000000000000000000000000000000000000000000000000000000000000000000000000000000000000000000000000 0
612690699.0000000000000000000000000000000000000000000000000000000000000000000000000000000000000000000000000000 0
612690699.0000000000000000000000000000000000000000000000000000000000000000000000000000000000000000000000000000 612690699.0000000000000000000000000000000000000000000000000000000000000000000000000000000000000000000000000000
612690699.0000000000000000000000000000000000000000000000000000000000000000000000000000000000000000000000000000 612690699.0000000000000000000000000000000000000000000000000000000000000000000000000000000000000000000000000000
0 612690699.0000000000000000000000000000000000000000000000000000000000000000000000000000000000000000000000000000
0 612690699.0000000000000000000000000000000000000000000000000000000000000000000000000000000000000000000000000000
612690699.0000000000000000000000000000000000000000000000000000000000000000000000000000000000000000000000000000 612690699.0000000000000000000000000000000000000000000000000000000000000000000000000000000000000000000000000000
612690699.0000000000000000000000000000000000000000000000000000000000000000000000000000000000000000000000000000 0
0 612690699.0000000000000000000000000000000000000000000000000000000000000000000000000000000000000000000000000000
0 612690699.0000000000000000000000000000000000000000000000000000000000000000000000000000000000000000000000000000
612690699.0000000000000000000000000000000000000000000000000000000000000000000000000000000000000000000000000000 0
612690699.0000000000000000000000000000000000000000000000000000000000000000000000000000000000000000000000000000 0
0 612690699.0000000000000000000000000000000000000000000000000000000000000000000000000000000000000000000000000000
612690699.0000000000000000000000000000000000000000000000000000000000000000000000000000000000000000000000000000 612690699.0000000000000000000000000000000000000000000000000000000000000000000000000000000000000000000000000000
0 612690699.0000000000000000000000000000000000000000000000000000000000000000000000000000000000000000000000000000
0 612690699.0000000000000000000000000000000000000000000000000000000000000000000000000000000000000000000000000000
612690699.0000000000000000000000000000000000000000000000000000000000000000000000000000000000000000000000000000 0
612690699.0000000000000000000000000000000000000000000000000000000000000000000000000000000000000000000000000000 0
612690699.0000000000000000000000000000000000000000000000000000000000000000000000000000000000000000000000000000 0
612690699.0000000000000000000000000000000000000000000000000000000000000000000000000000000000000000000000000000 0
0 612690699.0000000000000000000000000000000000000000000000000000000000000000000000000000000000000000000000000000
612690699.0000000000000000000000000000000000000000000000000000000000000000000000000000000000000000000000000000 0
0 612690699.0000000000000000000000000000000000000000000000000000000000000000000000000000000000000000000000000000
0 612690699.0000000000000000000000000000000000000000000000000000000000000000000000000000000000000000000000000000
612690699.0000000000000000000000000000000000000000000000000000000000000000000000000000000000000000000000000000 0
0 612690699.0000000000000000000000000000000000000000000000000000000000000000000000000000000000000000000000000000
612690699.0000000000000000000000000000000000000000000000000000000000000000000000000000000000000000000000000000 0
