100 81
65730997825194510328844166804276902505820577449172.82999799051703703492489579416581832144289765413008
789254988
879538559
677653510
767631129
766071909
939767932
677035017
755553301
997998425
921220239
946938350
717086109
880651028
850120048
769771857
810395857
890006436
766856237
718750650
757133924
763152201
853285283
677230966
931875276
699546329
864644369
679684839
935085656
949863116
885796167
970051339
990192913
789990026
795757645
899161435
864527428
957621266
689835902
971905873
793766057
716611275
868545058
776457300
808386173
827863035
890835316
983456839
784582307
715371207
761370437
720166743
987205583
957924008
842855032
736709348
839665710
708055942
680602639
784830692
821466254
975347320
795654282
825864318
715723612
835296414
684556911
716539194
809095873
680835124
994042464
891551366
712281272
937899434
737776236
976811236
928552270
866626068
966203759
827923138
756786702
920054008
