100 79
22467970340097334543111318149705403671045571406661.21160813662437458633121700180029941903511893582871
823245499978541795
732270704950960666
889101065039706547
759146059671971445
781748589372840472
973336784121400310
879168470120088307
857120864634985050
952841431702439943
717295274346524172
938272326390348998
723650716237418960
791872054970233263
841210607693705042
888820526963159158
804380588125788750
673877024347737378
857361477840220614
971231680295230634
929810804869956319
714201204468166784
714333001144851939
974906027295484607
683862069099656725
711511670522871110
830297520307515805
843414867732264277
738691669283905132
868406798804482356
906616943568412324
852227478196082865
734539148846699619
909779399446740885
728679722109453063
973679512422209380
866197337587270717
703070725916636999
912231637964281594
684822960489971906
918991399374854577
679022151108477800
822559428231919489
849364357538675170
714626874374872294
911988287696878977
755808049394817893
692580551782083605
690919474283829330
762380800550636534
680634796212737032
872182642259911130
785461206165059751
829113927854388125
981074848092882972
988451582726396191
683879618851538116
970904381236401760
804349182325664708
802401797356867122
763216438579452459
696998909726818852
829320350228466155
748439360190052360
916370701641573220
703801814122123320
963114120624282594
988761953977954129
994934418029233706
727290492081066961
846445653032862761
690169639978736924
716537291728218608
934485082022168899
903410265176348047
874725910298562618
917717760470653412
940546912331879092
734070531724125949
834910425208892547
