3000
2 1
3 1
4 2
5 3
6 1
7 5
8 4
9 2
10 9
11 1
12 6
13 6
14 5
15 9
16 6
17 12
18 5
19 18
20 17
21 8
22 14
23 8
24 10
25 10
26 1
27 9
28 27
29 7
30 28
31 12
32 26
33 9
34 19
35 28
36 22
37 24
38 11
39 17
40 27
41 10
42 30
43 2
44 41
45 34
46 21
47 30
48 23
49 21
50 47
51 37
52 36
53 49
54 32
55 8
56 31
57 41
58 34
59 43
60 52
61 56
62 35
63 39
64 37
65 13
66 36
67 21
68 18
69 28
70 35
71 14
72 10
73 51
74 34
75 59
76 44
77 23
78 69
79 10
80 58
81 31
82 79
83 53
84 23
85 81
86 18
87 42
88 49
89 21
90 9
91 4
92 19
93 55
94 22
95 47
96 51
97 56
98 44
99 63
100 23
101 11
102 101
103 54
104 9
105 67
106 8
107 9
108 59
109 61
110 17
111 56
112 100
113 100
114 101
115 47
116 91
117 29
118 27
119 51
120 103
121 52
122 51
123 99
124 118
125 30
126 46
127 62
128 75
129 49
130 43
131 126
132 105
133 29
134 52
135 10
136 64
137 28
138 78
139 90
140 103
141 116
142 42
143 17
144 142
145 43
146 61
147 52
148 30
149 27
150 136
151 80
152 58
153 88
154 7
155 53
156 117
157 71
158 117
159 19
160 27
161 32
162 61
163 57
164 30
165 118
166 75
167 2
168 48
169 109
170 85
171 163
172 158
173 120
174 163
175 174
176 19
177 140
178 156
179 151
180 50
181 17
182 47
183 93
184 19
185 135
186 11
187 171
188 40
189 44
190 91
191 126
192 43
193 45
194 160
195 78
196 179
197 126
198 177
199 99
200 47
201 125
202 49
203 64
204 66
205 37
206 109
207 10
208 77
209 127
210 15
211 107
212 86
213 85
214 178
215 29
216 9
217 147
218 151
219 12
220 183
221 175
222 72
223 154
224 11
225 192
226 25
227 49
228 113
229 165
230 205
231 124
232 126
233 86
234 1
235 172
236 204
237 147
238 155
239 72
240 28
241 140
242 99
243 58
244 206
245 165
246 226
247 99
248 4
249 163
250 180
251 219
252 248
253 2
254 53
255 14
256 92
257 193
258 145
259 247
260 108
261 167
262 240
263 93
264 248
265 31
266 58
267 81
268 97
269 262
270 37
271 26
272 11
273 27
274 248
275 5
276 215
277 128
278 37
279 70
280 5
281 183
282 73
283 223
284 191
285 51
286 147
287 257
288 25
289 184
290 206
291 63
292 124
293 256
294 92
295 179
296 174
297 144
298 209
299 270
300 163
301 150
302 70
303 221
304 294
305 276
306 74
307 144
308 267
309 209
310 45
311 105
312 129
313 303
314 271
315 250
316 314
317 233
318 307
319 142
320 8
321 301
322 293
323 51
324 237
325 80
326 88
327 196
328 3
329 89
330 82
331 210
332 7
333 312
334 272
335 4
336 301
337 304
338 4
339 253
340 144
341 314
342 162
343 323
344 248
345 187
346 101
347 171
348 244
349 336
350 115
351 115
352 347
353 200
354 329
355 43
356 116
357 64
358 307
359 143
360 303
361 226
362 226
363 304
364 11
365 210
366 6
367 114
368 129
369 101
370 337
371 259
372 146
373 126
374 166
375 83
376 89
377 91
378 35
379 100
380 74
381 52
382 46
383 13
384 274
385 306
386 362
387 72
388 336
389 354
390 86
391 58
392 155
393 19
394 77
395 375
396 172
397 157
398 183
399 116
400 181
401 364
402 222
403 359
404 306
405 249
406 69
407 154
408 36
409 215
410 262
411 373
412 99
413 4
414 277
415 74
416 75
417 401
418 76
419 212
420 271
421 296
422 390
423 76
424 126
425 300
426 62
427 231
428 301
429 230
430 264
431 333
432 395
433 270
434 209
435 379
436 233
437 147
438 62
439 5
440 104
441 143
442 362
443 187
444 243
445 127
446 412
447 313
448 341
449 15
450 165
451 346
452 439
453 280
454 112
455 418
456 404
457 277
458 447
459 321
460 332
461 367
462 202
463 260
464 328
465 449
466 304
467 111
468 219
469 304
470 205
471 158
472 413
473 220
474 71
475 385
476 403
477 210
478 206
479 312
480 431
481 466
482 298
483 67
484 359
485 296
486 378
487 477
488 377
489 47
490 167
491 56
492 188
493 106
494 364
495 85
496 157
497 431
498 217
499 368
500 254
501 324
502 219
503 64
504 54
505 44
506 267
507 33
508 98
509 278
510 71
511 464
512 284
513 260
514 27
515 312
516 11
517 506
518 206
519 136
520 487
521 400
522 228
523 397
524 113
525 438
526 425
527 365
528 167
529 158
530 51
531 258
532 218
533 435
534 118
535 388
536 501
537 536
538 464
539 415
540 537
541 483
542 499
543 388
544 68
545 363
546 189
547 138
548 432
549 280
550 54
551 349
552 289
553 129
554 292
555 205
556 515
557 78
558 407
559 56
560 160
561 40
562 382
563 104
564 265
565 30
566 188
567 93
568 308
569 393
570 107
571 532
572 480
573 449
574 365
575 24
576 571
577 337
578 262
579 180
580 133
581 413
582 365
583 111
584 155
585 515
586 307
587 167
588 259
589 276
590 248
591 19
592 401
593 388
594 34
595 386
596 383
597 183
598 471
599 414
600 94
601 429
602 193
603 158
604 536
605 341
606 187
607 95
608 422
609 413
610 1
611 199
612 176
613 261
614 124
615 361
616 244
617 589
618 50
619 612
620 457
621 219
622 181
623 602
624 521
625 42
626 331
627 498
628 169
629 279
630 605
631 164
632 94
633 318
634 329
635 30
636 88
637 245
638 267
639 535
640 385
641 439
642 187
643 1
644 367
645 168
646 29
647 508
648 312
649 14
650 164
651 353
652 291
653 63
654 320
655 539
656 624
657 17
658 5
659 202
660 267
661 107
662 143
663 426
664 458
665 410
666 249
667 209
668 362
669 506
670 283
671 173
672 396
673 327
674 653
675 293
676 223
677 482
678 108
679 562
680 64
681 336
682 316
683 519
684 476
685 460
686 192
687 372
688 161
689 179
690 327
691 620
692 261
693 609
694 479
695 468
696 211
697 571
698 608
699 194
700 151
701 501
702 535
703 235
704 400
705 501
706 67
707 248
708 293
709 171
710 283
711 377
712 214
713 394
714 431
715 632
716 149
717 530
718 465
719 454
720 666
721 407
722 163
723 673
724 120
725 535
726 228
727 279
728 24
729 128
730 262
731 92
732 561
733 620
734 405
735 650
736 476
737 297
738 649
739 337
740 566
741 623
742 559
743 319
744 674
745 475
746 91
747 369
748 408
749 457
750 290
751 75
752 379
753 677
754 181
755 396
756 295
757 583
758 216
759 119
760 138
761 401
762 43
763 684
764 726
765 229
766 125
767 285
768 25
769 203
770 763
771 531
772 613
773 474
774 497
775 452
776 649
777 301
778 707
779 65
780 709
781 497
782 258
783 165
784 191
785 598
786 417
787 484
788 46
789 283
790 372
791 660
792 741
793 590
794 549
795 77
796 89
797 279
798 342
799 75
800 596
801 515
802 286
803 207
804 376
805 92
806 523
807 67
808 472
809 111
810 186
811 183
812 784
813 603
814 19
815 364
816 694
817 288
818 685
819 563
820 796
821 438
822 748
823 181
824 665
825 575
826 20
827 275
828 45
829 550
830 143
831 135
832 280
833 505
834 30
835 566
836 703
837 109
838 785
839 304
840 6
841 625
842 623
843 624
844 402
845 569
846 176
847 27
848 710
849 764
850 804
851 654
852 243
853 640
854 298
855 257
856 754
857 548
858 162
859 39
860 299
861 845
862 169
863 841
864 142
865 469
866 385
867 597
868 526
869 178
870 443
871 632
872 553
873 515
874 270
875 573
876 192
877 104
878 615
879 67
880 176
881 674
882 662
883 286
884 361
885 461
886 770
887 694
888 82
889 141
890 236
891 695
892 330
893 662
894 485
895 506
896 723
897 448
898 165
899 113
900 25
901 553
902 349
903 47
904 410
905 173
906 548
907 399
908 477
909 561
910 624
911 351
912 415
913 875
914 821
915 26
916 641
917 97
918 757
919 158
920 202
921 290
922 525
923 845
924 418
925 840
926 155
927 198
928 406
929 416
930 888
931 604
932 364
933 104
934 627
935 933
936 94
937 279
938 76
939 519
940 695
941 210
942 118
943 362
944 242
945 29
946 713
947 513
948 749
949 392
950 916
951 328
952 110
953 3
954 333
955 156
956 872
957 35
958 913
959 205
960 867
961 671
962 127
963 199
964 44
965 165
966 457
967 291
968 879
969 322
970 193
971 304
972 565
973 289
974 53
975 404
976 141
977 306
978 495
979 903
980 767
981 90
982 142
983 238
984 415
985 248
986 238
987 775
988 885
989 307
990 431
991 328
992 71
993 227
994 314
995 219
996 237
997 214
998 638
999 466
1000 314
1001 700
1002 539
1003 878
1004 365
1005 368
1006 759
1007 143
1008 96
1009 880
1010 758
1011 939
1012 673
1013 575
1014 85
1015 5
1016 612
1017 786
1018 302
1019 170
1020 439
1021 357
1022 876
1023 126
1024 456
1025 22
1026 802
1027 37
1028 427
1029 545
1030 663
1031 110
1032 793
1033 126
1034 1014
1035 500
1036 673
1037 665
1038 842
1039 540
1040 367
1041 673
1042 692
1043 371
1044 350
1045 211
1046 37
1047 816
1048 47
1049 703
1050 667
1051 683
1052 244
1053 1027
1054 629
1055 560
1056 715
1057 702
1058 972
1059 1010
1060 898
1061 1052
1062 694
1063 733
1064 757
1065 281
1066 602
1067 809
1068 192
1069 35
1070 776
1071 469
1072 828
1073 411
1074 190
1075 348
1076 1041
1077 670
1078 21
1079 376
1080 477
1081 928
1082 916
1083 175
1084 784
1085 330
1086 838
1087 427
1088 1074
1089 37
1090 454
1091 98
1092 8
1093 830
1094 663
1095 838
1096 627
1097 971
1098 490
1099 86
1100 340
1101 550
1102 995
1103 751
1104 395
1105 1080
1106 688
1107 104
1108 1048
1109 500
1110 294
1111 84
1112 260
1113 950
1114 954
1115 302
1116 370
1117 126
1118 928
1119 1007
1120 891
1121 850
1122 671
1123 990
1124 195
1125 1039
1126 578
1127 1041
1128 494
1129 14
1130 229
1131 570
1132 453
1133 549
1134 699
1135 755
1136 467
1137 1119
1138 1123
1139 292
1140 929
1141 1122
1142 325
1143 1037
1144 1080
1145 463
1146 646
1147 87
1148 779
1149 748
1150 834
1151 592
1152 3
1153 1101
1154 410
1155 874
1156 1102
1157 703
1158 965
1159 701
1160 912
1161 224
1162 6
1163 1095
1164 630
1165 1090
1166 780
1167 1036
1168 1030
1169 824
1170 1129
1171 451
1172 225
1173 254
1174 610
1175 942
1176 882
1177 725
1178 927
1179 1161
1180 1059
1181 1154
1182 42
1183 855
1184 259
1185 638
1186 285
1187 641
1188 568
1189 378
1190 672
1191 1073
1192 30
1193 579
1194 988
1195 214
1196 476
1197 1140
1198 953
1199 175
1200 72
1201 795
1202 216
1203 993
1204 824
1205 338
1206 1145
1207 229
1208 206
1209 807
1210 779
1211 741
1212 248
1213 1150
1214 450
1215 26
1216 1102
1217 1165
1218 734
1219 459
1220 729
1221 728
1222 910
1223 808
1224 688
1225 886
1226 1081
1227 389
1228 282
1229 175
1230 210
1231 1073
1232 760
1233 176
1234 461
1235 901
1236 321
1237 536
1238 325
1239 643
1240 746
1241 205
1242 773
1243 1162
1244 904
1245 570
1246 1132
1247 500
1248 638
1249 130
1250 345
1251 503
1252 291
1253 805
1254 911
1255 121
1256 1255
1257 392
1258 1152
1259 385
1260 1104
1261 255
1262 874
1263 777
1264 1171
1265 895
1266 486
1267 891
1268 359
1269 854
1270 362
1271 1178
1272 79
1273 798
1274 997
1275 67
1276 933
1277 1220
1278 7
1279 884
1280 90
1281 485
1282 219
1283 762
1284 1264
1285 301
1286 330
1287 627
1288 31
1289 515
1290 190
1291 126
1292 753
1293 669
1294 410
1295 665
1296 921
1297 288
1298 983
1299 1172
1300 29
1301 1107
1302 108
1303 35
1304 1256
1305 276
1306 229
1307 283
1308 117
1309 987
1310 663
1311 827
1312 76
1313 1214
1314 566
1315 1105
1316 63
1317 1180
1318 55
1319 867
1320 1174
1321 22
1322 218
1323 943
1324 384
1325 95
1326 552
1327 194
1328 51
1329 875
1330 60
1331 1016
1332 488
1333 294
1334 447
1335 354
1336 559
1337 926
1338 606
1339 566
1340 921
1341 710
1342 61
1343 834
1344 844
1345 1237
1346 722
1347 371
1348 1111
1349 922
1350 1276
1351 1043
1352 293
1353 1097
1354 1119
1355 1201
1356 1101
1357 14
1358 613
1359 1137
1360 897
1361 56
1362 707
1363 678
1364 1100
1365 1333
1366 823
1367 49
1368 511
1369 476
1370 87
1371 387
1372 1106
1373 391
1374 1297
1375 917
1376 787
1377 242
1378 1012
1379 948
1380 332
1381 244
1382 416
1383 42
1384 1274
1385 508
1386 663
1387 293
1388 319
1389 159
1390 308
1391 407
1392 266
1393 752
1394 1008
1395 1237
1396 523
1397 195
1398 711
1399 996
1400 396
1401 70
1402 226
1403 1248
1404 526
1405 1333
1406 896
1407 211
1408 1270
1409 222
1410 499
1411 393
1412 843
1413 36
1414 341
1415 1197
1416 1372
1417 695
1418 894
1419 880
1420 1186
1421 716
1422 580
1423 593
1424 471
1425 73
1426 317
1427 1116
1428 535
1429 624
1430 1057
1431 1272
1432 1292
1433 468
1434 967
1435 647
1436 737
1437 948
1438 1293
1439 1352
1440 1277
1441 863
1442 719
1443 962
1444 351
1445 800
1446 1437
1447 1131
1448 1374
1449 1267
1450 893
1451 1132
1452 998
1453 386
1454 415
1455 1038
1456 668
1457 29
1458 1323
1459 368
1460 1181
1461 752
1462 495
1463 1007
1464 896
1465 991
1466 1190
1467 1315
1468 292
1469 1132
1470 420
1471 938
1472 956
1473 639
1474 790
1475 1062
1476 727
1477 1250
1478 695
1479 103
1480 1121
1481 1262
1482 256
1483 942
1484 684
1485 230
1486 1441
1487 961
1488 840
1489 2
1490 36
1491 1240
1492 1430
1493 1247
1494 251
1495 558
1496 834
1497 621
1498 1386
1499 1175
1500 1157
1501 245
1502 933
1503 330
1504 95
1505 68
1506 1462
1507 1327
1508 118
1509 840
1510 1242
1511 690
1512 763
1513 241
1514 666
1515 865
1516 744
1517 1091
1518 1362
1519 98
1520 1277
1521 1346
1522 391
1523 180
1524 985
1525 777
1526 37
1527 536
1528 249
1529 311
1530 36
1531 1161
1532 98
1533 539
1534 978
1535 219
1536 1481
1537 824
1538 1003
1539 398
1540 305
1541 200
1542 1283
1543 1223
1544 494
1545 308
1546 1411
1547 730
1548 1193
1549 852
1550 1514
1551 1384
1552 498
1553 419
1554 1525
1555 843
1556 1549
1557 758
1558 620
1559 201
1560 753
1561 1198
1562 622
1563 1113
1564 381
1565 147
1566 1082
1567 1556
1568 1061
1569 289
1570 1343
1571 560
1572 1404
1573 1180
1574 1240
1575 1154
1576 1102
1577 536
1578 680
1579 48
1580 515
1581 583
1582 205
1583 729
1584 391
1585 975
1586 69
1587 611
1588 212
1589 1263
1590 10
1591 387
1592 1220
1593 560
1594 880
1595 436
1596 301
1597 307
1598 215
1599 1294
1600 299
1601 1289
1602 647
1603 207
1604 236
1605 1007
1606 1398
1607 570
1608 1069
1609 1043
1610 487
1611 1044
1612 1353
1613 1571
1614 437
1615 167
1616 956
1617 765
1618 354
1619 292
1620 659
1621 1190
1622 1098
1623 330
1624 180
1625 775
1626 888
1627 292
1628 1581
1629 160
1630 391
1631 813
1632 1412
1633 1399
1634 506
1635 40
1636 1421
1637 1529
1638 1167
1639 395
1640 1476
1641 591
1642 1320
1643 565
1644 1423
1645 232
1646 1306
1647 495
1648 1255
1649 932
1650 225
1651 1435
1652 1454
1653 156
1654 590
1655 302
1656 986
1657 1249
1658 1250
1659 1652
1660 71
1661 1307
1662 343
1663 985
1664 1502
1665 1651
1666 1097
1667 477
1668 251
1669 690
1670 1098
1671 906
1672 1251
1673 818
1674 1056
1675 368
1676 193
1677 1270
1678 1107
1679 368
1680 1251
1681 606
1682 841
1683 555
1684 1003
1685 1594
1686 503
1687 498
1688 795
1689 1528
1690 745
1691 1191
1692 798
1693 1006
1694 830
1695 1431
1696 301
1697 1316
1698 384
1699 297
1700 1130
1701 254
1702 1414
1703 1527
1704 1345
1705 1622
1706 1253
1707 726
1708 385
1709 1109
1710 835
1711 1522
1712 157
1713 146
1714 1371
1715 953
1716 1192
1717 1602
1718 1146
1719 857
1720 573
1721 402
1722 446
1723 1064
1724 839
1725 1642
1726 739
1727 1595
1728 267
1729 1716
1730 151
1731 836
1732 1514
1733 237
1734 445
1735 1441
1736 474
1737 138
1738 643
1739 911
1740 970
1741 909
1742 473
1743 269
1744 1441
1745 1304
1746 491
1747 812
1748 1204
1749 702
1750 1217
1751 910
1752 475
1753 1137
1754 1548
1755 136
1756 827
1757 652
1758 170
1759 396
1760 367
1761 1514
1762 661
1763 1427
1764 1299
1765 791
1766 1592
1767 849
1768 1391
1769 422
1770 1232
1771 1088
1772 234
1773 602
1774 1590
1775 1620
1776 1034
1777 216
1778 501
1779 656
1780 1084
1781 933
1782 558
1783 769
1784 679
1785 284
1786 174
1787 1784
1788 1751
1789 583
1790 933
1791 375
1792 23
1793 15
1794 128
1795 157
1796 429
1797 880
1798 1456
1799 975
1800 1325
1801 369
1802 185
1803 617
1804 1214
1805 1360
1806 1568
1807 113
1808 331
1809 202
1810 1705
1811 916
1812 1429
1813 666
1814 1757
1815 1757
1816 193
1817 691
1818 978
1819 447
1820 1156
1821 614
1822 1747
1823 1168
1824 777
1825 1417
1826 1534
1827 1391
1828 693
1829 132
1830 1615
1831 578
1832 1154
1833 181
1834 988
1835 1328
1836 1558
1837 1799
1838 1261
1839 85
1840 132
1841 199
1842 684
1843 277
1844 875
1845 111
1846 1104
1847 1711
1848 60
1849 790
1850 1683
1851 797
1852 302
1853 579
1854 871
1855 575
1856 359
1857 833
1858 249
1859 1486
1860 795
1861 1371
1862 1650
1863 1856
1864 348
1865 1697
1866 396
1867 1651
1868 772
1869 327
1870 492
1871 1222
1872 150
1873 677
1874 1399
1875 1184
1876 72
1877 991
1878 21
1879 1100
1880 595
1881 837
1882 632
1883 1209
1884 588
1885 1145
1886 235
1887 919
1888 671
1889 1343
1890 1715
1891 380
1892 1645
1893 1650
1894 212
1895 672
1896 330
1897 69
1898 856
1899 484
1900 668
1901 1017
1902 958
1903 858
1904 750
1905 333
1906 1629
1907 1170
1908 1752
1909 198
1910 1702
1911 1623
1912 1530
1913 360
1914 280
1915 835
1916 51
1917 224
1918 598
1919 1356
1920 1422
1921 396
1922 1687
1923 1612
1924 1692
1925 331
1926 731
1927 1380
1928 1228
1929 1722
1930 1479
1931 718
1932 1433
1933 1683
1934 1226
1935 667
1936 491
1937 887
1938 1856
1939 636
1940 1751
1941 1344
1942 1069
1943 1072
1944 829
1945 1807
1946 864
1947 287
1948 1606
1949 1356
1950 924
1951 271
1952 658
1953 238
1954 443
1955 690
1956 883
1957 140
1958 212
1959 1397
1960 1655
1961 1542
1962 269
1963 184
1964 351
1965 1071
1966 1723
1967 641
1968 328
1969 124
1970 511
1971 645
1972 384
1973 877
1974 741
1975 1932
1976 1579
1977 354
1978 1685
1979 1428
1980 1397
1981 861
1982 251
1983 1841
1984 1845
1985 1582
1986 1207
1987 1248
1988 1029
1989 1495
1990 453
1991 516
1992 508
1993 674
1994 1129
1995 377
1996 1943
1997 1659
1998 1142
1999 1469
2000 975
2001 866
2002 361
2003 542
2004 665
2005 41
2006 1295
2007 1621
2008 1919
2009 1210
2010 623
2011 165
2012 1231
2013 347
2014 1215
2015 1994
2016 801
2017 565
2018 1086
2019 139
2020 1655
2021 538
2022 1704
2023 1063
2024 824
2025 894
2026 1954
2027 1347
2028 1152
2029 1561
2030 1869
2031 902
2032 233
2033 1443
2034 759
2035 202
2036 1455
2037 980
2038 1204
2039 1005
2040 142
2041 53
2042 1714
2043 1230
2044 524
2045 122
2046 1220
2047 688
2048 302
2049 106
2050 1666
2051 354
2052 1359
2053 1759
2054 560
2055 32
2056 1472
2057 1515
2058 933
2059 99
2060 1247
2061 12
2062 268
2063 817
2064 828
2065 1014
2066 961
2067 1019
2068 874
2069 866
2070 43
2071 411
2072 931
2073 732
2074 479
2075 1557
2076 1675
2077 870
2078 1309
2079 1269
2080 705
2081 1108
2082 527
2083 1723
2084 47
2085 528
2086 1260
2087 514
2088 2018
2089 967
2090 136
2091 118
2092 485
2093 1567
2094 112
2095 1988
2096 1919
2097 2050
2098 315
2099 430
2100 1047
2101 331
2102 1566
2103 1580
2104 284
2105 1456
2106 1932
2107 1227
2108 1514
2109 320
2110 1726
2111 1011
2112 560
2113 957
2114 1045
2115 378
2116 1033
2117 944
2118 242
2119 1257
2120 1249
2121 539
2122 1605
2123 393
2124 1082
2125 852
2126 1981
2127 986
2128 1190
2129 1345
2130 778
2131 644
2132 1900
2133 280
2134 401
2135 2011
2136 1528
2137 119
2138 1087
2139 1968
2140 221
2141 1330
2142 1643
2143 707
2144 1662
2145 1004
2146 170
2147 1020
2148 1733
2149 779
2150 1870
2151 1274
2152 44
2153 976
2154 1522
2155 987
2156 615
2157 1802
2158 400
2159 1288
2160 115
2161 458
2162 1725
2163 2092
2164 1955
2165 555
2166 580
2167 201
2168 1609
2169 899
2170 1815
2171 581
2172 1920
2173 1953
2174 137
2175 1180
2176 1293
2177 809
2178 2136
2179 737
2180 551
2181 633
2182 2071
2183 2168
2184 386
2185 1429
2186 1235
2187 1754
2188 801
2189 1493
2190 1471
2191 443
2192 55
2193 1237
2194 1442
2195 2047
2196 1278
2197 977
2198 1581
2199 392
2200 1767
2201 866
2202 1327
2203 133
2204 1566
2205 262
2206 1812
2207 1372
2208 1262
2209 763
2210 960
2211 992
2212 794
2213 1122
2214 1557
2215 1206
2216 1972
2217 1441
2218 467
2219 1561
2220 1575
2221 1513
2222 1113
2223 812
2224 1842
2225 346
2226 1221
2227 812
2228 1898
2229 963
2230 304
2231 2102
2232 1460
2233 198
2234 719
2235 785
2236 891
2237 1779
2238 1016
2239 2012
2240 2221
2241 1580
2242 343
2243 1373
2244 1210
2245 1534
2246 1724
2247 2065
2248 1819
2249 1750
2250 2024
2251 392
2252 424
2253 2118
2254 1349
2255 1289
2256 83
2257 913
2258 1215
2259 1118
2260 839
2261 591
2262 829
2263 592
2264 743
2265 518
2266 1773
2267 1890
2268 1632
2269 634
2270 2126
2271 792
2272 1357
2273 2051
2274 1038
2275 840
2276 1025
2277 1557
2278 2064
2279 962
2280 877
2281 2107
2282 1032
2283 1584
2284 2223
2285 752
2286 1727
2287 1673
2288 550
2289 1186
2290 2246
2291 239
2292 1628
2293 1551
2294 74
2295 414
2296 448
2297 466
2298 439
2299 1741
2300 2217
2301 1257
2302 2092
2303 814
2304 277
2305 72
2306 2303
2307 708
2308 735
2309 1007
2310 812
2311 20
2312 2306
2313 1856
2314 61
2315 1891
2316 306
2317 1203
2318 782
2319 770
2320 1252
2321 661
2322 298
2323 868
2324 1885
2325 1286
2326 1112
2327 295
2328 775
2329 930
2330 755
2331 2269
2332 2247
2333 1934
2334 2309
2335 1982
2336 193
2337 1188
2338 1652
2339 1092
2340 1273
2341 308
2342 246
2343 480
2344 2338
2345 1725
2346 2008
2347 1000
2348 163
2349 475
2350 431
2351 2239
2352 2314
2353 2066
2354 1075
2355 1947
2356 1856
2357 2235
2358 1263
2359 786
2360 391
2361 2182
2362 2171
2363 66
2364 2323
2365 1492
2366 1498
2367 647
2368 537
2369 1469
2370 1448
2371 1474
2372 718
2373 597
2374 824
2375 1208
2376 2133
2377 594
2378 245
2379 264
2380 1460
2381 1965
2382 321
2383 82
2384 1869
2385 945
2386 1868
2387 1322
2388 2190
2389 32
2390 622
2391 1350
2392 1352
2393 142
2394 439
2395 805
2396 2363
2397 1643
2398 2081
2399 647
2400 759
2401 892
2402 1998
2403 2352
2404 1742
2405 904
2406 2259
2407 367
2408 2341
2409 1807
2410 936
2411 342
2412 1413
2413 1055
2414 853
2415 758
2416 265
2417 1835
2418 545
2419 1586
2420 552
2421 1732
2422 1737
2423 286
2424 2278
2425 1418
2426 1254
2427 800
2428 467
2429 727
2430 626
2431 195
2432 93
2433 73
2434 1675
2435 2061
2436 1234
2437 914
2438 365
2439 233
2440 992
2441 1260
2442 2266
2443 303
2444 369
2445 1435
2446 555
2447 290
2448 2316
2449 982
2450 207
2451 956
2452 1217
2453 123
2454 1418
2455 1644
2456 1909
2457 1306
2458 301
2459 1915
2460 2064
2461 2072
2462 679
2463 2007
2464 1442
2465 365
2466 863
2467 1953
2468 1355
2469 344
2470 118
2471 1788
2472 2383
2473 2153
2474 1144
2475 1429
2476 2094
2477 1507
2478 969
2479 254
2480 781
2481 1867
2482 2012
2483 987
2484 129
2485 1045
2486 859
2487 2461
2488 1866
2489 1462
2490 981
2491 2105
2492 2266
2493 346
2494 997
2495 368
2496 120
2497 174
2498 1497
2499 647
2500 996
2501 1796
2502 2092
2503 2316
2504 228
2505 2262
2506 110
2507 1197
2508 615
2509 1729
2510 2226
2511 690
2512 417
2513 227
2514 2090
2515 322
2516 160
2517 2282
2518 629
2519 2019
2520 778
2521 1894
2522 758
2523 475
2524 1928
2525 173
2526 414
2527 2217
2528 2290
2529 726
2530 1392
2531 754
2532 1107
2533 984
2534 407
2535 1601
2536 2532
2537 587
2538 2474
2539 592
2540 1045
2541 1983
2542 1182
2543 23
2544 2051
2545 1604
2546 2525
2547 243
2548 850
2549 1038
2550 1848
2551 1381
2552 1358
2553 707
2554 1885
2555 913
2556 2506
2557 445
2558 658
2559 2059
2560 1500
2561 2475
2562 1267
2563 1463
2564 907
2565 2499
2566 426
2567 730
2568 1299
2569 673
2570 1288
2571 1039
2572 716
2573 2063
2574 72
2575 1093
2576 2293
2577 824
2578 2277
2579 1141
2580 90
2581 1426
2582 2067
2583 1263
2584 192
2585 1555
2586 588
2587 2093
2588 1297
2589 1102
2590 1570
2591 1379
2592 1274
2593 1399
2594 456
2595 471
2596 1436
2597 1380
2598 322
2599 294
2600 1305
2601 2518
2602 262
2603 1742
2604 2289
2605 628
2606 2309
2607 759
2608 664
2609 2326
2610 464
2611 2267
2612 992
2613 644
2614 735
2615 2578
2616 14
2617 671
2618 1685
2619 8
2620 799
2621 808
2622 2298
2623 522
2624 1221
2625 1857
2626 752
2627 2543
2628 1861
2629 1873
2630 1302
2631 1014
2632 2490
2633 1964
2634 1652
2635 171
2636 993
2637 1013
2638 2555
2639 524
2640 2113
2641 2245
2642 267
2643 2511
2644 1380
2645 2201
2646 336
2647 411
2648 1280
2649 1248
2650 2306
2651 2100
2652 1968
2653 2012
2654 1569
2655 1941
2656 105
2657 913
2658 491
2659 2634
2660 2340
2661 1201
2662 618
2663 406
2664 1193
2665 2625
2666 298
2667 2524
2668 1424
2669 1032
2670 1400
2671 2595
2672 2623
2673 559
2674 1416
2675 1813
2676 2012
2677 1969
2678 1904
2679 304
2680 1639
2681 476
2682 154
2683 1068
2684 2663
2685 1320
2686 25
2687 618
2688 1292
2689 494
2690 175
2691 2140
2692 145
2693 188
2694 805
2695 1379
2696 616
2697 1639
2698 2117
2699 1057
2700 1175
2701 864
2702 945
2703 1401
2704 1996
2705 507
2706 2372
2707 2150
2708 527
2709 2053
2710 243
2711 60
2712 960
2713 2269
2714 2326
2715 1783
2716 1686
2717 634
2718 2332
2719 1206
2720 2082
2721 1122
2722 2645
2723 1474
2724 1144
2725 1174
2726 2369
2727 2086
2728 1955
2729 1660
2730 1988
2731 2193
2732 1306
2733 137
2734 1577
2735 175
2736 2301
2737 721
2738 751
2739 1283
2740 1477
2741 1663
2742 814
2743 1881
2744 1658
2745 1570
2746 1271
2747 2418
2748 2155
2749 2292
2750 2091
2751 2333
2752 1172
2753 1268
2754 1251
2755 309
2756 1911
2757 227
2758 1990
2759 1702
2760 741
2761 1730
2762 1528
2763 2254
2764 1396
2765 2175
2766 1514
2767 2484
2768 2232
2769 2217
2770 312
2771 2014
2772 72
2773 841
2774 989
2775 552
2776 683
2777 435
2778 838
2779 574
2780 1419
2781 2488
2782 486
2783 2477
2784 1073
2785 780
2786 2041
2787 1434
2788 1402
2789 1807
2790 2582
2791 1140
2792 861
2793 1952
2794 1807
2795 2151
2796 2646
2797 818
2798 2025
2799 467
2800 436
2801 907
2802 2558
2803 2571
2804 144
2805 1174
2806 887
2807 1809
2808 2479
2809 463
2810 2508
2811 1508
2812 2171
2813 2724
2814 622
2815 1879
2816 1641
2817 146
2818 1105
2819 1654
2820 2638
2821 2406
2822 808
2823 2775
2824 1463
2825 2270
2826 2785
2827 934
2828 2353
2829 391
2830 1089
2831 1586
2832 370
2833 1279
2834 960
2835 1115
2836 1397
2837 1665
2838 1640
2839 1325
2840 437
2841 64
2842 1539
2843 1185
2844 2448
2845 1250
2846 1713
2847 1706
2848 1357
2849 1807
2850 2234
2851 1276
2852 607
2853 92
2854 757
2855 2820
2856 1437
2857 1836
2858 1955
2859 389
2860 425
2861 556
2862 895
2863 514
2864 245
2865 189
2866 1734
2867 596
2868 867
2869 2484
2870 2743
2871 1177
2872 2483
2873 293
2874 136
2875 107
2876 1234
2877 345
2878 383
2879 2778
2880 1042
2881 2377
2882 940
2883 1779
2884 1823
2885 210
2886 2491
2887 447
2888 2576
2889 2210
2890 670
2891 364
2892 1473
2893 318
2894 1154
2895 1078
2896 1503
2897 1918
2898 1654
2899 1091
2900 2485
2901 398
2902 234
2903 468
2904 1780
2905 1038
2906 154
2907 2649
2908 1989
2909 157
2910 690
2911 1637
2912 2866
2913 105
2914 628
2915 656
2916 259
2917 1362
2918 498
2919 1389
2920 1663
2921 336
2922 311
2923 1245
2924 2732
2925 2117
2926 966
2927 1791
2928 1498
2929 936
2930 1808
2931 2061
2932 2505
2933 2703
2934 2859
2935 333
2936 2756
2937 443
2938 1673
2939 2699
2940 2313
2941 2493
2942 125
2943 2132
2944 2692
2945 2583
2946 2373
2947 2646
2948 1731
2949 2373
2950 310
2951 1511
2952 1697
2953 2798
2954 884
2955 1491
2956 103
2957 202
2958 2244
2959 2586
2960 773
2961 676
2962 1070
2963 2701
2964 1612
2965 2331
2966 1784
2967 1750
2968 2249
2969 2468
2970 2344
2971 2760
2972 1470
2973 2511
2974 676
2975 1605
2976 1564
2977 2908
2978 797
2979 621
2980 604
2981 860
2982 1927
2983 1706
2984 1755
2985 412
2986 270
2987 1879
2988 2374
2989 1543
2990 451
2991 1578
2992 816
2993 1851
2994 1692
2995 2766
2996 185
2997 62
2998 449
2999 2224
3000 2853
