3000
2 1
3 2
4 2
5 1
6 3
7 4
8 7
9 5
10 3
11 10
12 9
13 3
14 1
15 2
16 15
17 8
18 12
19 10
20 8
21 11
22 16
23 22
24 3
25 17
26 22
27 25
28 8
29 8
30 9
31 13
32 15
33 5
34 13
35 16
36 33
37 30
38 30
39 19
40 4
41 26
42 1
43 40
44 30
45 27
46 21
47 32
48 43
49 6
50 34
51 26
52 39
53 41
54 43
55 42
56 10
57 38
58 25
59 27
60 51
61 54
62 26
63 29
64 56
65 24
66 1
67 6
68 10
69 50
70 26
71 66
72 37
73 65
74 68
75 60
76 41
77 45
78 48
79 45
80 41
81 23
82 66
83 45
84 42
85 51
86 21
87 12
88 26
89 64
90 5
91 59
92 52
93 70
94 48
95 34
96 50
97 33
98 74
99 87
100 47
101 47
102 24
103 14
104 83
105 64
106 80
107 53
108 73
109 17
110 9
111 14
112 92
113 35
114 27
115 105
116 64
117 4
118 92
119 65
120 37
121 119
122 104
123 34
124 119
125 68
126 94
127 52
128 86
129 10
130 89
131 63
132 69
133 92
134 120
135 93
136 58
137 57
138 45
139 138
140 113
141 67
142 131
143 14
144 101
145 83
146 144
147 4
148 134
149 70
150 88
151 35
152 98
153 51
154 90
155 6
156 37
157 68
158 143
159 56
160 56
161 154
162 70
163 94
164 137
165 69
166 155
167 140
168 116
169 18
170 52
171 170
172 46
173 151
174 88
175 112
176 22
177 13
178 40
179 7
180 79
181 144
182 31
183 155
184 4
185 100
186 10
187 96
188 163
189 182
190 91
191 99
192 22
193 25
194 5
195 35
196 19
197 74
198 109
199 19
200 171
201 69
202 193
203 138
204 73
205 189
206 140
207 13
208 110
209 58
210 18
211 48
212 19
213 14
214 212
215 170
216 211
217 147
218 10
219 56
220 184
221 186
222 209
223 110
224 26
225 14
226 42
227 147
228 98
229 179
230 80
231 71
232 55
233 105
234 122
235 108
236 164
237 190
238 172
239 93
240 181
241 66
242 36
243 100
244 213
245 240
246 93
247 73
248 6
249 238
250 226
251 197
252 45
253 248
254 172
255 66
256 242
257 131
258 156
259 160
260 177
261 20
262 174
263 24
264 164
265 86
266 230
267 141
268 220
269 24
270 73
271 113
272 230
273 14
274 152
275 153
276 106
277 122
278 248
279 151
280 223
281 134
282 268
283 150
284 142
285 181
286 266
287 256
288 189
289 127
290 67
291 48
292 105
293 81
294 60
295 281
296 162
297 252
298 187
299 117
300 165
301 48
302 178
303 185
304 80
305 52
306 266
307 245
308 289
309 121
310 111
311 84
312 93
313 196
314 256
315 245
316 183
317 235
318 302
319 233
320 134
321 138
322 119
323 120
324 80
325 150
326 171
327 237
328 221
329 291
330 51
331 145
332 38
333 71
334 314
335 169
336 208
337 142
338 285
339 247
340 144
341 243
342 20
343 25
344 188
345 206
346 236
347 285
348 206
349 304
350 104
351 340
352 277
353 140
354 67
355 92
356 255
357 63
358 290
359 117
360 85
361 211
362 195
363 337
364 192
365 19
366 316
367 252
368 283
369 194
370 185
371 242
372 100
373 357
374 16
375 373
376 228
377 134
378 150
379 210
380 115
381 150
382 211
383 234
384 174
385 237
386 354
387 363
388 178
389 105
390 197
391 76
392 342
393 92
394 78
395 166
396 133
397 2
398 69
399 231
400 74
401 346
402 222
403 24
404 374
405 143
406 68
407 63
408 250
409 179
410 284
411 121
412 92
413 231
414 214
415 383
416 300
417 150
418 13
419 77
420 352
421 62
422 251
423 125
424 108
425 398
426 126
427 213
428 239
429 111
430 93
431 402
432 50
433 125
434 429
435 383
436 125
437 22
438 15
439 29
440 66
441 76
442 242
443 186
444 117
445 194
446 142
447 36
448 283
449 109
450 84
451 432
452 25
453 348
454 311
455 246
456 132
457 170
458 162
459 84
460 305
461 389
462 42
463 329
464 124
465 51
466 48
467 24
468 175
469 164
470 378
471 439
472 315
473 411
474 6
475 282
476 303
477 166
478 114
479 52
480 475
481 155
482 43
483 276
484 314
485 245
486 479
487 468
488 54
489 6
490 389
491 144
492 375
493 182
494 306
495 233
496 281
497 307
498 114
499 351
500 146
501 371
502 203
503 263
504 90
505 111
506 170
507 238
508 37
509 429
510 191
511 196
512 294
513 200
514 303
515 513
516 358
517 231
518 113
519 145
520 394
521 83
522 37
523 511
524 155
525 301
526 9
527 513
528 98
529 263
530 71
531 503
532 91
533 373
534 79
535 495
536 48
537 456
538 354
539 391
540 139
541 10
542 335
543 351
544 209
545 125
546 266
547 332
548 356
549 416
550 474
551 533
552 85
553 402
554 242
555 326
556 549
557 90
558 258
559 207
560 231
561 310
562 43
563 121
564 304
565 380
566 406
567 548
568 413
569 398
570 366
571 254
572 180
573 165
574 90
575 288
576 270
577 512
578 385
579 134
580 8
581 370
582 413
583 249
584 103
585 521
586 407
587 237
588 561
589 569
590 173
591 10
592 105
593 280
594 45
595 236
596 478
597 463
598 562
599 204
600 172
601 545
602 189
603 82
604 541
605 574
606 462
607 382
608 583
609 123
610 584
611 329
612 559
613 64
614 496
615 128
616 508
617 530
618 330
619 263
620 422
621 522
622 44
623 352
624 238
625 405
626 501
627 115
628 22
629 602
630 75
631 178
632 528
633 217
634 184
635 552
636 476
637 565
638 341
639 567
640 378
641 533
642 110
643 578
644 154
645 418
646 146
647 60
648 634
649 620
650 173
651 537
652 97
653 453
654 452
655 345
656 96
657 438
658 354
659 497
660 179
661 560
662 59
663 202
664 657
665 294
666 396
667 320
668 658
669 234
670 128
671 126
672 82
673 565
674 570
675 215
676 88
677 615
678 428
679 293
680 387
681 374
682 578
683 146
684 114
685 406
686 422
687 55
688 277
689 65
690 571
691 607
692 680
693 139
694 423
695 78
696 231
697 241
698 264
699 117
700 298
701 529
702 470
703 125
704 309
705 5
706 65
707 460
708 550
709 165
710 115
711 110
712 381
713 290
714 531
715 691
716 687
717 309
718 317
719 533
720 654
721 143
722 587
723 635
724 69
725 478
726 347
727 449
728 639
729 728
730 54
731 494
732 487
733 39
734 48
735 299
736 621
737 588
738 442
739 443
740 287
741 447
742 158
743 103
744 549
745 431
746 201
747 308
748 1
749 566
750 585
751 353
752 73
753 696
754 528
755 356
756 548
757 465
758 323
759 142
760 399
761 308
762 687
763 572
764 136
765 130
766 225
767 190
768 607
769 722
770 363
771 120
772 411
773 505
774 277
775 109
776 689
777 589
778 548
779 38
780 514
781 282
782 543
783 422
784 574
785 181
786 328
787 599
788 179
789 641
790 100
791 523
792 22
793 350
794 83
795 62
796 281
797 695
798 115
799 310
800 418
801 63
802 589
803 542
804 5
805 84
806 356
807 467
808 213
809 20
810 61
811 115
812 743
813 347
814 771
815 552
816 544
817 300
818 735
819 141
820 561
821 532
822 416
823 132
824 26
825 252
826 728
827 321
828 249
829 363
830 677
831 485
832 80
833 763
834 312
835 253
836 797
837 226
838 399
839 280
840 370
841 788
842 712
843 793
844 640
845 707
846 67
847 448
848 727
849 807
850 273
851 323
852 666
853 415
854 50
855 432
856 521
857 120
858 376
859 38
860 755
861 784
862 613
863 808
864 177
865 110
866 347
867 13
868 170
869 776
870 114
871 663
872 656
873 333
874 221
875 367
876 200
877 736
878 635
879 719
880 781
881 652
882 562
883 320
884 394
885 862
886 257
887 117
888 685
889 176
890 55
891 673
892 766
893 484
894 40
895 103
896 328
897 256
898 383
899 144
900 517
901 2
902 667
903 581
904 293
905 479
906 476
907 462
908 363
909 128
910 717
911 774
912 362
913 837
914 307
915 721
916 545
917 206
918 215
919 504
920 824
921 758
922 327
923 781
924 75
925 721
926 424
927 52
928 217
929 313
930 331
931 209
932 143
933 845
934 586
935 9
936 746
937 890
938 107
939 659
940 697
941 833
942 333
943 822
944 404
945 873
946 836
947 928
948 63
949 509
950 317
951 654
952 70
953 105
954 819
955 198
956 141
957 793
958 206
959 79
960 893
961 33
962 67
963 99
964 322
965 855
966 558
967 182
968 98
969 590
970 916
971 295
972 875
973 649
974 752
975 930
976 534
977 944
978 824
979 272
980 438
981 140
982 737
983 680
984 446
985 928
986 310
987 798
988 770
989 375
990 395
991 753
992 192
993 97
994 475
995 249
996 671
997 114
998 133
999 792
1000 718
1001 76
1002 512
1003 604
1004 518
1005 971
1006 780
1007 759
1008 944
1009 481
1010 71
1011 427
1012 275
1013 148
1014 326
1015 739
1016 555
1017 605
1018 519
1019 286
1020 506
1021 463
1022 872
1023 249
1024 428
1025 159
1026 85
1027 700
1028 453
1029 848
1030 851
1031 136
1032 51
1033 274
1034 397
1035 848
1036 264
1037 307
1038 903
1039 961
1040 135
1041 326
1042 183
1043 1004
1044 19
1045 840
1046 785
1047 763
1048 181
1049 911
1050 240
1051 715
1052 701
1053 152
1054 319
1055 190
1056 773
1057 676
1058 729
1059 728
1060 649
1061 503
1062 691
1063 575
1064 859
1065 730
1066 926
1067 398
1068 238
1069 569
1070 273
1071 655
1072 354
1073 326
1074 295
1075 987
1076 698
1077 491
1078 521
1079 799
1080 46
1081 222
1082 344
1083 649
1084 276
1085 476
1086 685
1087 645
1088 564
1089 1081
1090 28
1091 759
1092 62
1093 842
1094 739
1095 362
1096 485
1097 722
1098 669
1099 992
1100 969
1101 1041
1102 914
1103 515
1104 513
1105 297
1106 912
1107 757
1108 614
1109 1059
1110 991
1111 157
1112 243
1113 610
1114 458
1115 716
1116 83
1117 246
1118 1065
1119 592
1120 435
1121 1029
1122 576
1123 324
1124 362
1125 596
1126 70
1127 266
1128 125
1129 388
1130 946
1131 485
1132 197
1133 1079
1134 410
1135 79
1136 774
1137 1031
1138 473
1139 297
1140 940
1141 1127
1142 192
1143 134
1144 1007
1145 1027
1146 398
1147 295
1148 866
1149 862
1150 278
1151 511
1152 678
1153 943
1154 973
1155 607
1156 368
1157 363
1158 881
1159 638
1160 402
1161 966
1162 1100
1163 820
1164 1037
1165 839
1166 308
1167 826
1168 461
1169 233
1170 432
1171 1169
1172 744
1173 811
1174 630
1175 542
1176 967
1177 106
1178 63
1179 416
1180 581
1181 201
1182 127
1183 863
1184 678
1185 1
1186 124
1187 1011
1188 73
1189 46
1190 983
1191 957
1192 1031
1193 114
1194 338
1195 590
1196 981
1197 1193
1198 603
1199 1129
1200 385
1201 469
1202 469
1203 788
1204 322
1205 167
1206 14
1207 948
1208 17
1209 757
1210 1048
1211 170
1212 746
1213 741
1214 199
1215 270
1216 810
1217 130
1218 619
1219 1185
1220 444
1221 533
1222 143
1223 821
1224 557
1225 1079
1226 1116
1227 970
1228 790
1229 153
1230 1146
1231 612
1232 624
1233 20
1234 432
1235 84
1236 604
1237 1167
1238 514
1239 1069
1240 1057
1241 181
1242 557
1243 869
1244 496
1245 1011
1246 476
1247 293
1248 1220
1249 89
1250 1194
1251 568
1252 226
1253 956
1254 1013
1255 103
1256 449
1257 1173
1258 1256
1259 942
1260 1139
1261 227
1262 19
1263 843
1264 554
1265 1198
1266 411
1267 1022
1268 923
1269 7
1270 4
1271 840
1272 869
1273 1106
1274 4
1275 977
1276 80
1277 835
1278 695
1279 821
1280 529
1281 1072
1282 6
1283 1259
1284 531
1285 231
1286 433
1287 1194
1288 989
1289 420
1290 554
1291 881
1292 679
1293 1068
1294 932
1295 485
1296 215
1297 364
1298 885
1299 1134
1300 928
1301 915
1302 518
1303 496
1304 421
1305 125
1306 1235
1307 937
1308 121
1309 490
1310 935
1311 1167
1312 146
1313 1198
1314 273
1315 1040
1316 50
1317 278
1318 746
1319 513
1320 562
1321 804
1322 71
1323 123
1324 628
1325 262
1326 1046
1327 168
1328 199
1329 1252
1330 1292
1331 19
1332 55
1333 1079
1334 462
1335 683
1336 709
1337 516
1338 809
1339 554
1340 1164
1341 362
1342 565
1343 370
1344 1245
1345 59
1346 367
1347 958
1348 97
1349 1057
1350 298
1351 321
1352 439
1353 581
1354 1261
1355 540
1356 341
1357 47
1358 885
1359 1269
1360 1074
1361 1088
1362 1241
1363 1022
1364 556
1365 707
1366 376
1367 1294
1368 1174
1369 553
1370 625
1371 394
1372 43
1373 1277
1374 612
1375 170
1376 1007
1377 831
1378 469
1379 1353
1380 761
1381 273
1382 406
1383 927
1384 1325
1385 567
1386 744
1387 207
1388 1132
1389 525
1390 110
1391 813
1392 241
1393 1158
1394 331
1395 20
1396 1083
1397 275
1398 1044
1399 49
1400 1257
1401 763
1402 611
1403 1383
1404 603
1405 861
1406 787
1407 750
1408 795
1409 674
1410 207
1411 466
1412 1215
1413 412
1414 420
1415 792
1416 427
1417 778
1418 1020
1419 1237
1420 124
1421 1078
1422 263
1423 961
1424 1129
1425 224
1426 1413
1427 244
1428 259
1429 960
1430 1217
1431 670
1432 924
1433 577
1434 778
1435 1218
1436 969
1437 372
1438 556
1439 900
1440 705
1441 1389
1442 962
1443 123
1444 179
1445 1015
1446 1134
1447 1291
1448 173
1449 1062
1450 953
1451 801
1452 120
1453 692
1454 68
1455 772
1456 137
1457 85
1458 1413
1459 852
1460 564
1461 324
1462 846
1463 14
1464 366
1465 605
1466 1126
1467 309
1468 1456
1469 752
1470 423
1471 741
1472 991
1473 742
1474 595
1475 195
1476 1150
1477 475
1478 228
1479 611
1480 768
1481 387
1482 1387
1483 154
1484 282
1485 1097
1486 1351
1487 463
1488 1203
1489 189
1490 282
1491 953
1492 789
1493 253
1494 1010
1495 244
1496 24
1497 150
1498 1051
1499 67
1500 765
1501 147
1502 440
1503 267
1504 551
1505 790
1506 309
1507 889
1508 860
1509 262
1510 331
1511 288
1512 1289
1513 474
1514 939
1515 830
1516 583
1517 40
1518 1337
1519 207
1520 832
1521 1520
1522 268
1523 246
1524 766
1525 1513
1526 341
1527 1098
1528 912
1529 156
1530 122
1531 373
1532 1246
1533 1304
1534 1065
1535 1503
1536 164
1537 1414
1538 584
1539 743
1540 789
1541 966
1542 1194
1543 1031
1544 945
1545 593
1546 803
1547 1043
1548 655
1549 29
1550 1060
1551 1510
1552 193
1553 1221
1554 471
1555 1384
1556 54
1557 1346
1558 310
1559 822
1560 324
1561 471
1562 1308
1563 1438
1564 331
1565 1491
1566 207
1567 20
1568 5
1569 92
1570 310
1571 1016
1572 629
1573 1282
1574 416
1575 135
1576 1119
1577 73
1578 611
1579 686
1580 1579
1581 1312
1582 414
1583 533
1584 1387
1585 1286
1586 171
1587 1189
1588 1489
1589 810
1590 692
1591 359
1592 1244
1593 1583
1594 1553
1595 1559
1596 376
1597 1528
1598 1341
1599 1424
1600 938
1601 1026
1602 1585
1603 1044
1604 1169
1605 1329
1606 632
1607 1451
1608 779
1609 11
1610 405
1611 347
1612 601
1613 713
1614 1123
1615 1419
1616 176
1617 1610
1618 283
1619 675
1620 1267
1621 419
1622 355
1623 1255
1624 1059
1625 148
1626 778
1627 1328
1628 711
1629 1023
1630 925
1631 559
1632 368
1633 1470
1634 484
1635 1276
1636 930
1637 521
1638 1463
1639 750
1640 1337
1641 758
1642 587
1643 11
1644 514
1645 144
1646 1643
1647 423
1648 1519
1649 698
1650 1151
1651 596
1652 82
1653 152
1654 1592
1655 1575
1656 805
1657 1062
1658 1491
1659 342
1660 1137
1661 1040
1662 863
1663 1380
1664 1575
1665 346
1666 517
1667 614
1668 419
1669 1401
1670 1594
1671 811
1672 278
1673 873
1674 58
1675 1477
1676 119
1677 917
1678 657
1679 1654
1680 666
1681 220
1682 1574
1683 642
1684 712
1685 1101
1686 805
1687 1635
1688 537
1689 1485
1690 1345
1691 79
1692 760
1693 1543
1694 563
1695 1019
1696 47
1697 860
1698 165
1699 905
1700 1695
1701 357
1702 238
1703 367
1704 1577
1705 206
1706 32
1707 431
1708 663
1709 100
1710 465
1711 721
1712 1170
1713 57
1714 954
1715 966
1716 1632
1717 790
1718 818
1719 687
1720 1231
1721 937
1722 672
1723 1224
1724 141
1725 1388
1726 550
1727 717
1728 887
1729 654
1730 1204
1731 310
1732 1307
1733 1169
1734 123
1735 762
1736 301
1737 1236
1738 248
1739 409
1740 488
1741 409
1742 1724
1743 87
1744 610
1745 457
1746 1258
1747 1616
1748 926
1749 1023
1750 1187
1751 1556
1752 942
1753 1362
1754 295
1755 681
1756 1203
1757 1027
1758 612
1759 119
1760 529
1761 311
1762 324
1763 490
1764 1419
1765 1017
1766 271
1767 543
1768 1222
1769 546
1770 1026
1771 146
1772 1112
1773 1020
1774 752
1775 763
1776 773
1777 1365
1778 1134
1779 1363
1780 714
1781 760
1782 1153
1783 301
1784 340
1785 857
1786 1370
1787 233
1788 1675
1789 69
1790 1111
1791 552
1792 311
1793 1183
1794 862
1795 968
1796 1636
1797 1109
1798 170
1799 1221
1800 1106
1801 1234
1802 515
1803 362
1804 378
1805 282
1806 1334
1807 497
1808 236
1809 1635
1810 252
1811 959
1812 1217
1813 1669
1814 551
1815 58
1816 1652
1817 908
1818 640
1819 395
1820 1777
1821 16
1822 1648
1823 153
1824 1653
1825 110
1826 412
1827 180
1828 710
1829 1361
1830 194
1831 485
1832 1122
1833 1323
1834 443
1835 884
1836 264
1837 701
1838 1271
1839 754
1840 667
1841 1004
1842 1687
1843 1034
1844 912
1845 222
1846 80
1847 1245
1848 866
1849 477
1850 1496
1851 1316
1852 921
1853 1105
1854 330
1855 1137
1856 1348
1857 780
1858 224
1859 559
1860 789
1861 1233
1862 835
1863 598
1864 1681
1865 205
1866 1538
1867 415
1868 715
1869 298
1870 1450
1871 1766
1872 617
1873 313
1874 531
1875 257
1876 1432
1877 1499
1878 1683
1879 1781
1880 1006
1881 386
1882 1684
1883 791
1884 1237
1885 617
1886 167
1887 783
1888 1537
1889 65
1890 1560
1891 1399
1892 829
1893 761
1894 622
1895 611
1896 1350
1897 1176
1898 1593
1899 349
1900 1272
1901 1310
1902 770
1903 821
1904 1094
1905 145
1906 442
1907 745
1908 869
1909 265
1910 584
1911 1542
1912 1816
1913 733
1914 1567
1915 1824
1916 1394
1917 775
1918 580
1919 1190
1920 972
1921 597
1922 1498
1923 457
1924 1178
1925 962
1926 412
1927 367
1928 1330
1929 1765
1930 320
1931 1228
1932 1232
1933 624
1934 1642
1935 1120
1936 42
1937 11
1938 302
1939 460
1940 243
1941 1030
1942 657
1943 1367
1944 1460
1945 1485
1946 13
1947 1440
1948 1141
1949 398
1950 1316
1951 1488
1952 33
1953 208
1954 1406
1955 1607
1956 828
1957 1086
1958 1247
1959 1389
1960 503
1961 1362
1962 1177
1963 1532
1964 562
1965 1011
1966 1733
1967 436
1968 974
1969 1025
1970 1525
1971 1864
1972 146
1973 7
1974 403
1975 87
1976 600
1977 985
1978 314
1979 986
1980 1640
1981 1712
1982 146
1983 608
1984 1949
1985 698
1986 458
1987 1420
1988 585
1989 1071
1990 1266
1991 1204
1992 836
1993 1128
1994 292
1995 683
1996 218
1997 1169
1998 1445
1999 55
2000 777
2001 842
2002 1400
2003 38
2004 1161
2005 1945
2006 1657
2007 429
2008 31
2009 451
2010 1171
2011 949
2012 510
2013 1240
2014 1334
2015 917
2016 890
2017 1372
2018 1389
2019 243
2020 1522
2021 735
2022 1829
2023 344
2024 1078
2025 791
2026 862
2027 300
2028 955
2029 581
2030 1733
2031 1552
2032 562
2033 190
2034 1065
2035 1256
2036 582
2037 1702
2038 417
2039 1820
2040 1079
2041 946
2042 1764
2043 896
2044 1955
2045 1529
2046 764
2047 290
2048 2019
2049 1404
2050 794
2051 666
2052 1484
2053 972
2054 345
2055 1166
2056 1435
2057 2048
2058 491
2059 604
2060 1883
2061 207
2062 1928
2063 1453
2064 315
2065 1748
2066 1887
2067 1059
2068 539
2069 180
2070 1209
2071 1289
2072 381
2073 662
2074 486
2075 72
2076 324
2077 5
2078 1264
2079 1864
2080 1676
2081 1924
2082 876
2083 1463
2084 771
2085 764
2086 574
2087 1733
2088 439
2089 193
2090 625
2091 1307
2092 1463
2093 82
2094 1098
2095 1769
2096 1241
2097 694
2098 131
2099 82
2100 878
2101 1130
2102 216
2103 279
2104 435
2105 1015
2106 1322
2107 918
2108 969
2109 815
2110 107
2111 128
2112 383
2113 2010
2114 271
2115 293
2116 938
2117 745
2118 1294
2119 2080
2120 1280
2121 828
2122 642
2123 496
2124 2029
2125 1028
2126 586
2127 530
2128 1883
2129 187
2130 1051
2131 110
2132 1784
2133 955
2134 1546
2135 34
2136 72
2137 1333
2138 594
2139 617
2140 1413
2141 395
2142 1062
2143 1673
2144 1004
2145 840
2146 2136
2147 122
2148 1637
2149 86
2150 1669
2151 1582
2152 1002
2153 1975
2154 2013
2155 1669
2156 348
2157 1084
2158 50
2159 179
2160 2148
2161 156
2162 2090
2163 1920
2164 585
2165 681
2166 2036
2167 1781
2168 718
2169 1536
2170 1219
2171 1616
2172 294
2173 441
2174 1163
2175 479
2176 1274
2177 1812
2178 256
2179 1809
2180 2091
2181 439
2182 1315
2183 1836
2184 2041
2185 1804
2186 1070
2187 784
2188 1730
2189 1751
2190 1746
2191 379
2192 334
2193 1887
2194 1805
2195 729
2196 854
2197 803
2198 1269
2199 1099
2200 1185
2201 824
2202 1187
2203 1067
2204 1261
2205 653
2206 2001
2207 1761
2208 1206
2209 584
2210 1480
2211 1179
2212 1303
2213 395
2214 1095
2215 419
2216 667
2217 2050
2218 1953
2219 165
2220 2207
2221 575
2222 1138
2223 1799
2224 809
2225 1373
2226 1527
2227 1300
2228 693
2229 709
2230 851
2231 547
2232 151
2233 1309
2234 1687
2235 1101
2236 1853
2237 2084
2238 371
2239 721
2240 1686
2241 875
2242 210
2243 207
2244 68
2245 644
2246 290
2247 2205
2248 1860
2249 312
2250 372
2251 653
2252 28
2253 1405
2254 104
2255 1678
2256 1917
2257 1262
2258 797
2259 1617
2260 2099
2261 1811
2262 2114
2263 1134
2264 1950
2265 1744
2266 2195
2267 1309
2268 129
2269 192
2270 1110
2271 1231
2272 1825
2273 1509
2274 74
2275 512
2276 563
2277 2241
2278 937
2279 1149
2280 470
2281 1392
2282 1518
2283 628
2284 1077
2285 57
2286 688
2287 78
2288 457
2289 971
2290 287
2291 1349
2292 685
2293 2017
2294 1564
2295 117
2296 1145
2297 351
2298 1534
2299 1414
2300 484
2301 98
2302 497
2303 2010
2304 412
2305 285
2306 142
2307 1379
2308 1970
2309 898
2310 1104
2311 1678
2312 1815
2313 1129
2314 986
2315 1519
2316 351
2317 1564
2318 1220
2319 2132
2320 910
2321 1642
2322 1773
2323 1077
2324 1140
2325 1727
2326 982
2327 991
2328 773
2329 211
2330 1077
2331 1559
2332 1682
2333 70
2334 1517
2335 607
2336 331
2337 989
2338 404
2339 1799
2340 263
2341 2320
2342 1204
2343 1899
2344 555
2345 203
2346 1648
2347 1356
2348 60
2349 1388
2350 1599
2351 736
2352 1256
2353 1924
2354 1582
2355 2336
2356 2103
2357 513
2358 1584
2359 1182
2360 97
2361 349
2362 3
2363 185
2364 658
2365 2225
2366 1048
2367 1046
2368 1597
2369 1644
2370 54
2371 1889
2372 201
2373 1865
2374 558
2375 1391
2376 1923
2377 62
2378 893
2379 564
2380 1513
2381 1358
2382 764
2383 2252
2384 1674
2385 258
2386 593
2387 2065
2388 277
2389 1615
2390 1571
2391 21
2392 755
2393 1548
2394 870
2395 149
2396 1579
2397 1777
2398 513
2399 1677
2400 1239
2401 1618
2402 934
2403 827
2404 1983
2405 2338
2406 818
2407 897
2408 78
2409 394
2410 1389
2411 106
2412 641
2413 1099
2414 646
2415 1489
2416 1642
2417 1803
2418 1771
2419 961
2420 234
2421 1946
2422 536
2423 88
2424 1250
2425 2143
2426 1222
2427 1166
2428 686
2429 76
2430 362
2431 865
2432 1604
2433 1944
2434 2246
2435 808
2436 178
2437 115
2438 109
2439 2184
2440 181
2441 1039
2442 458
2443 1699
2444 408
2445 1122
2446 247
2447 1654
2448 457
2449 614
2450 399
2451 457
2452 1151
2453 712
2454 669
2455 1997
2456 2022
2457 800
2458 1286
2459 1862
2460 732
2461 1729
2462 1499
2463 1730
2464 1764
2465 1316
2466 484
2467 597
2468 2093
2469 201
2470 1847
2471 365
2472 935
2473 630
2474 912
2475 1892
2476 2018
2477 634
2478 1786
2479 756
2480 437
2481 797
2482 2398
2483 2121
2484 1423
2485 902
2486 800
2487 2209
2488 2155
2489 326
2490 2372
2491 618
2492 1648
2493 1903
2494 334
2495 1395
2496 305
2497 2271
2498 1599
2499 237
2500 2037
2501 298
2502 1822
2503 1835
2504 131
2505 1909
2506 2478
2507 1530
2508 2203
2509 2021
2510 262
2511 64
2512 1089
2513 407
2514 1002
2515 490
2516 2246
2517 2045
2518 1622
2519 1061
2520 915
2521 1592
2522 549
2523 1890
2524 585
2525 192
2526 1387
2527 1949
2528 682
2529 753
2530 474
2531 1053
2532 2364
2533 2360
2534 1393
2535 2072
2536 1309
2537 1333
2538 1803
2539 390
2540 2330
2541 866
2542 470
2543 1890
2544 713
2545 1020
2546 1391
2547 744
2548 734
2549 1479
2550 859
2551 97
2552 1192
2553 560
2554 739
2555 300
2556 1972
2557 2387
2558 364
2559 1833
2560 1904
2561 1155
2562 2218
2563 2548
2564 2012
2565 1557
2566 1069
2567 1855
2568 1928
2569 215
2570 316
2571 566
2572 2411
2573 8
2574 1135
2575 1806
2576 1541
2577 2499
2578 1174
2579 1888
2580 374
2581 998
2582 911
2583 927
2584 1104
2585 2205
2586 2457
2587 1535
2588 2081
2589 1040
2590 427
2591 688
2592 417
2593 91
2594 1748
2595 435
2596 211
2597 2239
2598 1961
2599 1333
2600 663
2601 353
2602 2036
2603 867
2604 1085
2605 141
2606 2427
2607 1429
2608 1181
2609 2374
2610 1078
2611 1734
2612 599
2613 1837
2614 927
2615 262
2616 566
2617 135
2618 272
2619 242
2620 697
2621 3
2622 2410
2623 839
2624 1886
2625 1347
2626 903
2627 750
2628 1755
2629 957
2630 746
2631 945
2632 26
2633 2069
2634 648
2635 293
2636 1084
2637 940
2638 1491
2639 697
2640 1545
2641 2524
2642 2215
2643 949
2644 1739
2645 2379
2646 818
2647 2268
2648 721
2649 710
2650 863
2651 1393
2652 790
2653 1348
2654 2035
2655 393
2656 2290
2657 1729
2658 1103
2659 2212
2660 2068
2661 30
2662 2043
2663 510
2664 635
2665 209
2666 2216
2667 1626
2668 955
2669 505
2670 567
2671 2343
2672 1789
2673 1150
2674 970
2675 458
2676 2448
2677 1486
2678 1029
2679 1502
2680 2021
2681 2258
2682 466
2683 2169
2684 1301
2685 231
2686 16
2687 1793
2688 2601
2689 1759
2690 582
2691 1210
2692 2600
2693 1688
2694 1287
2695 1823
2696 676
2697 687
2698 674
2699 963
2700 1308
2701 1904
2702 582
2703 474
2704 1640
2705 738
2706 803
2707 1145
2708 2001
2709 1705
2710 2215
2711 1844
2712 2240
2713 603
2714 2673
2715 1938
2716 111
2717 780
2718 2061
2719 2375
2720 2589
2721 227
2722 93
2723 447
2724 688
2725 1414
2726 2564
2727 381
2728 1028
2729 2501
2730 1020
2731 2349
2732 506
2733 1926
2734 254
2735 1814
2736 2278
2737 369
2738 791
2739 209
2740 1214
2741 2000
2742 2066
2743 1974
2744 2477
2745 890
2746 647
2747 211
2748 1034
2749 1739
2750 2595
2751 2232
2752 2642
2753 919
2754 490
2755 2676
2756 2213
2757 768
2758 331
2759 1116
2760 1252
2761 149
2762 1509
2763 1634
2764 627
2765 773
2766 1712
2767 1947
2768 2258
2769 2131
2770 106
2771 1926
2772 2041
2773 887
2774 2740
2775 205
2776 315
2777 2309
2778 84
2779 2326
2780 1075
2781 1784
2782 1199
2783 1874
2784 2227
2785 1698
2786 1117
2787 1400
2788 264
2789 238
2790 2147
2791 371
2792 2758
2793 86
2794 1376
2795 296
2796 697
2797 1394
2798 1884
2799 48
2800 2405
2801 1073
2802 1877
2803 2247
2804 714
2805 1242
2806 811
2807 1568
2808 1360
2809 2661
2810 9
2811 1018
2812 624
2813 1940
2814 2665
2815 1287
2816 2400
2817 428
2818 1926
2819 1908
2820 109
2821 2720
2822 946
2823 2409
2824 1401
2825 1760
2826 1171
2827 616
2828 1926
2829 2105
2830 2437
2831 439
2832 460
2833 2001
2834 293
2835 2012
2836 2347
2837 1173
2838 1448
2839 109
2840 1327
2841 2339
2842 105
2843 280
2844 1654
2845 2137
2846 1850
2847 812
2848 1508
2849 637
2850 1340
2851 1961
2852 232
2853 1974
2854 2527
2855 537
2856 424
2857 1403
2858 1708
2859 2396
2860 1170
2861 1967
2862 1187
2863 2031
2864 1235
2865 380
2866 1816
2867 1884
2868 150
2869 2452
2870 2827
2871 482
2872 1529
2873 469
2874 2727
2875 1796
2876 771
2877 1432
2878 621
2879 36
2880 265
2881 413
2882 2115
2883 1778
2884 1132
2885 1384
2886 2112
2887 2514
2888 425
2889 1871
2890 931
2891 2615
2892 567
2893 1506
2894 1308
2895 2547
2896 902
2897 2891
2898 377
2899 748
2900 1147
2901 1944
2902 561
2903 630
2904 1592
2905 61
2906 163
2907 45
2908 487
2909 2402
2910 717
2911 2527
2912 1825
2913 1300
2914 463
2915 2267
2916 947
2917 2059
2918 999
2919 1535
2920 975
2921 2196
2922 2149
2923 2858
2924 2459
2925 232
2926 2755
2927 1495
2928 1691
2929 2773
2930 296
2931 1918
2932 1278
2933 851
2934 1377
2935 1771
2936 1897
2937 1017
2938 1783
2939 2785
2940 1319
2941 2549
2942 1870
2943 2106
2944 2195
2945 2282
2946 1397
2947 2843
2948 87
2949 2233
2950 293
2951 707
2952 2156
2953 2330
2954 2853
2955 168
2956 2391
2957 679
2958 339
2959 225
2960 1171
2961 497
2962 2290
2963 816
2964 413
2965 1434
2966 2833
2967 2664
2968 2967
2969 923
2970 10
2971 223
2972 2916
2973 339
2974 2343
2975 383
2976 2066
2977 807
2978 2405
2979 1993
2980 1368
2981 79
2982 1898
2983 2557
2984 1247
2985 697
2986 508
2987 596
2988 994
2989 1725
2990 2829
2991 1611
2992 2970
2993 1977
2994 2259
2995 1251
2996 2474
2997 1546
2998 548
2999 1700
3000 132
