3000
2 1
3 2
4 1
5 3
6 4
7 2
8 3
9 3
10 1
11 6
12 2
13 9
14 13
15 12
16 14
17 8
18 6
19 16
20 17
21 14
22 2
23 4
24 7
25 11
26 7
27 17
28 1
29 3
30 14
31 19
32 2
33 15
34 14
35 14
36 7
37 6
38 1
39 11
40 11
41 17
42 19
43 4
44 19
45 3
46 10
47 4
48 10
49 19
50 16
51 16
52 9
53 15
54 4
55 11
56 1
57 6
58 18
59 6
60 13
61 11
62 6
63 3
64 14
65 16
66 19
67 6
68 15
69 6
70 13
71 6
72 18
73 18
74 19
75 7
76 20
77 12
78 8
79 17
80 4
81 10
82 12
83 4
84 15
85 16
86 7
87 19
88 14
89 15
90 18
91 1
92 17
93 15
94 17
95 6
96 11
97 16
98 8
99 12
100 18
101 14
102 17
103 2
104 16
105 17
106 5
107 1
108 5
109 13
110 6
111 8
112 19
113 10
114 20
115 16
116 16
117 14
118 11
119 9
120 15
121 1
122 13
123 15
124 10
125 10
126 3
127 13
128 18
129 1
130 13
131 14
132 3
133 20
134 14
135 12
136 5
137 18
138 17
139 13
140 11
141 16
142 6
143 20
144 15
145 14
146 12
147 5
148 3
149 10
150 15
151 12
152 3
153 10
154 13
155 4
156 15
157 12
158 16
159 11
160 17
161 1
162 2
163 4
164 10
165 11
166 19
167 11
168 2
169 12
170 3
171 8
172 13
173 3
174 10
175 7
176 1
177 17
178 8
179 11
180 16
181 14
182 20
183 6
184 2
185 13
186 6
187 11
188 4
189 9
190 8
191 13
192 15
193 2
194 6
195 11
196 19
197 15
198 6
199 16
200 9
201 9
202 3
203 18
204 15
205 20
206 4
207 5
208 20
209 9
210 19
211 13
212 8
213 19
214 10
215 12
216 9
217 10
218 14
219 13
220 17
221 1
222 18
223 14
224 5
225 19
226 19
227 7
228 15
229 20
230 9
231 3
232 1
233 20
234 16
235 18
236 2
237 17
238 8
239 11
240 8
241 9
242 6
243 20
244 14
245 10
246 1
247 16
248 2
249 9
250 15
251 17
252 3
253 8
254 7
255 15
256 1
257 12
258 7
259 7
260 17
261 6
262 1
263 7
264 19
265 17
266 4
267 16
268 9
269 8
270 4
271 1
272 14
273 16
274 9
275 20
276 2
277 14
278 12
279 18
280 3
281 6
282 3
283 8
284 9
285 2
286 11
287 7
288 2
289 8
290 7
291 19
292 14
293 5
294 18
295 8
296 1
297 9
298 17
299 17
300 4
301 7
302 18
303 6
304 1
305 16
306 4
307 19
308 17
309 6
310 9
311 10
312 20
313 9
314 12
315 5
316 8
317 11
318 18
319 15
320 17
321 13
322 7
323 13
324 9
325 2
326 4
327 7
328 14
329 18
330 4
331 1
332 4
333 5
334 12
335 19
336 1
337 4
338 19
339 16
340 2
341 8
342 10
343 18
344 16
345 19
346 11
347 9
348 6
349 8
350 16
351 3
352 1
353 2
354 2
355 11
356 18
357 7
358 15
359 8
360 10
361 13
362 9
363 3
364 20
365 14
366 16
367 11
368 2
369 20
370 17
371 13
372 13
373 19
374 12
375 17
376 3
377 2
378 3
379 8
380 1
381 19
382 20
383 14
384 6
385 7
386 13
387 17
388 9
389 1
390 14
391 18
392 2
393 14
394 19
395 4
396 12
397 5
398 11
399 15
400 5
401 8
402 4
403 15
404 11
405 11
406 3
407 9
408 17
409 7
410 6
411 9
412 5
413 5
414 12
415 4
416 8
417 16
418 5
419 8
420 15
421 13
422 2
423 14
424 9
425 14
426 12
427 11
428 13
429 16
430 4
431 3
432 1
433 12
434 10
435 5
436 6
437 20
438 2
439 7
440 11
441 15
442 18
443 8
444 12
445 19
446 10
447 11
448 12
449 14
450 8
451 3
452 11
453 9
454 19
455 15
456 19
457 11
458 6
459 1
460 1
461 2
462 1
463 18
464 19
465 17
466 20
467 8
468 1
469 18
470 19
471 2
472 4
473 4
474 16
475 14
476 8
477 7
478 19
479 8
480 17
481 3
482 18
483 7
484 9
485 11
486 5
487 10
488 9
489 15
490 14
491 9
492 19
493 19
494 12
495 12
496 13
497 1
498 17
499 11
500 17
501 5
502 12
503 2
504 8
505 20
506 8
507 7
508 13
509 7
510 10
511 14
512 8
513 16
514 9
515 20
516 6
517 13
518 16
519 19
520 18
521 16
522 20
523 16
524 4
525 12
526 18
527 10
528 17
529 1
530 15
531 7
532 8
533 17
534 10
535 13
536 8
537 1
538 10
539 6
540 1
541 14
542 5
543 11
544 7
545 5
546 4
547 1
548 9
549 9
550 19
551 13
552 10
553 16
554 3
555 2
556 6
557 3
558 3
559 20
560 7
561 18
562 16
563 15
564 9
565 18
566 13
567 5
568 11
569 9
570 9
571 20
572 2
573 11
574 2
575 3
576 12
577 7
578 18
579 11
580 6
581 6
582 12
583 1
584 14
585 9
586 13
587 14
588 12
589 13
590 7
591 5
592 5
593 14
594 1
595 13
596 16
597 5
598 9
599 2
600 9
601 19
602 19
603 17
604 19
605 12
606 10
607 11
608 19
609 20
610 16
611 5
612 5
613 8
614 1
615 6
616 5
617 13
618 8
619 5
620 10
621 18
622 5
623 14
624 13
625 3
626 18
627 10
628 10
629 4
630 13
631 5
632 11
633 18
634 14
635 8
636 5
637 12
638 1
639 7
640 14
641 18
642 14
643 12
644 19
645 6
646 15
647 5
648 7
649 11
650 13
651 6
652 9
653 15
654 7
655 15
656 7
657 7
658 7
659 20
660 14
661 20
662 10
663 6
664 8
665 8
666 3
667 13
668 7
669 7
670 15
671 2
672 19
673 11
674 15
675 8
676 19
677 2
678 13
679 13
680 5
681 15
682 4
683 6
684 16
685 18
686 11
687 3
688 17
689 8
690 12
691 3
692 20
693 18
694 17
695 4
696 12
697 12
698 10
699 13
700 5
701 5
702 16
703 5
704 2
705 17
706 17
707 8
708 14
709 7
710 1
711 11
712 6
713 13
714 17
715 16
716 3
717 17
718 14
719 6
720 13
721 9
722 8
723 18
724 9
725 8
726 12
727 15
728 19
729 10
730 18
731 4
732 20
733 2
734 19
735 3
736 5
737 3
738 14
739 16
740 11
741 5
742 13
743 2
744 18
745 17
746 11
747 1
748 11
749 14
750 8
751 1
752 7
753 1
754 4
755 14
756 20
757 16
758 15
759 13
760 10
761 10
762 5
763 17
764 10
765 18
766 1
767 17
768 10
769 13
770 3
771 5
772 14
773 9
774 3
775 11
776 5
777 11
778 8
779 9
780 11
781 7
782 20
783 12
784 1
785 14
786 12
787 11
788 9
789 17
790 20
791 7
792 8
793 16
794 13
795 5
796 13
797 5
798 10
799 10
800 20
801 19
802 4
803 11
804 19
805 9
806 12
807 14
808 16
809 19
810 18
811 7
812 19
813 14
814 20
815 10
816 5
817 15
818 4
819 11
820 1
821 18
822 9
823 20
824 6
825 8
826 19
827 15
828 9
829 7
830 2
831 19
832 20
833 8
834 9
835 9
836 15
837 2
838 11
839 10
840 18
841 9
842 10
843 8
844 12
845 5
846 10
847 12
848 14
849 12
850 4
851 9
852 7
853 1
854 15
855 2
856 10
857 6
858 11
859 20
860 1
861 1
862 9
863 20
864 9
865 10
866 10
867 16
868 9
869 16
870 11
871 16
872 20
873 5
874 19
875 19
876 1
877 3
878 7
879 5
880 13
881 17
882 19
883 19
884 19
885 5
886 10
887 9
888 14
889 11
890 12
891 8
892 17
893 13
894 2
895 16
896 7
897 4
898 10
899 7
900 18
901 8
902 19
903 19
904 20
905 4
906 3
907 8
908 18
909 20
910 15
911 14
912 17
913 14
914 19
915 14
916 2
917 10
918 6
919 14
920 18
921 13
922 12
923 14
924 17
925 13
926 14
927 8
928 18
929 19
930 10
931 15
932 16
933 4
934 9
935 12
936 12
937 8
938 8
939 13
940 7
941 12
942 10
943 6
944 2
945 3
946 10
947 1
948 10
949 16
950 19
951 1
952 1
953 2
954 13
955 18
956 14
957 19
958 2
959 19
960 11
961 17
962 6
963 4
964 5
965 14
966 11
967 10
968 20
969 6
970 20
971 12
972 1
973 11
974 19
975 15
976 20
977 12
978 13
979 17
980 10
981 19
982 20
983 17
984 19
985 8
986 8
987 14
988 11
989 9
990 15
991 2
992 1
993 11
994 10
995 1
996 5
997 12
998 5
999 6
1000 2
1001 19
1002 17
1003 5
1004 11
1005 1
1006 19
1007 10
1008 16
1009 18
1010 3
1011 9
1012 11
1013 7
1014 7
1015 7
1016 8
1017 12
1018 1
1019 7
1020 16
1021 9
1022 12
1023 4
1024 17
1025 9
1026 18
1027 14
1028 2
1029 16
1030 5
1031 4
1032 8
1033 6
1034 15
1035 13
1036 18
1037 6
1038 15
1039 5
1040 1
1041 19
1042 2
1043 14
1044 3
1045 20
1046 10
1047 14
1048 17
1049 11
1050 12
1051 12
1052 2
1053 1
1054 4
1055 6
1056 17
1057 16
1058 1
1059 17
1060 2
1061 4
1062 14
1063 3
1064 2
1065 10
1066 16
1067 16
1068 1
1069 10
1070 4
1071 16
1072 11
1073 16
1074 20
1075 3
1076 1
1077 2
1078 18
1079 15
1080 16
1081 8
1082 5
1083 10
1084 20
1085 16
1086 18
1087 8
1088 15
1089 2
1090 16
1091 3
1092 8
1093 10
1094 19
1095 7
1096 18
1097 13
1098 14
1099 17
1100 12
1101 6
1102 17
1103 6
1104 3
1105 2
1106 14
1107 1
1108 9
1109 13
1110 10
1111 9
1112 16
1113 2
1114 15
1115 16
1116 18
1117 5
1118 15
1119 1
1120 7
1121 5
1122 15
1123 7
1124 13
1125 5
1126 9
1127 9
1128 10
1129 6
1130 3
1131 5
1132 19
1133 16
1134 9
1135 8
1136 4
1137 15
1138 4
1139 12
1140 12
1141 10
1142 8
1143 9
1144 18
1145 11
1146 3
1147 8
1148 4
1149 18
1150 7
1151 17
1152 11
1153 19
1154 18
1155 19
1156 12
1157 1
1158 12
1159 5
1160 5
1161 8
1162 17
1163 15
1164 3
1165 17
1166 7
1167 9
1168 10
1169 17
1170 14
1171 15
1172 17
1173 11
1174 14
1175 15
1176 8
1177 6
1178 17
1179 18
1180 11
1181 18
1182 14
1183 9
1184 9
1185 6
1186 5
1187 11
1188 13
1189 18
1190 16
1191 19
1192 20
1193 5
1194 17
1195 4
1196 19
1197 6
1198 12
1199 18
1200 14
1201 18
1202 20
1203 3
1204 17
1205 18
1206 5
1207 18
1208 17
1209 7
1210 17
1211 4
1212 6
1213 5
1214 15
1215 13
1216 5
1217 20
1218 7
1219 4
1220 1
1221 8
1222 20
1223 17
1224 2
1225 20
1226 2
1227 11
1228 19
1229 1
1230 20
1231 19
1232 15
1233 12
1234 17
1235 15
1236 10
1237 5
1238 5
1239 6
1240 2
1241 10
1242 2
1243 15
1244 2
1245 15
1246 16
1247 13
1248 17
1249 19
1250 14
1251 6
1252 6
1253 3
1254 1
1255 14
1256 11
1257 13
1258 2
1259 5
1260 16
1261 12
1262 3
1263 11
1264 13
1265 14
1266 2
1267 20
1268 6
1269 18
1270 14
1271 5
1272 2
1273 7
1274 14
1275 9
1276 14
1277 12
1278 3
1279 7
1280 3
1281 10
1282 8
1283 8
1284 11
1285 3
1286 12
1287 20
1288 19
1289 20
1290 19
1291 2
1292 1
1293 13
1294 17
1295 15
1296 5
1297 8
1298 19
1299 5
1300 12
1301 19
1302 8
1303 4
1304 1
1305 18
1306 19
1307 10
1308 2
1309 20
1310 1
1311 10
1312 6
1313 1
1314 2
1315 2
1316 13
1317 8
1318 7
1319 3
1320 15
1321 9
1322 2
1323 17
1324 18
1325 6
1326 5
1327 18
1328 13
1329 6
1330 12
1331 7
1332 1
1333 18
1334 2
1335 10
1336 19
1337 7
1338 14
1339 18
1340 2
1341 20
1342 2
1343 4
1344 3
1345 16
1346 16
1347 2
1348 6
1349 2
1350 2
1351 9
1352 14
1353 17
1354 11
1355 18
1356 4
1357 6
1358 4
1359 9
1360 20
1361 20
1362 9
1363 14
1364 8
1365 6
1366 5
1367 5
1368 1
1369 18
1370 15
1371 4
1372 15
1373 18
1374 10
1375 5
1376 13
1377 15
1378 13
1379 5
1380 13
1381 2
1382 3
1383 19
1384 1
1385 2
1386 10
1387 14
1388 1
1389 9
1390 6
1391 3
1392 15
1393 18
1394 13
1395 9
1396 17
1397 19
1398 5
1399 13
1400 18
1401 20
1402 6
1403 20
1404 12
1405 3
1406 4
1407 6
1408 12
1409 14
1410 6
1411 14
1412 6
1413 2
1414 12
1415 16
1416 18
1417 9
1418 19
1419 5
1420 20
1421 14
1422 11
1423 9
1424 16
1425 8
1426 10
1427 17
1428 1
1429 12
1430 10
1431 11
1432 3
1433 15
1434 14
1435 3
1436 17
1437 4
1438 1
1439 11
1440 20
1441 17
1442 8
1443 7
1444 6
1445 3
1446 19
1447 5
1448 3
1449 6
1450 17
1451 7
1452 10
1453 3
1454 11
1455 18
1456 10
1457 18
1458 10
1459 1
1460 3
1461 11
1462 20
1463 7
1464 14
1465 8
1466 8
1467 1
1468 19
1469 11
1470 13
1471 19
1472 10
1473 12
1474 13
1475 20
1476 16
1477 2
1478 18
1479 1
1480 16
1481 10
1482 9
1483 6
1484 17
1485 3
1486 6
1487 7
1488 18
1489 8
1490 18
1491 14
1492 7
1493 7
1494 10
1495 4
1496 5
1497 8
1498 5
1499 9
1500 5
1501 6
1502 4
1503 7
1504 5
1505 7
1506 1
1507 2
1508 4
1509 9
1510 6
1511 10
1512 20
1513 19
1514 7
1515 17
1516 4
1517 18
1518 7
1519 16
1520 10
1521 10
1522 17
1523 15
1524 1
1525 1
1526 13
1527 11
1528 4
1529 17
1530 11
1531 12
1532 11
1533 11
1534 18
1535 7
1536 14
1537 6
1538 10
1539 5
1540 11
1541 10
1542 6
1543 8
1544 18
1545 15
1546 15
1547 6
1548 4
1549 17
1550 15
1551 20
1552 16
1553 1
1554 1
1555 17
1556 18
1557 7
1558 5
1559 19
1560 9
1561 9
1562 14
1563 13
1564 10
1565 4
1566 11
1567 5
1568 3
1569 6
1570 3
1571 20
1572 8
1573 20
1574 12
1575 12
1576 13
1577 1
1578 5
1579 13
1580 15
1581 18
1582 6
1583 20
1584 16
1585 11
1586 4
1587 19
1588 13
1589 10
1590 10
1591 17
1592 14
1593 11
1594 4
1595 17
1596 13
1597 20
1598 14
1599 4
1600 10
1601 13
1602 3
1603 4
1604 11
1605 10
1606 6
1607 10
1608 10
1609 8
1610 8
1611 16
1612 7
1613 14
1614 8
1615 3
1616 8
1617 1
1618 3
1619 18
1620 10
1621 18
1622 12
1623 20
1624 2
1625 6
1626 7
1627 3
1628 12
1629 18
1630 16
1631 6
1632 19
1633 1
1634 7
1635 8
1636 17
1637 2
1638 17
1639 13
1640 11
1641 14
1642 10
1643 20
1644 4
1645 13
1646 8
1647 2
1648 10
1649 16
1650 10
1651 14
1652 10
1653 7
1654 18
1655 5
1656 14
1657 8
1658 12
1659 4
1660 8
1661 16
1662 9
1663 4
1664 8
1665 8
1666 19
1667 5
1668 20
1669 3
1670 5
1671 18
1672 16
1673 18
1674 5
1675 12
1676 9
1677 16
1678 16
1679 4
1680 10
1681 11
1682 1
1683 10
1684 8
1685 10
1686 14
1687 12
1688 17
1689 4
1690 11
1691 20
1692 20
1693 9
1694 13
1695 13
1696 7
1697 12
1698 14
1699 15
1700 3
1701 13
1702 6
1703 12
1704 19
1705 4
1706 5
1707 17
1708 2
1709 13
1710 6
1711 6
1712 2
1713 9
1714 4
1715 15
1716 17
1717 13
1718 2
1719 8
1720 19
1721 10
1722 12
1723 2
1724 8
1725 9
1726 19
1727 10
1728 4
1729 11
1730 18
1731 1
1732 19
1733 16
1734 19
1735 4
1736 18
1737 4
1738 20
1739 6
1740 3
1741 2
1742 11
1743 4
1744 8
1745 12
1746 2
1747 4
1748 3
1749 6
1750 3
1751 2
1752 1
1753 2
1754 3
1755 14
1756 4
1757 8
1758 9
1759 6
1760 13
1761 19
1762 9
1763 19
1764 14
1765 4
1766 14
1767 9
1768 12
1769 18
1770 9
1771 17
1772 1
1773 13
1774 7
1775 5
1776 19
1777 19
1778 12
1779 18
1780 12
1781 15
1782 1
1783 5
1784 17
1785 12
1786 7
1787 10
1788 13
1789 14
1790 13
1791 6
1792 16
1793 7
1794 20
1795 10
1796 7
1797 13
1798 17
1799 20
1800 10
1801 14
1802 19
1803 14
1804 15
1805 8
1806 5
1807 14
1808 4
1809 9
1810 2
1811 12
1812 4
1813 14
1814 3
1815 2
1816 6
1817 4
1818 1
1819 7
1820 14
1821 3
1822 4
1823 9
1824 4
1825 19
1826 11
1827 18
1828 3
1829 11
1830 13
1831 5
1832 18
1833 12
1834 7
1835 6
1836 1
1837 2
1838 15
1839 10
1840 6
1841 8
1842 16
1843 7
1844 17
1845 6
1846 7
1847 8
1848 13
1849 6
1850 17
1851 20
1852 20
1853 8
1854 6
1855 8
1856 14
1857 15
1858 6
1859 6
1860 20
1861 15
1862 6
1863 11
1864 14
1865 12
1866 9
1867 9
1868 7
1869 14
1870 15
1871 1
1872 17
1873 15
1874 14
1875 15
1876 1
1877 15
1878 11
1879 8
1880 8
1881 6
1882 19
1883 7
1884 1
1885 7
1886 18
1887 11
1888 13
1889 15
1890 5
1891 11
1892 20
1893 3
1894 11
1895 15
1896 14
1897 18
1898 9
1899 14
1900 2
1901 10
1902 18
1903 17
1904 18
1905 2
1906 11
1907 15
1908 19
1909 12
1910 20
1911 17
1912 10
1913 9
1914 3
1915 4
1916 7
1917 1
1918 18
1919 9
1920 13
1921 15
1922 3
1923 4
1924 7
1925 20
1926 6
1927 16
1928 5
1929 15
1930 2
1931 14
1932 1
1933 1
1934 12
1935 8
1936 15
1937 13
1938 17
1939 16
1940 12
1941 11
1942 18
1943 8
1944 19
1945 13
1946 4
1947 12
1948 6
1949 19
1950 4
1951 7
1952 6
1953 3
1954 9
1955 6
1956 15
1957 19
1958 13
1959 15
1960 11
1961 17
1962 10
1963 4
1964 9
1965 11
1966 8
1967 14
1968 3
1969 8
1970 10
1971 17
1972 3
1973 7
1974 16
1975 13
1976 8
1977 7
1978 4
1979 19
1980 8
1981 11
1982 1
1983 12
1984 1
1985 11
1986 3
1987 1
1988 6
1989 2
1990 1
1991 7
1992 16
1993 13
1994 7
1995 13
1996 5
1997 16
1998 12
1999 16
2000 19
2001 16
2002 7
2003 7
2004 20
2005 20
2006 8
2007 3
2008 8
2009 16
2010 5
2011 16
2012 3
2013 15
2014 13
2015 5
2016 17
2017 3
2018 13
2019 8
2020 12
2021 7
2022 14
2023 9
2024 9
2025 4
2026 10
2027 13
2028 1
2029 16
2030 18
2031 10
2032 17
2033 11
2034 15
2035 9
2036 15
2037 14
2038 20
2039 19
2040 7
2041 14
2042 8
2043 12
2044 7
2045 13
2046 8
2047 13
2048 7
2049 8
2050 15
2051 3
2052 15
2053 20
2054 19
2055 9
2056 9
2057 16
2058 19
2059 11
2060 9
2061 7
2062 3
2063 3
2064 4
2065 14
2066 8
2067 20
2068 17
2069 13
2070 5
2071 8
2072 18
2073 15
2074 17
2075 18
2076 10
2077 3
2078 13
2079 17
2080 5
2081 16
2082 20
2083 20
2084 5
2085 3
2086 6
2087 10
2088 12
2089 7
2090 10
2091 7
2092 18
2093 13
2094 15
2095 12
2096 8
2097 14
2098 12
2099 3
2100 5
2101 10
2102 19
2103 3
2104 16
2105 6
2106 15
2107 19
2108 6
2109 16
2110 10
2111 16
2112 9
2113 20
2114 9
2115 4
2116 2
2117 15
2118 1
2119 12
2120 11
2121 16
2122 10
2123 10
2124 19
2125 7
2126 2
2127 12
2128 2
2129 5
2130 16
2131 3
2132 20
2133 3
2134 6
2135 15
2136 1
2137 18
2138 15
2139 14
2140 10
2141 15
2142 9
2143 15
2144 11
2145 9
2146 10
2147 18
2148 20
2149 19
2150 9
2151 17
2152 17
2153 2
2154 20
2155 4
2156 13
2157 11
2158 12
2159 16
2160 1
2161 17
2162 4
2163 4
2164 16
2165 9
2166 1
2167 17
2168 10
2169 1
2170 2
2171 8
2172 15
2173 18
2174 7
2175 14
2176 13
2177 5
2178 15
2179 12
2180 5
2181 9
2182 2
2183 10
2184 10
2185 19
2186 8
2187 16
2188 6
2189 10
2190 20
2191 11
2192 1
2193 8
2194 12
2195 5
2196 3
2197 9
2198 9
2199 1
2200 6
2201 14
2202 10
2203 1
2204 20
2205 20
2206 20
2207 12
2208 1
2209 10
2210 12
2211 10
2212 4
2213 12
2214 4
2215 10
2216 18
2217 10
2218 6
2219 19
2220 8
2221 13
2222 19
2223 14
2224 15
2225 12
2226 12
2227 19
2228 9
2229 13
2230 19
2231 14
2232 17
2233 17
2234 11
2235 20
2236 9
2237 17
2238 15
2239 10
2240 19
2241 3
2242 12
2243 9
2244 2
2245 12
2246 18
2247 15
2248 14
2249 11
2250 10
2251 9
2252 19
2253 18
2254 5
2255 1
2256 2
2257 8
2258 15
2259 13
2260 8
2261 15
2262 12
2263 17
2264 3
2265 18
2266 3
2267 14
2268 3
2269 9
2270 18
2271 19
2272 13
2273 3
2274 9
2275 13
2276 2
2277 9
2278 10
2279 17
2280 13
2281 14
2282 19
2283 8
2284 1
2285 7
2286 6
2287 11
2288 2
2289 15
2290 2
2291 8
2292 6
2293 9
2294 11
2295 13
2296 13
2297 5
2298 20
2299 10
2300 8
2301 20
2302 15
2303 20
2304 13
2305 4
2306 1
2307 5
2308 20
2309 3
2310 10
2311 5
2312 16
2313 3
2314 19
2315 7
2316 4
2317 18
2318 14
2319 12
2320 19
2321 7
2322 17
2323 11
2324 3
2325 13
2326 19
2327 15
2328 10
2329 2
2330 8
2331 5
2332 2
2333 10
2334 11
2335 17
2336 10
2337 13
2338 1
2339 17
2340 20
2341 19
2342 19
2343 11
2344 18
2345 6
2346 4
2347 8
2348 8
2349 9
2350 16
2351 6
2352 2
2353 3
2354 8
2355 19
2356 9
2357 2
2358 3
2359 14
2360 7
2361 1
2362 9
2363 2
2364 9
2365 4
2366 18
2367 1
2368 13
2369 2
2370 1
2371 3
2372 11
2373 7
2374 5
2375 18
2376 7
2377 3
2378 19
2379 20
2380 11
2381 3
2382 13
2383 18
2384 19
2385 19
2386 19
2387 8
2388 10
2389 15
2390 12
2391 19
2392 2
2393 18
2394 4
2395 10
2396 8
2397 8
2398 7
2399 16
2400 9
2401 11
2402 12
2403 8
2404 20
2405 12
2406 7
2407 6
2408 7
2409 19
2410 4
2411 14
2412 3
2413 16
2414 17
2415 15
2416 20
2417 11
2418 13
2419 13
2420 1
2421 14
2422 2
2423 1
2424 14
2425 18
2426 16
2427 20
2428 19
2429 19
2430 4
2431 19
2432 6
2433 8
2434 19
2435 19
2436 7
2437 10
2438 19
2439 1
2440 11
2441 16
2442 10
2443 7
2444 11
2445 16
2446 16
2447 3
2448 3
2449 7
2450 12
2451 11
2452 15
2453 2
2454 5
2455 5
2456 20
2457 7
2458 3
2459 5
2460 10
2461 6
2462 19
2463 2
2464 12
2465 5
2466 15
2467 18
2468 5
2469 2
2470 19
2471 1
2472 6
2473 3
2474 19
2475 14
2476 4
2477 15
2478 14
2479 6
2480 3
2481 3
2482 18
2483 9
2484 11
2485 3
2486 5
2487 11
2488 2
2489 18
2490 11
2491 17
2492 6
2493 19
2494 17
2495 16
2496 12
2497 14
2498 2
2499 9
2500 13
2501 6
2502 20
2503 2
2504 12
2505 5
2506 13
2507 4
2508 9
2509 1
2510 6
2511 13
2512 4
2513 3
2514 8
2515 16
2516 9
2517 9
2518 13
2519 14
2520 3
2521 20
2522 17
2523 7
2524 6
2525 12
2526 14
2527 14
2528 17
2529 7
2530 12
2531 1
2532 11
2533 12
2534 10
2535 5
2536 2
2537 12
2538 13
2539 12
2540 10
2541 10
2542 2
2543 20
2544 7
2545 16
2546 1
2547 7
2548 13
2549 20
2550 19
2551 19
2552 19
2553 15
2554 1
2555 4
2556 6
2557 15
2558 10
2559 11
2560 8
2561 1
2562 11
2563 18
2564 12
2565 15
2566 16
2567 9
2568 3
2569 18
2570 15
2571 11
2572 15
2573 14
2574 16
2575 14
2576 11
2577 20
2578 15
2579 19
2580 8
2581 16
2582 9
2583 9
2584 11
2585 9
2586 19
2587 7
2588 19
2589 18
2590 4
2591 12
2592 11
2593 14
2594 14
2595 19
2596 3
2597 18
2598 16
2599 15
2600 11
2601 9
2602 10
2603 17
2604 1
2605 9
2606 5
2607 11
2608 1
2609 4
2610 12
2611 15
2612 9
2613 13
2614 15
2615 13
2616 2
2617 16
2618 18
2619 5
2620 16
2621 4
2622 6
2623 1
2624 20
2625 12
2626 4
2627 13
2628 4
2629 7
2630 4
2631 15
2632 19
2633 15
2634 12
2635 1
2636 19
2637 3
2638 8
2639 9
2640 3
2641 1
2642 17
2643 8
2644 9
2645 4
2646 7
2647 6
2648 4
2649 2
2650 20
2651 14
2652 17
2653 12
2654 14
2655 9
2656 3
2657 17
2658 6
2659 7
2660 20
2661 9
2662 1
2663 8
2664 10
2665 7
2666 3
2667 4
2668 18
2669 8
2670 11
2671 10
2672 7
2673 5
2674 6
2675 14
2676 18
2677 3
2678 16
2679 5
2680 17
2681 10
2682 11
2683 1
2684 6
2685 12
2686 13
2687 8
2688 18
2689 7
2690 16
2691 18
2692 6
2693 4
2694 3
2695 3
2696 20
2697 5
2698 20
2699 17
2700 8
2701 1
2702 4
2703 6
2704 17
2705 10
2706 3
2707 20
2708 2
2709 15
2710 1
2711 18
2712 10
2713 4
2714 20
2715 10
2716 12
2717 7
2718 19
2719 8
2720 15
2721 20
2722 17
2723 13
2724 2
2725 12
2726 10
2727 7
2728 9
2729 16
2730 15
2731 9
2732 15
2733 4
2734 4
2735 14
2736 7
2737 2
2738 16
2739 11
2740 5
2741 17
2742 3
2743 16
2744 10
2745 12
2746 7
2747 14
2748 2
2749 9
2750 15
2751 18
2752 9
2753 10
2754 7
2755 9
2756 16
2757 5
2758 10
2759 5
2760 2
2761 10
2762 12
2763 11
2764 3
2765 3
2766 3
2767 9
2768 3
2769 19
2770 16
2771 14
2772 5
2773 15
2774 14
2775 16
2776 10
2777 14
2778 3
2779 1
2780 1
2781 10
2782 3
2783 9
2784 17
2785 20
2786 12
2787 18
2788 9
2789 19
2790 2
2791 5
2792 3
2793 10
2794 6
2795 8
2796 10
2797 12
2798 5
2799 9
2800 12
2801 4
2802 16
2803 10
2804 12
2805 11
2806 18
2807 9
2808 13
2809 6
2810 6
2811 18
2812 12
2813 10
2814 13
2815 14
2816 10
2817 9
2818 17
2819 3
2820 12
2821 14
2822 11
2823 2
2824 18
2825 8
2826 7
2827 20
2828 10
2829 9
2830 2
2831 15
2832 11
2833 13
2834 16
2835 2
2836 10
2837 12
2838 2
2839 16
2840 15
2841 4
2842 18
2843 10
2844 15
2845 5
2846 18
2847 12
2848 8
2849 11
2850 10
2851 9
2852 2
2853 2
2854 5
2855 8
2856 1
2857 1
2858 13
2859 10
2860 6
2861 13
2862 13
2863 13
2864 3
2865 10
2866 8
2867 3
2868 17
2869 13
2870 12
2871 20
2872 16
2873 8
2874 20
2875 16
2876 2
2877 16
2878 2
2879 1
2880 20
2881 9
2882 7
2883 3
2884 5
2885 19
2886 16
2887 8
2888 11
2889 3
2890 5
2891 2
2892 7
2893 11
2894 20
2895 7
2896 20
2897 11
2898 16
2899 5
2900 11
2901 20
2902 18
2903 10
2904 13
2905 14
2906 20
2907 17
2908 6
2909 1
2910 4
2911 1
2912 1
2913 3
2914 8
2915 2
2916 3
2917 5
2918 19
2919 14
2920 20
2921 11
2922 6
2923 6
2924 4
2925 17
2926 9
2927 17
2928 2
2929 4
2930 7
2931 7
2932 15
2933 16
2934 5
2935 13
2936 13
2937 6
2938 13
2939 9
2940 2
2941 13
2942 10
2943 2
2944 15
2945 13
2946 16
2947 9
2948 20
2949 13
2950 12
2951 13
2952 5
2953 17
2954 6
2955 19
2956 17
2957 2
2958 12
2959 13
2960 18
2961 9
2962 3
2963 18
2964 6
2965 9
2966 13
2967 3
2968 13
2969 17
2970 17
2971 11
2972 10
2973 17
2974 2
2975 9
2976 14
2977 7
2978 4
2979 17
2980 3
2981 13
2982 17
2983 10
2984 17
2985 2
2986 19
2987 16
2988 15
2989 14
2990 3
2991 6
2992 19
2993 2
2994 18
2995 17
2996 19
2997 19
2998 9
2999 1
3000 7
