3000
2 1
3 2
4 1
5 3
6 3
7 6
8 5
9 8
10 5
11 5
12 3
13 9
14 8
15 2
16 10
17 3
18 1
19 12
20 12
21 3
22 2
23 3
24 18
25 15
26 14
27 20
28 5
29 14
30 14
31 1
32 17
33 21
34 28
35 22
36 26
37 26
38 25
39 24
40 37
41 36
42 41
43 36
44 39
45 32
46 33
47 39
48 43
49 43
50 49
51 39
52 51
53 45
54 40
55 45
56 51
57 47
58 53
59 47
60 59
61 58
62 58
63 61
64 60
65 51
66 57
67 55
68 63
69 54
70 64
71 62
72 62
73 67
74 72
75 72
76 66
77 64
78 74
79 66
80 65
81 78
82 71
83 73
84 75
85 83
86 79
87 74
88 84
89 76
90 79
91 84
92 89
93 90
94 88
95 91
96 81
97 82
98 96
99 89
100 92
101 100
102 89
103 89
104 89
105 100
106 97
107 100
108 106
109 105
110 107
111 98
112 105
113 106
114 103
115 102
116 109
117 102
118 111
119 110
120 110
121 114
122 115
123 109
124 112
125 123
126 118
127 118
128 123
129 123
130 121
131 116
132 131
133 124
134 128
135 130
136 128
137 125
138 123
139 133
140 138
141 128
142 139
143 139
144 134
145 143
146 141
147 145
148 140
149 148
150 142
151 140
152 144
153 147
154 153
155 141
156 154
157 156
158 150
159 155
160 146
161 158
162 150
163 148
164 162
165 156
166 152
167 152
168 160
169 156
170 167
171 156
172 169
173 163
174 166
175 168
176 162
177 167
178 170
179 171
180 167
181 170
182 179
183 182
184 173
185 172
186 182
187 183
188 178
189 178
190 185
191 177
192 185
193 192
194 181
195 191
196 183
197 195
198 187
199 187
200 194
201 186
202 196
203 189
204 195
205 197
206 194
207 199
208 196
209 206
210 209
211 208
212 202
213 209
214 211
215 212
216 213
217 207
218 208
219 206
220 209
221 206
222 207
223 213
224 218
225 212
226 213
227 219
228 213
229 223
230 223
231 217
232 222
233 224
234 226
235 224
236 234
237 225
238 224
239 225
240 229
241 240
242 238
243 229
244 242
245 233
246 241
247 233
248 238
249 244
250 248
251 250
252 250
253 247
254 239
255 241
256 248
257 255
258 243
259 245
260 259
261 250
262 261
263 257
264 262
265 251
266 265
267 266
268 258
269 259
270 261
271 257
272 270
273 270
274 260
275 263
276 265
277 263
278 264
279 274
280 265
281 276
282 281
283 280
284 277
285 277
286 284
287 284
288 279
289 284
290 275
291 281
292 282
293 283
294 291
295 290
296 285
297 295
298 290
299 298
300 295
301 290
302 293
303 296
304 291
305 297
306 299
307 292
308 293
309 301
310 297
311 307
312 301
313 306
314 301
315 312
316 313
317 306
318 316
319 315
320 317
321 315
322 310
323 309
324 320
325 313
326 317
327 324
328 316
329 325
330 323
331 317
332 320
333 332
334 332
335 331
336 325
337 331
338 331
339 327
340 333
341 326
342 338
343 331
344 341
345 336
346 338
347 339
348 338
349 343
350 345
351 346
352 342
353 338
354 343
355 341
356 345
357 343
358 350
359 354
360 351
361 350
362 351
363 360
364 360
365 353
366 355
367 355
368 354
369 360
370 364
371 365
372 365
373 372
374 365
375 370
376 369
377 367
378 366
379 365
380 368
381 372
382 379
383 379
384 369
385 378
386 372
387 380
388 387
389 388
390 376
391 388
392 387
393 387
394 387
395 385
396 385
397 382
398 388
399 394
400 388
401 391
402 393
403 393
404 397
405 401
406 405
407 406
408 398
409 397
410 407
411 410
412 407
413 411
414 405
415 412
416 403
417 413
418 414
419 408
420 410
421 412
422 420
423 408
424 421
425 411
426 424
427 412
428 417
429 427
430 421
431 424
432 420
433 430
434 432
435 433
436 433
437 434
438 424
439 435
440 437
441 435
442 433
443 439
444 443
445 442
446 435
447 440
448 438
449 443
450 449
451 443
452 442
453 449
454 443
455 449
456 452
457 456
458 451
459 446
460 456
461 456
462 447
463 449
464 452
465 451
466 451
467 463
468 467
469 459
470 464
471 467
472 461
473 468
474 463
475 467
476 466
477 463
478 468
479 465
480 473
481 472
482 467
483 480
484 477
485 484
486 473
487 478
488 476
489 487
490 480
491 490
492 487
493 487
494 483
495 491
496 493
497 486
498 484
499 494
500 489
501 493
502 501
503 490
504 489
505 495
506 502
507 495
508 503
509 496
510 507
511 506
512 511
513 511
514 507
515 508
516 511
517 506
518 515
519 508
520 512
521 519
522 519
523 518
524 513
525 512
526 512
527 515
528 518
529 517
530 529
531 529
532 525
533 520
534 523
535 531
536 528
537 528
538 532
539 529
540 538
541 536
542 527
543 542
544 537
545 535
546 535
547 538
548 537
549 547
550 535
551 541
552 548
553 549
554 541
555 542
556 550
557 553
558 543
559 549
560 553
561 559
562 550
563 550
564 552
565 552
566 558
567 565
568 559
569 562
570 557
571 570
572 568
573 563
574 572
575 568
576 562
577 566
578 573
579 577
580 573
581 568
582 574
583 577
584 580
585 573
586 575
587 580
588 587
589 584
590 585
591 587
592 581
593 581
594 587
595 586
596 590
597 584
598 597
599 584
600 591
601 589
602 590
603 602
604 602
605 597
606 592
607 603
608 603
609 600
610 598
611 608
612 603
613 608
614 601
615 609
616 609
617 614
618 607
619 604
620 613
621 606
622 607
623 622
624 613
625 610
626 618
627 626
628 624
629 624
630 629
631 625
632 623
633 629
634 627
635 632
636 625
637 636
638 623
639 638
640 629
641 631
642 637
643 638
644 629
645 635
646 641
647 644
648 645
649 635
650 639
651 649
652 647
653 650
654 647
655 646
656 650
657 648
658 643
659 657
660 645
661 647
662 658
663 653
664 649
665 658
666 665
667 666
668 660
669 667
670 656
671 662
672 664
673 664
674 666
675 663
676 664
677 662
678 669
679 675
680 675
681 675
682 671
683 670
684 679
685 683
686 671
687 673
688 675
689 680
690 688
691 688
692 685
693 681
694 692
695 691
696 684
697 696
698 688
699 695
700 694
701 699
702 688
703 698
704 701
705 690
706 701
707 699
708 695
709 699
710 706
711 700
712 711
713 709
714 704
715 710
716 707
717 715
718 714
719 711
720 711
721 719
722 716
723 721
724 715
725 719
726 711
727 725
728 725
729 716
730 729
731 726
732 730
733 729
734 722
735 732
736 722
737 734
738 725
739 725
740 730
741 739
742 732
743 742
744 734
745 742
746 733
747 738
748 739
749 741
750 741
751 749
752 743
753 752
754 741
755 740
756 744
757 752
758 744
759 750
760 749
761 757
762 755
763 750
764 749
765 754
766 754
767 765
768 757
769 766
770 765
771 756
772 765
773 766
774 766
775 761
776 766
777 774
778 772
779 773
780 773
781 773
782 776
783 775
784 782
785 776
786 784
787 778
788 783
789 786
790 783
791 781
792 779
793 779
794 790
795 786
796 783
797 790
798 784
799 798
800 799
801 798
802 787
803 794
804 796
805 791
806 794
807 802
808 796
809 799
810 808
811 802
812 803
813 810
814 805
815 806
816 813
817 808
818 814
819 806
820 813
821 810
822 808
823 817
824 815
825 818
826 820
827 819
828 823
829 814
830 819
831 816
832 824
833 821
834 831
835 825
836 834
837 830
838 825
839 832
840 831
841 835
842 830
843 833
844 838
845 844
846 841
847 837
848 833
849 841
850 847
851 845
852 837
853 852
854 847
855 845
856 849
857 851
858 843
859 852
860 858
861 854
862 851
863 857
864 858
865 864
866 852
867 855
868 867
869 860
870 859
871 859
872 870
873 865
874 866
875 874
876 871
877 869
878 876
879 877
880 874
881 867
882 873
883 875
884 883
885 882
886 879
887 879
888 886
889 880
890 889
891 876
892 889
893 889
894 892
895 882
896 895
897 884
898 883
899 894
900 887
901 888
902 899
903 893
904 892
905 893
906 895
907 898
908 907
909 905
910 899
911 898
912 904
913 912
914 905
915 901
916 905
917 905
918 914
919 913
920 911
921 917
922 916
923 919
924 913
925 920
926 917
927 923
928 922
929 921
930 927
931 924
932 930
933 930
934 922
935 928
936 927
937 930
938 923
939 934
940 938
941 933
942 928
943 939
944 942
945 941
946 932
947 941
948 939
949 943
950 945
951 944
952 937
953 944
954 953
955 954
956 945
957 946
958 950
959 955
960 951
961 957
962 952
963 955
964 956
965 957
966 959
967 958
968 956
969 962
970 969
971 969
972 957
973 969
974 972
975 963
976 966
977 967
978 972
979 977
980 968
981 967
982 976
983 973
984 973
985 981
986 976
987 985
988 986
989 985
990 984
991 979
992 979
993 991
994 993
995 993
996 981
997 991
998 992
999 998
1000 987
1001 999
1002 999
1003 1002
1004 996
1005 990
1006 1004
1007 1002
1008 1002
1009 997
1010 995
1011 1001
1012 1001
1013 1012
1014 1000
1015 1013
1016 1004
1017 1002
1018 1005
1019 1017
1020 1015
1021 1010
1022 1015
1023 1022
1024 1009
1025 1023
1026 1017
1027 1014
1028 1013
1029 1027
1030 1029
1031 1020
1032 1017
1033 1019
1034 1032
1035 1026
1036 1024
1037 1030
1038 1037
1039 1025
1040 1037
1041 1033
1042 1033
1043 1036
1044 1030
1045 1043
1046 1034
1047 1034
1048 1041
1049 1044
1050 1037
1051 1038
1052 1042
1053 1042
1054 1039
1055 1048
1056 1048
1057 1055
1058 1051
1059 1047
1060 1045
1061 1047
1062 1061
1063 1061
1064 1049
1065 1056
1066 1060
1067 1064
1068 1061
1069 1062
1070 1069
1071 1058
1072 1069
1073 1070
1074 1069
1075 1072
1076 1066
1077 1076
1078 1075
1079 1071
1080 1068
1081 1069
1082 1080
1083 1075
1084 1077
1085 1072
1086 1085
1087 1082
1088 1080
1089 1082
1090 1084
1091 1084
1092 1080
1093 1078
1094 1079
1095 1084
1096 1089
1097 1084
1098 1092
1099 1086
1100 1094
1101 1093
1102 1099
1103 1098
1104 1101
1105 1097
1106 1094
1107 1093
1108 1103
1109 1103
1110 1109
1111 1108
1112 1099
1113 1110
1114 1109
1115 1107
1116 1107
1117 1102
1118 1106
1119 1110
1120 1111
1121 1112
1122 1114
1123 1108
1124 1120
1125 1119
1126 1113
1127 1120
1128 1126
1129 1119
1130 1126
1131 1120
1132 1120
1133 1121
1134 1131
1135 1133
1136 1134
1137 1134
1138 1134
1139 1128
1140 1129
1141 1128
1142 1138
1143 1128
1144 1143
1145 1131
1146 1136
1147 1139
1148 1136
1149 1148
1150 1142
1151 1144
1152 1151
1153 1149
1154 1140
1155 1148
1156 1153
1157 1143
1158 1157
1159 1154
1160 1159
1161 1151
1162 1154
1163 1150
1164 1155
1165 1158
1166 1151
1167 1160
1168 1156
1169 1154
1170 1164
1171 1160
1172 1169
1173 1168
1174 1159
1175 1174
1176 1161
1177 1164
1178 1168
1179 1165
1180 1179
1181 1179
1182 1179
1183 1168
1184 1182
1185 1181
1186 1180
1187 1186
1188 1184
1189 1175
1190 1184
1191 1184
1192 1185
1193 1179
1194 1192
1195 1184
1196 1187
1197 1196
1198 1191
1199 1197
1200 1198
1201 1186
1202 1191
1203 1200
1204 1192
1205 1192
1206 1195
1207 1205
1208 1195
1209 1203
1210 1204
1211 1202
1212 1202
1213 1207
1214 1211
1215 1200
1216 1202
1217 1202
1218 1217
1219 1206
1220 1217
1221 1211
1222 1211
1223 1219
1224 1209
1225 1219
1226 1216
1227 1219
1228 1225
1229 1222
1230 1222
1231 1217
1232 1230
1233 1227
1234 1219
1235 1234
1236 1232
1237 1229
1238 1227
1239 1228
1240 1228
1241 1239
1242 1234
1243 1239
1244 1234
1245 1233
1246 1245
1247 1239
1248 1233
1249 1248
1250 1242
1251 1242
1252 1243
1253 1250
1254 1246
1255 1248
1256 1249
1257 1248
1258 1255
1259 1255
1260 1257
1261 1253
1262 1249
1263 1259
1264 1260
1265 1254
1266 1258
1267 1256
1268 1264
1269 1259
1270 1259
1271 1269
1272 1267
1273 1263
1274 1273
1275 1269
1276 1266
1277 1273
1278 1273
1279 1266
1280 1272
1281 1270
1282 1267
1283 1268
1284 1275
1285 1278
1286 1279
1287 1280
1288 1287
1289 1279
1290 1276
1291 1281
1292 1285
1293 1279
1294 1286
1295 1291
1296 1282
1297 1286
1298 1296
1299 1297
1300 1296
1301 1299
1302 1292
1303 1294
1304 1290
1305 1299
1306 1304
1307 1295
1308 1293
1309 1302
1310 1306
1311 1309
1312 1308
1313 1307
1314 1304
1315 1306
1316 1313
1317 1303
1318 1317
1319 1312
1320 1315
1321 1317
1322 1311
1323 1311
1324 1309
1325 1321
1326 1314
1327 1320
1328 1313
1329 1325
1330 1320
1331 1320
1332 1327
1333 1332
1334 1321
1335 1324
1336 1326
1337 1333
1338 1324
1339 1333
1340 1328
1341 1330
1342 1333
1343 1333
1344 1329
1345 1338
1346 1331
1347 1343
1348 1333
1349 1345
1350 1349
1351 1337
1352 1347
1353 1352
1354 1340
1355 1343
1356 1352
1357 1356
1358 1352
1359 1351
1360 1356
1361 1351
1362 1357
1363 1362
1364 1357
1365 1355
1366 1361
1367 1362
1368 1362
1369 1355
1370 1366
1371 1370
1372 1360
1373 1359
1374 1371
1375 1367
1376 1371
1377 1374
1378 1366
1379 1378
1380 1369
1381 1371
1382 1379
1383 1381
1384 1374
1385 1373
1386 1372
1387 1381
1388 1386
1389 1388
1390 1379
1391 1383
1392 1386
1393 1384
1394 1387
1395 1389
1396 1395
1397 1394
1398 1388
1399 1396
1400 1393
1401 1399
1402 1396
1403 1399
1404 1397
1405 1402
1406 1392
1407 1405
1408 1403
1409 1405
1410 1400
1411 1405
1412 1403
1413 1404
1414 1406
1415 1413
1416 1405
1417 1403
1418 1413
1419 1416
1420 1415
1421 1410
1422 1409
1423 1413
1424 1420
1425 1421
1426 1411
1427 1426
1428 1421
1429 1418
1430 1421
1431 1417
1432 1429
1433 1422
1434 1421
1435 1421
1436 1428
1437 1433
1438 1434
1439 1437
1440 1430
1441 1430
1442 1441
1443 1437
1444 1434
1445 1435
1446 1434
1447 1438
1448 1433
1449 1440
1450 1441
1451 1444
1452 1440
1453 1445
1454 1445
1455 1440
1456 1450
1457 1448
1458 1444
1459 1455
1460 1445
1461 1455
1462 1450
1463 1448
1464 1463
1465 1454
1466 1464
1467 1459
1468 1464
1469 1456
1470 1465
1471 1464
1472 1460
1473 1458
1474 1470
1475 1469
1476 1462
1477 1470
1478 1467
1479 1469
1480 1475
1481 1473
1482 1480
1483 1470
1484 1482
1485 1482
1486 1475
1487 1475
1488 1487
1489 1474
1490 1478
1491 1480
1492 1491
1493 1479
1494 1492
1495 1494
1496 1488
1497 1490
1498 1493
1499 1491
1500 1493
1501 1492
1502 1498
1503 1499
1504 1501
1505 1498
1506 1492
1507 1496
1508 1507
1509 1496
1510 1506
1511 1502
1512 1504
1513 1512
1514 1500
1515 1505
1516 1513
1517 1510
1518 1504
1519 1509
1520 1517
1521 1509
1522 1509
1523 1510
1524 1512
1525 1521
1526 1520
1527 1526
1528 1514
1529 1528
1530 1521
1531 1525
1532 1529
1533 1518
1534 1529
1535 1520
1536 1524
1537 1532
1538 1523
1539 1530
1540 1528
1541 1534
1542 1532
1543 1536
1544 1529
1545 1534
1546 1538
1547 1539
1548 1543
1549 1536
1550 1537
1551 1545
1552 1538
1553 1544
1554 1551
1555 1549
1556 1549
1557 1543
1558 1556
1559 1556
1560 1548
1561 1551
1562 1551
1563 1553
1564 1563
1565 1558
1566 1562
1567 1562
1568 1561
1569 1565
1570 1559
1571 1566
1572 1567
1573 1569
1574 1572
1575 1567
1576 1571
1577 1567
1578 1567
1579 1574
1580 1566
1581 1575
1582 1575
1583 1574
1584 1582
1585 1576
1586 1575
1587 1584
1588 1578
1589 1580
1590 1576
1591 1585
1592 1586
1593 1583
1594 1587
1595 1583
1596 1592
1597 1593
1598 1590
1599 1587
1600 1585
1601 1598
1602 1600
1603 1590
1604 1600
1605 1590
1606 1604
1607 1599
1608 1603
1609 1606
1610 1609
1611 1606
1612 1599
1613 1607
1614 1604
1615 1606
1616 1604
1617 1616
1618 1606
1619 1617
1620 1613
1621 1618
1622 1609
1623 1616
1624 1616
1625 1617
1626 1614
1627 1614
1628 1625
1629 1620
1630 1623
1631 1629
1632 1620
1633 1625
1634 1623
1635 1629
1636 1626
1637 1627
1638 1624
1639 1635
1640 1631
1641 1630
1642 1640
1643 1639
1644 1640
1645 1634
1646 1640
1647 1639
1648 1636
1649 1634
1650 1637
1651 1644
1652 1646
1653 1652
1654 1651
1655 1650
1656 1641
1657 1643
1658 1655
1659 1652
1660 1655
1661 1652
1662 1651
1663 1659
1664 1658
1665 1655
1666 1662
1667 1652
1668 1660
1669 1657
1670 1661
1671 1658
1672 1668
1673 1660
1674 1666
1675 1668
1676 1662
1677 1665
1678 1674
1679 1667
1680 1672
1681 1666
1682 1675
1683 1674
1684 1675
1685 1679
1686 1677
1687 1682
1688 1674
1689 1681
1690 1687
1691 1682
1692 1682
1693 1684
1694 1681
1695 1687
1696 1685
1697 1688
1698 1686
1699 1687
1700 1686
1701 1686
1702 1698
1703 1692
1704 1700
1705 1692
1706 1699
1707 1696
1708 1694
1709 1704
1710 1695
1711 1703
1712 1710
1713 1700
1714 1702
1715 1707
1716 1710
1717 1710
1718 1709
1719 1704
1720 1705
1721 1715
1722 1716
1723 1711
1724 1715
1725 1717
1726 1724
1727 1720
1728 1717
1729 1720
1730 1726
1731 1717
1732 1721
1733 1723
1734 1719
1735 1727
1736 1732
1737 1730
1738 1725
1739 1725
1740 1726
1741 1738
1742 1739
1743 1733
1744 1743
1745 1739
1746 1733
1747 1732
1748 1737
1749 1741
1750 1742
1751 1750
1752 1746
1753 1746
1754 1752
1755 1744
1756 1749
1757 1756
1758 1747
1759 1755
1760 1758
1761 1760
1762 1757
1763 1753
1764 1751
1765 1754
1766 1758
1767 1764
1768 1759
1769 1757
1770 1763
1771 1758
1772 1757
1773 1763
1774 1762
1775 1769
1776 1764
1777 1766
1778 1775
1779 1778
1780 1779
1781 1776
1782 1776
1783 1782
1784 1783
1785 1770
1786 1771
1787 1786
1788 1774
1789 1775
1790 1788
1791 1788
1792 1779
1793 1790
1794 1784
1795 1781
1796 1794
1797 1785
1798 1786
1799 1785
1800 1788
1801 1796
1802 1790
1803 1788
1804 1795
1805 1790
1806 1804
1807 1805
1808 1798
1809 1801
1810 1796
1811 1803
1812 1811
1813 1808
1814 1808
1815 1800
1816 1814
1817 1813
1818 1808
1819 1807
1820 1814
1821 1820
1822 1813
1823 1816
1824 1823
1825 1818
1826 1817
1827 1815
1828 1816
1829 1827
1830 1815
1831 1828
1832 1822
1833 1825
1834 1828
1835 1832
1836 1825
1837 1832
1838 1836
1839 1838
1840 1831
1841 1826
1842 1832
1843 1835
1844 1843
1845 1837
1846 1845
1847 1843
1848 1842
1849 1837
1850 1838
1851 1848
1852 1845
1853 1846
1854 1842
1855 1853
1856 1854
1857 1851
1858 1853
1859 1858
1860 1850
1861 1852
1862 1851
1863 1852
1864 1856
1865 1855
1866 1860
1867 1863
1868 1862
1869 1855
1870 1863
1871 1866
1872 1866
1873 1863
1874 1862
1875 1869
1876 1871
1877 1873
1878 1873
1879 1866
1880 1866
1881 1871
1882 1880
1883 1871
1884 1880
1885 1873
1886 1875
1887 1885
1888 1874
1889 1874
1890 1875
1891 1878
1892 1878
1893 1882
1894 1886
1895 1880
1896 1887
1897 1891
1898 1892
1899 1889
1900 1888
1901 1894
1902 1900
1903 1888
1904 1892
1905 1896
1906 1899
1907 1906
1908 1893
1909 1906
1910 1897
1911 1898
1912 1911
1913 1903
1914 1912
1915 1902
1916 1901
1917 1909
1918 1909
1919 1917
1920 1915
1921 1910
1922 1917
1923 1916
1924 1921
1925 1922
1926 1920
1927 1923
1928 1918
1929 1924
1930 1926
1931 1917
1932 1926
1933 1918
1934 1928
1935 1932
1936 1928
1937 1935
1938 1925
1939 1929
1940 1930
1941 1933
1942 1932
1943 1934
1944 1942
1945 1942
1946 1945
1947 1945
1948 1946
1949 1943
1950 1949
1951 1937
1952 1941
1953 1940
1954 1943
1955 1953
1956 1953
1957 1944
1958 1947
1959 1958
1960 1947
1961 1946
1962 1957
1963 1958
1964 1950
1965 1961
1966 1965
1967 1965
1968 1956
1969 1961
1970 1960
1971 1968
1972 1965
1973 1963
1974 1963
1975 1970
1976 1970
1977 1966
1978 1975
1979 1969
1980 1977
1981 1972
1982 1974
1983 1973
1984 1979
1985 1983
1986 1985
1987 1976
1988 1984
1989 1988
1990 1988
1991 1988
1992 1978
1993 1991
1994 1986
1995 1987
1996 1986
1997 1993
1998 1984
1999 1994
2000 1999
2001 1994
2002 1991
2003 1994
2004 1991
2005 2003
2006 1998
2007 2000
2008 2007
2009 2002
2010 1997
2011 2008
2012 2009
2013 2006
2014 2008
2015 2001
2016 2004
2017 2016
2018 2006
2019 2007
2020 2011
2021 2006
2022 2014
2023 2021
2024 2020
2025 2017
2026 2013
2027 2014
2028 2024
2029 2014
2030 2022
2031 2028
2032 2031
2033 2028
2034 2019
2035 2020
2036 2021
2037 2029
2038 2032
2039 2037
2040 2027
2041 2036
2042 2036
2043 2034
2044 2029
2045 2034
2046 2036
2047 2036
2048 2035
2049 2046
2050 2049
2051 2044
2052 2042
2053 2041
2054 2048
2055 2050
2056 2054
2057 2044
2058 2044
2059 2054
2060 2055
2061 2058
2062 2058
2063 2059
2064 2053
2065 2063
2066 2053
2067 2061
2068 2066
2069 2066
2070 2057
2071 2066
2072 2057
2073 2072
2074 2067
2075 2067
2076 2069
2077 2069
2078 2073
2079 2076
2080 2068
2081 2067
2082 2069
2083 2079
2084 2073
2085 2071
2086 2084
2087 2075
2088 2083
2089 2079
2090 2086
2091 2076
2092 2085
2093 2090
2094 2082
2095 2090
2096 2094
2097 2094
2098 2091
2099 2085
2100 2096
2101 2100
2102 2090
2103 2100
2104 2099
2105 2097
2106 2091
2107 2103
2108 2101
2109 2094
2110 2095
2111 2097
2112 2098
2113 2099
2114 2104
2115 2111
2116 2111
2117 2104
2118 2103
2119 2113
2120 2114
2121 2110
2122 2109
2123 2117
2124 2119
2125 2110
2126 2114
2127 2126
2128 2127
2129 2117
2130 2124
2131 2121
2132 2129
2133 2122
2134 2132
2135 2122
2136 2126
2137 2133
2138 2126
2139 2137
2140 2129
2141 2128
2142 2127
2143 2137
2144 2130
2145 2139
2146 2131
2147 2138
2148 2138
2149 2139
2150 2135
2151 2148
2152 2149
2153 2145
2154 2149
2155 2140
2156 2152
2157 2154
2158 2150
2159 2155
2160 2158
2161 2148
2162 2148
2163 2160
2164 2160
2165 2150
2166 2162
2167 2153
2168 2163
2169 2158
2170 2157
2171 2157
2172 2165
2173 2170
2174 2159
2175 2168
2176 2165
2177 2172
2178 2164
2179 2167
2180 2178
2181 2177
2182 2175
2183 2172
2184 2182
2185 2182
2186 2184
2187 2181
2188 2183
2189 2187
2190 2185
2191 2181
2192 2178
2193 2185
2194 2183
2195 2193
2196 2193
2197 2189
2198 2187
2199 2191
2200 2186
2201 2195
2202 2191
2203 2197
2204 2190
2205 2190
2206 2192
2207 2205
2208 2195
2209 2205
2210 2205
2211 2209
2212 2199
2213 2212
2214 2211
2215 2201
2216 2203
2217 2213
2218 2207
2219 2208
2220 2214
2221 2220
2222 2207
2223 2215
2224 2218
2225 2224
2226 2221
2227 2224
2228 2217
2229 2222
2230 2220
2231 2217
2232 2229
2233 2232
2234 2224
2235 2222
2236 2233
2237 2229
2238 2227
2239 2238
2240 2231
2241 2228
2242 2231
2243 2234
2244 2243
2245 2236
2246 2244
2247 2233
2248 2235
2249 2244
2250 2239
2251 2243
2252 2247
2253 2243
2254 2245
2255 2245
2256 2253
2257 2252
2258 2251
2259 2253
2260 2245
2261 2246
2262 2257
2263 2254
2264 2255
2265 2260
2266 2255
2267 2256
2268 2255
2269 2267
2270 2264
2271 2264
2272 2259
2273 2258
2274 2262
2275 2268
2276 2263
2277 2276
2278 2275
2279 2275
2280 2279
2281 2278
2282 2280
2283 2278
2284 2269
2285 2283
2286 2275
2287 2272
2288 2286
2289 2275
2290 2276
2291 2282
2292 2290
2293 2282
2294 2282
2295 2281
2296 2290
2297 2292
2298 2292
2299 2285
2300 2286
2301 2289
2302 2300
2303 2295
2304 2291
2305 2302
2306 2303
2307 2293
2308 2294
2309 2296
2310 2302
2311 2305
2312 2297
2313 2311
2314 2308
2315 2302
2316 2301
2317 2307
2318 2303
2319 2317
2320 2317
2321 2308
2322 2321
2323 2319
2324 2321
2325 2313
2326 2324
2327 2320
2328 2315
2329 2322
2330 2318
2331 2321
2332 2325
2333 2322
2334 2327
2335 2321
2336 2328
2337 2324
2338 2328
2339 2338
2340 2337
2341 2334
2342 2339
2343 2334
2344 2338
2345 2333
2346 2338
2347 2337
2348 2345
2349 2343
2350 2348
2351 2343
2352 2349
2353 2350
2354 2342
2355 2343
2356 2346
2357 2347
2358 2355
2359 2351
2360 2348
2361 2359
2362 2353
2363 2348
2364 2351
2365 2355
2366 2362
2367 2360
2368 2354
2369 2368
2370 2368
2371 2360
2372 2368
2373 2365
2374 2360
2375 2370
2376 2367
2377 2366
2378 2377
2379 2364
2380 2369
2381 2376
2382 2376
2383 2375
2384 2369
2385 2375
2386 2376
2387 2375
2388 2379
2389 2375
2390 2384
2391 2387
2392 2388
2393 2392
2394 2383
2395 2392
2396 2395
2397 2396
2398 2393
2399 2395
2400 2396
2401 2394
2402 2396
2403 2388
2404 2396
2405 2393
2406 2398
2407 2403
2408 2401
2409 2402
2410 2404
2411 2404
2412 2408
2413 2402
2414 2404
2415 2406
2416 2405
2417 2409
2418 2408
2419 2404
2420 2407
2421 2419
2422 2416
2423 2415
2424 2418
2425 2412
2426 2413
2427 2415
2428 2423
2429 2428
2430 2422
2431 2420
2432 2423
2433 2429
2434 2432
2435 2424
2436 2423
2437 2433
2438 2433
2439 2425
2440 2439
2441 2439
2442 2440
2443 2439
2444 2439
2445 2431
2446 2439
2447 2432
2448 2437
2449 2436
2450 2448
2451 2440
2452 2447
2453 2450
2454 2448
2455 2448
2456 2451
2457 2455
2458 2456
2459 2456
2460 2451
2461 2458
2462 2447
2463 2456
2464 2463
2465 2450
2466 2463
2467 2458
2468 2459
2469 2463
2470 2464
2471 2467
2472 2460
2473 2472
2474 2463
2475 2474
2476 2470
2477 2468
2478 2466
2479 2470
2480 2478
2481 2478
2482 2480
2483 2472
2484 2471
2485 2482
2486 2477
2487 2472
2488 2481
2489 2479
2490 2478
2491 2486
2492 2491
2493 2486
2494 2484
2495 2481
2496 2494
2497 2495
2498 2484
2499 2485
2500 2497
2501 2494
2502 2500
2503 2495
2504 2503
2505 2500
2506 2492
2507 2498
2508 2499
2509 2504
2510 2499
2511 2504
2512 2511
2513 2499
2514 2512
2515 2512
2516 2513
2517 2510
2518 2506
2519 2514
2520 2505
2521 2509
2522 2518
2523 2512
2524 2511
2525 2520
2526 2515
2527 2524
2528 2524
2529 2522
2530 2523
2531 2523
2532 2528
2533 2530
2534 2531
2535 2523
2536 2526
2537 2536
2538 2531
2539 2537
2540 2537
2541 2527
2542 2535
2543 2536
2544 2543
2545 2533
2546 2532
2547 2539
2548 2545
2549 2536
2550 2537
2551 2539
2552 2549
2553 2541
2554 2548
2555 2543
2556 2552
2557 2544
2558 2551
2559 2554
2560 2547
2561 2556
2562 2558
2563 2561
2564 2563
2565 2554
2566 2554
2567 2560
2568 2555
2569 2555
2570 2566
2571 2565
2572 2560
2573 2560
2574 2569
2575 2560
2576 2574
2577 2576
2578 2569
2579 2565
2580 2567
2581 2574
2582 2576
2583 2572
2584 2569
2585 2575
2586 2576
2587 2579
2588 2582
2589 2575
2590 2588
2591 2584
2592 2577
2593 2590
2594 2586
2595 2587
2596 2584
2597 2589
2598 2588
2599 2593
2600 2586
2601 2595
2602 2600
2603 2602
2604 2589
2605 2602
2606 2597
2607 2605
2608 2596
2609 2606
2610 2609
2611 2598
2612 2597
2613 2599
2614 2602
2615 2608
2616 2605
2617 2603
2618 2615
2619 2618
2620 2617
2621 2615
2622 2614
2623 2621
2624 2620
2625 2615
2626 2613
2627 2624
2628 2627
2629 2614
2630 2621
2631 2620
2632 2623
2633 2632
2634 2631
2635 2628
2636 2624
2637 2633
2638 2635
2639 2629
2640 2631
2641 2631
2642 2632
2643 2634
2644 2635
2645 2643
2646 2642
2647 2634
2648 2644
2649 2642
2650 2640
2651 2638
2652 2640
2653 2649
2654 2649
2655 2647
2656 2655
2657 2655
2658 2647
2659 2653
2660 2654
2661 2646
2662 2661
2663 2650
2664 2649
2665 2659
2666 2654
2667 2653
2668 2663
2669 2657
2670 2668
2671 2658
2672 2661
2673 2667
2674 2661
2675 2668
2676 2672
2677 2669
2678 2671
2679 2667
2680 2677
2681 2675
2682 2678
2683 2669
2684 2673
2685 2680
2686 2673
2687 2677
2688 2673
2689 2684
2690 2677
2691 2683
2692 2679
2693 2679
2694 2685
2695 2682
2696 2693
2697 2682
2698 2685
2699 2695
2700 2695
2701 2695
2702 2701
2703 2688
2704 2702
2705 2697
2706 2696
2707 2702
2708 2707
2709 2697
2710 2698
2711 2701
2712 2706
2713 2705
2714 2710
2715 2709
2716 2712
2717 2704
2718 2705
2719 2715
2720 2705
2721 2720
2722 2709
2723 2710
2724 2717
2725 2715
2726 2715
2727 2724
2728 2717
2729 2719
2730 2717
2731 2720
2732 2717
2733 2723
2734 2726
2735 2724
2736 2721
2737 2733
2738 2733
2739 2736
2740 2735
2741 2740
2742 2727
2743 2736
2744 2738
2745 2732
2746 2743
2747 2734
2748 2742
2749 2736
2750 2742
2751 2737
2752 2745
2753 2742
2754 2744
2755 2740
2756 2753
2757 2750
2758 2756
2759 2745
2760 2757
2761 2752
2762 2750
2763 2752
2764 2758
2765 2750
2766 2760
2767 2759
2768 2758
2769 2760
2770 2758
2771 2759
2772 2763
2773 2768
2774 2773
2775 2769
2776 2763
2777 2773
2778 2772
2779 2774
2780 2774
2781 2767
2782 2774
2783 2768
2784 2774
2785 2778
2786 2773
2787 2777
2788 2777
2789 2785
2790 2789
2791 2790
2792 2778
2793 2787
2794 2781
2795 2793
2796 2795
2797 2786
2798 2793
2799 2784
2800 2788
2801 2796
2802 2799
2803 2792
2804 2796
2805 2797
2806 2805
2807 2805
2808 2796
2809 2800
2810 2809
2811 2804
2812 2802
2813 2808
2814 2801
2815 2801
2816 2809
2817 2809
2818 2807
2819 2814
2820 2811
2821 2818
2822 2819
2823 2818
2824 2817
2825 2815
2826 2815
2827 2816
2828 2826
2829 2814
2830 2826
2831 2821
2832 2822
2833 2819
2834 2826
2835 2831
2836 2826
2837 2830
2838 2830
2839 2825
2840 2835
2841 2840
2842 2841
2843 2836
2844 2833
2845 2838
2846 2841
2847 2845
2848 2846
2849 2847
2850 2835
2851 2850
2852 2837
2853 2846
2854 2853
2855 2846
2856 2848
2857 2854
2858 2847
2859 2853
2860 2846
2861 2853
2862 2858
2863 2859
2864 2862
2865 2857
2866 2851
2867 2859
2868 2858
2869 2864
2870 2861
2871 2864
2872 2868
2873 2869
2874 2869
2875 2863
2876 2867
2877 2864
2878 2870
2879 2876
2880 2875
2881 2866
2882 2868
2883 2874
2884 2881
2885 2876
2886 2877
2887 2878
2888 2879
2889 2876
2890 2888
2891 2882
2892 2878
2893 2892
2894 2890
2895 2892
2896 2881
2897 2887
2898 2884
2899 2894
2900 2888
2901 2891
2902 2892
2903 2888
2904 2900
2905 2895
2906 2891
2907 2902
2908 2906
2909 2898
2910 2902
2911 2904
2912 2908
2913 2904
2914 2912
2915 2906
2916 2909
2917 2911
2918 2913
2919 2913
2920 2908
2921 2916
2922 2914
2923 2919
2924 2916
2925 2921
2926 2911
2927 2915
2928 2927
2929 2917
2930 2915
2931 2920
2932 2922
2933 2925
2934 2920
2935 2924
2936 2923
2937 2927
2938 2937
2939 2930
2940 2939
2941 2935
2942 2928
2943 2935
2944 2936
2945 2932
2946 2940
2947 2932
2948 2935
2949 2946
2950 2945
2951 2947
2952 2944
2953 2951
2954 2949
2955 2951
2956 2955
2957 2954
2958 2949
2959 2952
2960 2945
2961 2948
2962 2949
2963 2960
2964 2957
2965 2962
2966 2953
2967 2960
2968 2964
2969 2960
2970 2957
2971 2967
2972 2958
2973 2962
2974 2965
2975 2970
2976 2974
2977 2968
2978 2970
2979 2966
2980 2971
2981 2978
2982 2976
2983 2981
2984 2981
2985 2973
2986 2982
2987 2978
2988 2984
2989 2987
2990 2985
2991 2990
2992 2984
2993 2992
2994 2982
2995 2990
2996 2992
2997 2982
2998 2991
2999 2992
3000 2994
