10 19
-31 -17 0 -18 41 27 -3 -9 -29 18 -9 -5 -8 17 39 31 32 12 32
41 35 2 38 16 14 21 34 22 13 -21 32 -16 40 8 16 -23 -22 23
29 -6 27 30 35 -23 -7 -27 -3 -35 3 -5 -4 19 40 -36 20 11 -21
9 3 -20 49 26 33 32 28 27 42 40 -10 -3 44 -32 -35 2 27 -31
8 -38 13 12 -20 8 21 2 5 47 26 -18 38 46 35 -6 -26 39 -14
-29 -9 32 4 18 45 0 4 10 -20 35 46 7 1 -37 -13 -20 -29 -16
46 -7 4 -14 4 -28 28 9 43 -14 -9 -32 -24 41 16 1 -35 19 -12
-24 3 47 20 -28 12 0 45 26 -32 27 -19 6 18 -3 -26 -10 48 15
-25 -26 50 24 16 -37 50 -27 39 -38 36 19 40 15 42 -28 25 41 -24
31 -13 -24 1 40 11 25 30 7 -20 28 -15 -16 13 17 -16 -6 -3 7
