9 20
1 -26 -27 31 -41 30 35 -14 35 -14 -4 28 23 -21 27 34 -38 26 31 -42
-41 38 -9 -50 27 27 -35 40 33 0 31 -18 -6 -30 -32 -19 -29 -4 12 40
-38 -2 -7 -27 -25 2 -41 10 6 -18 -33 8 -29 27 23 -38 -43 1 -39 -15
28 40 25 -3 -14 -32 7 -24 -19 -25 -12 28 16 39 -39 -47 20 35 -2 35
-24 37 -1 -4 27 -47 -29 -44 15 -27 -19 -27 -35 -45 27 21 -40 -25 12 -16
-47 -38 -14 -40 19 -17 -27 -21 4 32 -25 -22 11 -45 -46 -30 38 16 -50 -14
-35 35 2 34 -35 0 -2 -22 -36 7 -41 6 13 0 29 -39 28 22 -22 10
25 40 -39 -10 -35 -6 -2 -19 -34 0 29 -20 -46 8 -22 0 25 31 -27 38
-29 13 4 -23 -4 -46 -43 -19 33 32 -21 24 -4 20 32 25 37 20 11 4
