10 20
37 1 22 45 -3 23 23 17 46 23 34 4 47 18 -2 0 25 17 41 43
34 37 34 12 22 8 5 35 17 50 43 22 38 45 15 21 11 33 26 15
34 32 39 42 34 35 0 15 12 -4 15 12 7 26 6 49 -3 17 8 43
19 31 45 35 36 31 34 32 23 26 38 9 28 33 30 28 43 20 3 2
45 23 -1 24 41 47 35 24 9 33 19 46 34 11 24 12 0 25 46 30
47 50 36 38 43 33 23 41 17 36 -1 32 -5 32 47 48 1 35 1 3
42 8 40 44 31 23 -3 15 49 3 -5 -1 21 42 11 22 -1 32 48 49
28 4 36 41 23 49 9 3 -3 38 25 48 1 15 31 38 1 34 -5 6
31 35 2 4 16 9 19 10 32 46 19 36 -3 3 42 13 48 33 12 41
39 33 50 2 -3 5 14 27 48 5 10 0 18 35 41 -4 33 39 20 24
