10 20
-14 -49 -38 -10 -26 -28 -35 -48 -31 -12 4 -10 -39 -34 -17 -47 -15 -27 -46 -25
-17 -7 -19 -48 -19 -43 -3 -6 -14 -33 2 -43 -10 -44 -40 -40 -15 -7 -10 -37
-28 -22 -7 -46 -3 -25 -30 -32 -8 -6 -4 -38 -7 -14 -49 -16 -37 3 -16 -40
-27 -36 -18 -21 -41 -40 -34 -43 -39 -19 -24 -15 -12 -32 -24 -46 -9 -17 -26 -13
-4 -3 -1 -31 -24 -6 2 -44 -2 1 -37 2 5 0 -45 -21 -3 -37 -18 -27
-34 -7 4 2 -38 -3 0 -2 -42 -1 -12 -39 5 -48 -21 -29 -36 2 -10 -29
-9 -11 -40 -50 -6 -29 -22 -1 -7 -26 -17 -31 -47 -44 0 -26 -27 -14 -6 -44
-14 -27 -13 3 -37 -45 -31 0 -18 -48 -5 -35 -12 -23 -34 -42 -11 5 -47 -42
2 -49 1 -48 1 -18 -26 -2 -19 5 -20 -2 3 -37 4 -49 -50 -20 -16 -23
-4 -18 -46 -14 -17 5 5 -46 -11 -1 -6 -48 -16 -48 5 -6 -2 -24 -42 -47
