80 80
-84 -158 -1 157 -182 -49 -171 47 -10 -127 71 199 -26 -188 -69 29 107 199 -189 154 -195 -184 131 -148 192 -198 2 -198 -193 -9 -82 -81 -93 124 -149 -60 102 -34 -149 -109 68 70 198 6 133 -144 197 155 -78 -192 179 -35 -54 -18 -81 3 -94 23 -125 -27 34 -190 -110 -5 -166 -153 166 -177 -44 -23 195 -107 200 17 -25 -61 153 -152 193 -160
154 41 -100 159 -82 67 -42 18 -185 -154 -180 129 90 108 -196 131 -55 178 -25 -145 153 179 -133 16 -113 18 -105 -46 -171 -52 -13 -179 113 -62 -145 -156 -174 -101 -153 -78 -195 -41 -160 -26 -171 -10 54 186 131 -120 140 -170 -144 -59 -55 -132 -80 98 -27 94 144 -12 -20 60 194 -160 -105 -64 165 -195 33 -137 -137 193 114 163 -190 -196 12 123
-49 -93 94 188 -111 198 -53 -22 45 24 200 74 151 -36 -168 145 -1 123 -192 179 107 79 196 -199 41 82 -69 178 50 -193 115 -159 -67 -191 62 150 46 -92 48 -99 -48 19 -59 112 -141 -106 200 105 -189 88 67 65 41 -161 137 187 99 5 -103 -79 132 109 20 163 -26 -190 114 -194 117 128 93 53 178 74 -13 38 88 153 32 158
17 60 46 -153 -174 -157 52 155 -199 103 53 -88 -39 -161 -113 -26 143 131 -164 -2 -152 -60 153 43 86 -69 5 182 167 81 -125 88 64 -93 -153 55 -157 3 28 -60 -128 -113 -67 4 144 -52 -111 -200 108 -197 -168 60 110 -59 128 -106 -64 74 149 98 1 115 177 -107 104 180 -74 196 -139 -189 -18 -108 27 38 126 65 139 140 -102 74
110 -39 72 17 132 166 -138 118 -67 -117 144 105 -123 -125 96 58 -75 128 -141 99 114 3 3 -189 -88 115 -161 -150 -189 10 137 47 -177 -198 193 -76 -6 195 56 -163 100 121 -30 -69 172 -194 92 -179 15 67 -11 30 -72 184 161 133 -31 162 -159 -148 -29 156 75 -170 -174 -96 173 66 -55 185 -135 -47 199 -45 -18 133 145 -136 177 -168
-179 -188 -107 -66 -60 -76 -183 81 83 -146 175 -113 -66 -103 176 -16 15 -145 -145 -7 -164 160 165 -14 -33 -154 -8 78 -1 199 181 139 -41 -137 -87 -161 -11 -191 -97 25 -148 -8 192 -189 -178 -109 -93 156 16 -117 -21 -2 40 -111 -186 -74 18 -165 122 -192 -156 -84 -58 -25 -82 150 27 -189 198 -77 57 46 158 66 157 191 79 84 18 -2
169 -186 -14 63 113 192 -190 -70 -83 97 120 -199 121 98 93 -172 -193 9 -162 46 -117 67 -52 123 -193 190 174 194 159 96 -145 -159 43 -11 41 -10 -193 -86 -4 -75 122 86 -49 -23 -148 -110 -92 74 -197 68 72 34 -73 144 190 -179 42 -84 -66 -200 -19 -12 -171 -23 198 -168 -127 49 -79 -111 -138 -54 10 154 -177 -61 -22 139 69 19
-168 15 36 -143 88 47 61 25 183 -180 43 -187 78 -88 -139 -87 163 -28 -179 132 -179 -12 -110 -122 -141 -64 86 182 -56 -109 -151 -158 -147 131 -181 -185 -5 -117 -113 -90 146 18 150 130 33 -81 -38 -102 155 112 118 130 78 119 -85 147 -186 113 95 -79 159 -187 -78 176 21 48 176 -68 154 109 -148 -1 -133 60 123 -164 160 153 -135 134
85 37 -98 -14 -14 102 -42 124 81 48 -85 174 14 105 95 71 -167 149 -17 -129 21 -101 169 -49 -26 -165 52 155 34 -68 168 52 180 64 -176 -71 188 20 -144 8 119 -44 -126 185 -10 -177 65 -28 129 184 170 -164 -193 21 2 -119 1 -140 143 164 -32 19 41 92 188 -7 -72 193 151 43 80 -89 89 -63 -12 -45 147 188 82 122
-56 28 76 -125 65 35 69 9 -136 -142 159 -108 -177 91 -116 -199 48 -159 178 90 -66 16 -26 34 58 107 112 -170 -177 -70 -146 -162 192 123 117 150 -75 134 48 60 37 -4 190 -31 142 -76 30 180 -165 -192 154 -21 -20 -127 151 32 138 -71 147 -88 118 -25 28 99 188 -182 76 143 -68 2 -21 9 145 177 179 179 -8 109 -199 99
-101 -67 47 -151 121 161 84 -128 2 156 -30 196 23 -24 150 -64 -147 119 87 108 60 -3 -8 53 -28 -179 77 -105 -44 -69 82 109 -21 157 133 169 165 -1 -72 188 50 63 -198 161 58 -5 66 115 190 172 -106 101 -104 -134 -38 177 2 200 66 53 27 -163 -31 94 187 192 153 132 14 56 -41 -135 -103 -46 -183 -76 26 199 -123 44
23 -181 -49 113 174 139 123 -68 127 -176 160 130 50 147 125 -81 148 -73 88 -195 -183 143 -176 93 42 141 71 -185 101 198 -48 96 166 40 123 199 -123 -197 9 -10 100 186 74 106 -168 -98 -19 -9 95 155 -49 -70 40 -172 68 166 -115 -110 90 -47 188 87 -122 -28 42 169 178 -83 -131 150 92 -35 -78 -79 186 -90 28 193 46 174
-188 74 -141 -2 -24 83 3 -92 91 -35 -59 -136 15 124 139 96 -60 34 102 -196 164 2 183 66 82 -44 -37 -151 -7 18 -93 -35 118 -101 104 -170 147 115 111 -142 67 -9 178 19 68 -121 -72 63 75 114 -49 -180 137 -184 65 78 139 46 -104 -135 88 132 186 75 103 -117 -12 191 -33 45 53 139 19 -16 190 110 176 124 -41 164
117 186 155 93 -26 51 197 -176 57 -134 -86 38 -161 26 141 -57 -45 -9 53 -79 -163 119 -24 -153 -79 -166 -170 -148 -92 -135 30 68 -6 -78 151 75 -99 -161 53 -66 -39 155 56 83 -105 71 -142 -163 147 124 -113 -44 -28 44 163 198 148 41 -19 -186 -165 89 134 126 -117 -45 134 -113 169 -34 155 -1 -120 -35 -87 133 185 163 -67 161
-7 105 -104 -5 -22 79 188 73 -117 -80 -11 -60 174 160 -44 -126 7 195 -57 10 154 37 -179 -192 -3 -153 76 128 -136 -142 -135 87 -142 -9 -144 -119 -113 144 99 -27 -42 -102 -137 95 107 91 -77 13 142 -106 67 108 89 -77 130 24 62 -58 -200 150 180 -145 -141 77 -75 -171 -165 176 69 -179 40 -167 -118 49 -120 -53 78 -23 151 -25
-187 -57 -178 48 -19 196 173 -145 -96 176 34 -99 61 10 -131 177 98 140 100 38 -146 59 -39 30 -182 -121 43 -176 29 123 80 184 18 44 154 -63 23 -76 -175 -12 71 -52 76 102 188 41 -87 -139 151 -69 0 28 -102 -76 171 147 69 -148 155 74 -69 -48 103 -184 -77 48 36 -82 -190 -135 8 24 -175 -186 72 55 -67 75 -89 -132
-16 84 81 -116 47 -199 -125 -44 -169 179 131 -117 -159 -139 18 -132 -109 142 135 -106 -4 -69 -81 61 -170 187 129 -158 -75 188 -124 -31 72 -115 191 154 -131 -114 -160 -66 44 114 165 110 16 -32 -179 -123 133 -121 105 110 168 138 -84 -169 -138 -20 101 154 70 180 4 -87 191 -14 -188 1 83 -164 -43 194 -3 94 -8 171 70 -7 37 -134
-79 -61 -76 5 -101 -177 -140 63 -95 60 -12 -143 -8 -17 79 164 -99 67 -129 54 -156 174 128 -146 -1 -102 161 19 -35 35 38 173 160 -91 -117 -51 92 -74 49 27 64 -25 -129 -129 -47 -197 76 -109 132 -187 71 198 -139 155 -91 3 -122 -109 -120 -25 -183 123 -158 -169 101 114 61 6 198 186 140 161 -191 190 -84 -73 -61 153 -164 197
-31 -172 154 -143 -124 -188 9 -200 109 -140 56 166 -53 -172 -48 -10 -148 -53 134 148 100 45 -156 -149 -54 60 89 -200 17 160 -150 88 186 -111 35 -149 -153 44 -146 -2 -122 -54 -170 112 124 87 59 149 179 -6 -105 -24 -173 -176 -153 119 -179 72 -10 24 57 -16 -40 68 147 -178 144 -176 -196 -106 -124 -131 -51 -127 105 53 150 -95 -138 -156
70 -131 35 -129 -174 158 105 52 186 -125 101 -35 28 111 -96 -144 -111 -32 67 80 4 -57 -155 111 -140 184 85 -82 87 -174 175 -101 134 -87 -96 -61 -109 52 20 -24 -72 165 187 -122 -29 -141 -21 4 78 -26 112 -29 -110 91 77 59 -28 78 -180 54 -36 173 90 188 113 42 -101 47 -48 -22 196 -140 85 137 -188 -70 -103 123 -7 -14
185 -91 144 -82 58 -183 -1 175 -76 -3 55 38 124 165 -95 46 -96 -97 -58 -99 -123 -30 84 81 -170 35 68 26 -28 -26 -169 -127 148 150 -159 -149 75 118 -24 -155 -31 -112 153 61 -200 123 -157 34 123 40 39 177 -10 -80 -59 76 -85 -154 -53 -3 30 144 -110 28 159 145 56 -144 24 -47 129 -119 -123 121 170 93 -90 119 -11 1
-134 -112 -68 -42 -23 91 30 180 -94 -117 127 198 -39 106 -7 -41 50 -76 -120 -101 -140 -21 -25 -95 -50 18 -195 -76 -100 148 -187 173 150 -147 197 186 -173 -75 145 -162 161 139 -166 181 -63 -170 -114 21 -152 198 117 -151 -158 -158 -31 -81 -172 -52 104 49 186 -123 -86 55 72 -166 177 54 29 144 35 -171 -31 100 -189 -35 -163 73 -9 -157
171 -91 -20 80 173 -139 192 56 57 45 -158 20 -63 -18 164 152 133 83 -116 128 -59 -171 120 161 -32 6 -89 119 22 5 -132 192 -141 -128 76 -80 63 -103 -37 38 155 -73 -114 -70 -111 -97 -154 84 -128 -98 140 -175 -6 127 35 33 -42 -140 -151 146 -96 -102 165 98 160 -152 -194 -1 1 155 -65 69 105 -45 -174 76 144 141 147 127
-24 18 156 101 -116 -3 92 133 -59 -175 156 -74 -41 -29 1 66 -108 -108 74 -192 0 119 164 -94 -5 -26 16 94 70 -26 -41 128 -6 183 -152 88 -9 47 98 -68 14 43 81 -48 -121 97 -162 91 47 117 34 -33 35 -89 172 -189 193 -109 21 -121 -198 -48 175 136 -147 -139 185 -2 133 183 177 132 5 -65 179 155 -133 81 -62 -17
-116 -53 138 41 -96 162 7 185 -169 64 96 -75 -79 -83 -153 186 -148 191 180 65 -184 -25 -191 -198 74 133 -195 -12 132 158 -31 33 -119 -161 165 -101 23 -70 -62 197 22 -173 -120 195 -168 -22 125 80 143 -176 175 -95 126 -105 149 96 -14 -113 72 192 -170 -53 -33 -65 50 18 -170 -93 -160 50 69 24 -169 -51 178 36 -122 -81 -193 75
-116 -36 198 163 -61 -146 88 -81 116 -140 63 -75 157 32 -60 152 43 -32 63 97 122 -134 -84 78 -79 -196 -110 139 144 185 51 161 30 174 89 125 -11 104 -177 25 -151 144 -23 43 -85 33 -75 84 131 137 -121 -15 49 123 165 -33 -134 -118 -64 -82 108 -79 -59 -42 -145 -120 164 78 20 147 192 -3 -37 13 155 122 189 -103 31 38
67 -157 -194 11 141 142 -185 -160 41 -91 -44 -166 -9 47 -111 93 -41 199 190 -178 -38 72 -47 73 -3 33 -186 92 -154 4 -34 142 -50 172 11 134 93 95 125 23 -28 -25 -200 -63 -165 -177 28 -52 142 91 33 -62 75 -46 -48 189 -179 -70 -16 -78 -41 -174 131 130 -67 -33 171 57 196 13 152 101 33 183 176 110 199 94 -171 151
-84 -128 -17 -66 185 -78 76 66 178 169 -111 -106 -21 -151 104 -25 1 -77 39 198 96 -70 -106 10 199 -156 -154 -119 -13 -34 56 149 45 -117 192 -126 -160 -48 157 42 78 2 151 -80 -172 152 176 -23 -23 78 -80 -28 76 -121 126 174 -127 -139 -60 -46 -143 -1 -149 40 166 99 191 -160 197 60 194 -170 35 66 -171 161 161 -56 -72 -179
-182 169 -197 -88 -161 194 154 -34 -47 164 -114 -50 52 24 150 86 67 -15 194 -91 -105 107 -44 -10 -90 -199 -169 68 -77 -141 -4 20 -58 -63 117 123 185 -132 -150 98 64 114 -151 -105 -95 152 -36 -129 186 -20 -21 -137 22 -15 81 144 4 -114 -104 97 57 156 127 -3 191 -28 -196 45 -150 47 -173 6 81 100 -115 -118 -117 165 189 -5
184 -89 140 172 -147 -157 91 -133 -108 -4 -97 -186 -90 -137 -184 -87 -73 25 103 -165 -80 -71 -169 -64 19 187 158 -93 70 -119 172 -77 62 192 114 133 188 -25 181 -20 88 110 54 27 -91 106 -100 -186 0 61 -45 -18 -75 46 96 -160 101 -72 -191 -30 -57 -176 -117 -28 -117 150 55 -42 17 78 161 -1 52 -189 -172 50 88 129 -75 -124
-6 -184 -47 -56 -78 128 -34 79 -111 159 -22 -46 -162 -64 -113 120 -89 87 -107 -200 -154 167 -10 -106 -38 -16 -6 -98 -35 -149 103 -100 43 58 37 88 -169 -64 -46 -90 -165 138 -131 -48 -29 104 -188 178 158 -59 181 -48 -117 -142 106 41 31 -88 200 101 -90 -156 152 -159 -12 137 -117 169 -94 -160 133 102 -47 -43 -26 -11 89 -142 151 -161
161 -198 186 -184 -126 -22 -98 -115 143 -76 78 87 55 28 -179 130 84 181 159 93 119 -63 60 -80 15 -147 81 -86 -144 -143 80 98 -19 -104 167 -151 199 -186 154 40 -11 -3 79 -7 -172 121 -30 86 -32 166 -146 -90 187 -133 108 18 199 -104 -55 40 -78 -42 101 34 -53 179 -52 -31 111 -118 142 180 -133 -129 170 -130 -188 135 21 -19
28 55 161 -22 -135 -167 89 -183 153 -159 196 -128 -48 122 59 -50 -43 -193 -33 117 -155 -56 17 52 -83 -27 180 -147 42 140 84 93 87 115 -55 166 138 164 106 31 -35 140 -91 180 153 166 -99 -46 -115 -60 165 -126 45 57 -140 181 -24 191 125 -170 84 -172 78 7 172 182 184 -85 185 -83 150 -193 135 -146 3 78 107 -12 -135 11
-154 125 69 -132 93 -196 -77 52 18 12 -158 58 104 -126 -158 -42 -16 123 195 -146 63 -186 -35 -83 114 24 180 -139 95 -82 -45 3 -162 -197 20 -105 -184 -7 -154 -48 108 -171 27 55 103 22 107 157 134 -99 -196 -123 -120 190 -50 -163 -173 104 -121 -141 -63 -195 74 -7 -22 127 161 -31 152 144 -179 -185 -59 -45 -170 -190 -146 -121 122 140
-188 6 53 151 -85 200 -149 -111 -64 -19 -8 -37 12 31 102 42 137 -192 104 171 -163 -137 166 169 -89 -196 18 45 159 -122 159 69 -199 51 -91 -58 113 140 -99 -52 -156 -8 -88 42 142 -74 -64 -64 -72 -25 -7 -7 97 0 -70 21 179 -35 70 -63 45 14 165 120 194 140 12 -8 -57 -146 175 -63 -190 181 115 -178 -156 166 -23 13
-34 -22 168 153 62 -141 6 185 -170 90 126 52 -133 86 174 86 -111 -15 -163 186 -191 -159 106 -33 163 122 118 -39 151 68 132 181 149 158 -80 19 -3 -174 -29 -93 -83 132 12 124 11 97 -82 159 85 -188 -81 185 -14 134 116 -50 124 179 62 -97 180 -135 -65 77 -173 16 -172 -32 164 -92 -44 -51 -50 90 -139 41 -194 134 -11 83
-66 77 -155 171 186 -137 164 -4 -79 -146 -30 -76 163 -161 -129 139 41 -158 -81 121 27 -75 163 -64 -106 -195 -90 -13 -67 193 -111 -80 85 -23 -19 -88 -4 -200 149 79 -159 -98 -83 132 59 165 -24 12 -188 11 85 42 147 97 -119 -48 -14 6 -111 77 -113 -149 56 -178 -22 -34 191 -136 -69 166 -45 -151 -53 70 49 55 8 46 171 -13
118 104 77 -24 -75 8 -60 36 -85 40 78 54 175 -142 -139 23 -40 -78 -69 -21 -63 -57 -198 -24 26 75 -64 -1 193 -8 39 -103 -143 166 -112 54 -191 -98 20 -80 -147 0 -122 84 63 61 142 95 58 -94 155 -147 160 115 14 -12 -160 57 106 106 108 -163 68 166 -156 -171 -155 2 106 -196 45 -141 17 75 -22 187 59 -109 165 0
47 22 140 -163 162 2 51 -132 -71 101 -141 43 -165 -24 127 93 -58 170 179 -97 183 130 24 -180 65 152 -15 -160 -179 -107 19 -75 -62 -116 -63 -176 81 -52 34 4 154 100 176 140 -44 78 178 -13 -115 -26 53 -65 120 -51 67 141 -150 120 88 -175 -183 14 63 120 -28 95 77 -89 159 141 -16 -32 152 -106 59 -173 39 65 167 64
167 183 -168 129 -86 -176 132 12 73 -78 -49 -166 -9 110 -22 -8 161 155 88 186 40 -43 -99 -65 -100 156 -125 9 -85 195 -60 119 179 -2 -65 -137 -192 -24 -158 63 144 -81 147 -40 49 4 -46 -69 -48 165 -188 -121 -96 -192 -120 -185 -65 192 53 179 -97 -13 8 -25 118 122 140 133 158 -45 -192 -40 -10 50 196 81 -104 -36 11 -66
-129 191 -12 159 123 93 -145 -105 -143 151 -194 -199 -3 -200 -71 -4 128 -70 197 -35 -117 -85 62 -140 11 -142 193 -10 80 48 -169 -175 -28 -16 -106 43 138 149 -86 -200 131 -16 91 24 66 30 -22 165 -163 190 111 142 -48 136 -185 -58 -195 153 2 81 54 -122 178 -22 -161 197 147 -53 44 140 112 -11 128 8 108 96 105 48 124 109
7 -189 188 92 110 151 -148 200 140 -35 79 -69 -25 -200 -17 127 -88 -122 -163 -147 -152 197 137 86 -138 -115 -87 -150 196 74 -148 111 112 -39 40 81 -113 -148 196 -52 173 -18 -138 -128 139 -41 -155 -164 166 -91 -119 15 -120 -83 -127 -23 -153 168 131 181 -159 77 26 -53 -132 16 97 -70 2 -97 191 -69 108 166 169 -78 148 12 61 -24
35 -64 131 -152 -88 -43 -12 -139 34 47 -44 -162 139 30 -89 -35 -166 -11 76 80 -188 197 -77 -187 -171 159 100 198 -163 -132 102 -52 -127 -158 -72 -1 159 -38 122 -140 21 -41 129 119 133 188 147 188 -149 -105 66 -53 -153 -84 -174 -92 179 150 -75 90 -186 -53 190 51 -194 188 102 107 54 180 -154 -74 47 93 -163 125 -36 124 -73 -35
192 200 20 38 6 -18 87 83 78 -47 -143 117 -57 -92 198 -145 -196 -163 -45 16 30 153 -195 18 174 181 -50 63 -196 -193 -35 -44 -106 -174 81 57 188 -35 -50 15 -109 -169 -111 -104 -40 -55 22 -52 199 -70 15 66 -122 -98 23 -189 -48 -45 107 111 32 134 141 149 198 -121 76 44 -183 60 166 -158 -20 -74 45 109 131 28 -27 120
-126 57 -116 -185 -192 -63 146 164 183 121 -140 137 183 37 170 -121 -24 -39 -131 47 -176 125 -125 -116 23 -177 146 96 89 144 122 50 -82 167 132 155 -126 -71 -17 -149 -150 -57 164 97 61 125 129 -179 67 -141 -22 114 -187 106 -180 -120 -20 -109 -119 75 -36 -119 43 104 18 191 20 151 59 108 -131 11 34 -27 162 -153 184 -97 135 -53
32 -13 -80 55 92 -189 -108 -22 -176 42 -136 -150 29 -144 92 -109 -63 -37 -156 -2 154 97 14 38 121 48 140 -73 184 -69 131 132 186 124 -17 -140 -94 62 -33 24 72 -73 -36 -134 73 48 17 24 165 -125 -111 185 17 165 66 162 -179 72 42 -147 6 -180 -148 -128 -196 109 148 -127 -28 -150 51 -6 -154 -101 -6 101 -198 61 -7 -123
122 95 -13 132 56 59 -167 74 12 120 72 198 19 73 36 -32 -39 16 -47 173 -65 -63 144 -87 177 123 -79 135 28 -28 -60 -5 65 107 -95 7 -36 -114 51 53 -119 47 -33 48 -120 -99 63 95 -133 137 179 140 -11 -170 -109 52 -106 -177 -25 173 -60 -102 155 -182 113 137 180 -124 148 4 -108 -42 67 -137 108 136 -32 37 -170 23
16 149 -35 153 140 14 -171 -103 -71 17 -106 95 9 -65 100 -108 170 190 168 -82 -26 71 50 -100 127 -4 -139 -59 -59 -75 -138 41 -87 -63 -74 -196 -180 4 -173 -101 28 27 194 -71 105 -45 -158 106 60 192 -117 65 178 -5 88 -33 118 -11 30 95 118 -51 -18 -16 -186 45 -119 50 -41 -85 122 -107 -105 84 -83 -166 194 176 106 156
-66 -131 -56 46 -113 -3 177 -19 -76 113 -72 126 -195 -45 158 -13 -196 112 -68 -143 105 74 72 103 153 150 -133 124 34 182 90 167 16 -175 -137 -147 148 -77 176 -196 -39 -38 111 103 183 162 -137 -75 85 -101 17 -5 -17 155 -23 -149 63 -86 -105 105 93 183 3 48 -182 33 21 -157 17 -8 -194 59 -113 -78 180 -60 49 178 -27 -191
-185 -40 -6 190 117 -49 116 150 165 -195 -5 -81 -96 184 -146 -75 -34 173 95 180 186 74 55 83 107 110 191 -117 -169 50 -196 -125 -101 -191 -11 -40 -176 -127 -21 -191 -165 110 143 135 -63 145 78 8 87 -144 75 133 -100 144 69 -165 -121 150 145 34 111 -153 -3 135 -175 75 -197 39 -139 139 -51 193 197 21 42 -145 69 73 59 123
4 -10 -21 95 194 168 -119 129 20 -4 197 -13 -167 -158 95 -51 -185 -195 119 75 -52 -115 -116 109 175 187 -166 112 -26 -112 107 -86 31 -157 83 81 -95 41 -111 162 -161 198 -102 -41 131 -8 -55 -84 -190 -134 124 -121 164 -148 46 57 -42 86 34 59 -132 37 -158 -156 -172 76 169 23 20 -115 -48 -82 -23 185 -195 81 -93 177 -180 85
-131 -64 149 128 -197 27 104 112 84 120 -29 -113 45 40 -146 -172 -126 -156 -51 -185 -69 149 -169 126 -92 105 106 -19 121 121 -81 -161 45 -111 182 -47 162 177 107 -29 128 -36 162 -8 49 17 -116 -14 106 168 178 84 -55 123 196 183 -107 76 -33 -158 -110 42 72 -17 -125 52 -59 146 -143 190 3 -192 -149 71 172 -124 52 -62 8 -46
109 137 160 -127 43 -147 -43 -182 -142 -39 -71 51 84 2 -120 -165 172 -46 -45 -53 -167 -182 -151 24 106 -182 -112 -105 106 -87 -155 81 35 -153 -80 -26 118 -185 -62 16 -58 -126 -92 -19 97 53 90 -141 -116 134 -150 -147 72 -200 157 -2 79 69 -44 167 -107 -77 58 3 149 -57 -109 -6 91 125 -141 -133 70 -33 22 135 160 158 -130 -47
-61 -97 156 -186 -84 190 -104 50 -67 25 -73 195 10 67 -45 70 46 62 -65 -13 -146 2 145 199 -135 -96 -17 64 -159 175 173 115 -77 -185 -89 -197 50 -154 -70 25 -44 141 -134 -27 -88 -65 -68 -83 -133 46 -30 -146 76 -167 114 -17 6 -1 -142 141 -163 -42 -162 -94 200 87 61 -17 -135 179 79 146 122 39 68 -70 -7 151 -126 -56
-162 155 138 -19 -34 100 190 -192 -123 -33 128 105 2 -45 -77 -63 -119 -9 -184 59 -19 105 126 -38 -192 -3 44 111 146 -115 -132 22 -121 -96 -89 -193 16 8 -194 -193 -6 -41 182 -24 166 112 -110 -154 17 56 -116 -37 -145 61 56 196 76 -155 12 -73 129 -66 47 -136 149 174 -125 -151 131 -155 -162 158 30 -10 183 69 -48 138 -45 -45
-101 -42 156 -101 114 117 118 -103 76 -119 -114 104 -155 -124 -194 144 -60 73 18 -60 47 26 -46 -35 146 -100 -98 -49 125 37 -200 115 121 -138 -134 47 84 130 -178 25 69 162 -165 152 80 52 82 58 -130 94 -146 194 -109 102 -108 -78 -92 51 -161 143 120 -130 -179 -80 87 84 100 36 -122 -168 -165 8 -167 -54 49 181 1 -76 34 45
-141 189 40 103 -117 66 -54 -189 -21 134 9 -41 -160 -80 144 -40 -191 47 -129 -78 -17 56 10 -161 -94 111 -158 103 -73 5 -91 165 -162 59 100 -163 -145 -52 -159 6 -59 36 -18 -34 56 18 -89 170 127 119 83 -91 38 -162 -83 -66 199 11 105 29 -113 28 -85 -58 79 105 127 -138 -162 199 160 94 -61 126 181 -28 -89 -175 -115 -114
149 -153 88 -110 -37 133 41 -186 48 -104 19 148 142 12 177 126 170 -70 -37 160 190 -139 73 58 7 -100 -162 -120 -112 23 175 70 -200 162 126 -106 94 -97 188 66 -32 158 134 14 -91 -136 91 -114 -101 -189 -54 82 -198 130 93 176 184 -149 -57 70 -69 -70 -173 -108 -124 153 -61 -135 -121 -51 -17 -2 122 72 -122 -142 -132 96 -110 -12
-147 -140 -131 112 -3 -109 -148 -105 -194 -134 63 -141 -32 -67 -135 -95 -71 -44 32 7 -5 -14 -161 2 -15 138 59 -87 -22 -1 -89 -184 -179 132 -2 -186 77 -177 -139 -25 176 -137 -64 40 -15 62 -92 132 5 -200 -57 37 -44 44 -128 -141 170 -190 -113 -71 -69 84 98 143 -21 -62 -103 45 154 -113 -83 40 177 190 55 -133 23 114 -44 109
-188 0 3 -190 159 142 -30 84 -2 40 186 -175 96 -192 78 -105 10 -30 9 184 102 -33 82 -97 138 137 34 184 26 -116 80 145 0 32 77 19 -118 129 -160 -90 -49 -112 -16 -18 116 40 -195 8 132 153 22 -190 -80 -94 -15 0 197 106 -36 -193 77 166 -187 114 -90 97 -58 57 147 148 -55 -1 101 76 148 -122 -174 115 67 -174
144 -137 193 -70 -110 -187 191 -62 -123 -99 139 -33 -107 -181 -70 -20 191 -102 -23 177 8 -181 -182 -138 -142 -1 -115 -180 80 142 -52 40 169 -108 -129 174 -48 -167 -121 134 -108 108 -28 -70 -93 92 127 140 192 161 -165 -15 76 -160 -70 -25 -49 -125 -36 -200 -78 102 56 172 108 -148 -111 -56 30 -100 127 -32 67 -109 -121 190 -174 -149 138 28
39 -49 -54 134 -11 -95 -185 -129 92 128 -137 21 -91 -60 53 171 -89 -104 46 72 -149 147 2 31 -48 56 65 -151 -21 -106 -141 -117 -158 4 36 -106 -92 34 -64 75 43 163 186 16 59 191 -79 123 118 -26 149 -162 -39 -182 179 -80 120 -100 -83 -197 188 2 -135 -172 6 -110 135 -31 149 125 -124 -65 180 66 59 151 119 11 -164 163
-138 17 162 -79 30 -78 118 122 13 -9 156 169 93 -179 102 87 -7 57 9 151 120 147 6 152 -112 115 -77 90 -162 47 128 192 88 147 -89 162 -76 156 113 -156 -34 -147 45 -40 80 -65 128 -170 61 145 -67 -17 -148 17 124 34 -55 -138 -16 -46 -6 19 46 57 -60 -171 93 -29 114 -138 -161 -148 -120 -50 35 -126 127 -12 -60 61
66 17 -97 20 27 -140 -200 -182 12 47 -118 -77 -25 11 -138 -32 183 -171 -46 60 107 1 43 20 -131 -38 -103 62 -44 -8 177 188 78 -162 5 -85 -189 -66 -189 -109 117 7 182 -47 166 -95 -126 151 -97 -164 -86 -40 -181 30 -105 -120 6 65 -34 18 -170 164 105 -39 -25 88 72 102 -7 21 -51 -198 -80 121 -187 -119 -166 32 -121 128
-184 -24 77 -35 73 -181 81 -66 52 20 -100 122 -149 123 -150 154 -67 -24 -22 -157 -142 -185 76 173 35 -109 -73 -108 74 93 10 -152 32 3 -118 131 -91 89 174 -196 -89 -69 140 41 58 192 158 12 -174 -30 -184 21 92 -149 163 -72 -102 -107 142 102 -35 3 116 26 177 -10 -94 -42 -127 -153 56 189 -193 76 74 156 -4 105 124 -100
-58 -155 -73 -95 -37 200 71 -158 48 -86 -116 -148 -35 59 -123 55 75 152 145 -57 -15 93 -124 188 -134 154 -95 -31 83 192 199 142 -172 -147 -160 -143 41 -85 -130 114 149 -66 95 150 -31 -4 173 134 -73 195 -140 102 -115 -146 30 161 36 94 52 138 2 -162 3 -19 -121 48 -170 52 119 -116 10 -74 124 -185 -198 -104 135 -69 -180 -24
12 66 94 -24 -39 3 -23 -117 145 184 -196 167 -67 165 -5 11 139 -160 180 188 -198 54 161 31 148 -189 -177 163 88 115 -10 82 24 117 148 86 -124 75 -120 -50 -85 64 -137 -81 -178 -173 136 100 -2 184 1 35 -161 -46 184 127 86 -91 -128 -173 90 -63 71 108 65 -198 41 31 76 -13 7 141 161 9 149 -144 60 9 184 -52
-57 193 -177 73 130 -69 -64 -167 112 -37 80 -81 -4 98 83 -81 113 -52 173 47 -71 -40 183 -164 18 11 -189 194 -117 -17 -63 -195 -114 -19 189 -81 172 -34 -200 -19 -88 122 -3 118 12 -136 -178 99 -123 -45 138 9 -118 -169 -197 27 -99 7 -185 83 -146 18 -97 169 -21 27 -163 166 185 184 -44 75 -38 28 165 194 -67 171 -62 -65
-165 -98 -52 -124 -125 179 17 157 88 38 54 133 -90 -41 45 -126 110 -8 -52 69 25 -187 -17 106 104 -194 1 -126 89 2 41 177 -2 163 -164 -125 193 -115 -182 -109 -27 -195 -182 -104 191 190 71 160 -12 17 -103 70 -80 -98 28 -146 -31 -142 -17 28 -26 -174 174 58 -194 -98 29 187 -36 -160 6 -74 -53 -3 -190 153 193 106 113 -90
17 -84 -109 -177 170 -42 -51 99 25 -150 -113 -192 147 65 110 43 -43 123 15 -183 110 -195 -11 60 75 141 -52 121 -4 -148 109 138 20 16 -194 170 -138 115 -1 113 -107 6 -145 -154 -163 101 113 -10 177 152 -200 -55 97 -79 -61 -5 -36 -187 193 105 -168 -36 -95 126 -63 69 146 120 -129 116 -193 116 -10 -57 156 -117 -125 117 136 148
140 29 24 38 -127 -59 156 -50 31 -60 127 84 -92 -193 12 151 -59 -174 -175 186 -36 -29 -38 61 -62 48 -200 14 57 -144 -194 17 -90 54 -10 -113 -123 -37 196 -87 -200 90 -21 -159 158 71 111 61 -143 89 -162 -164 172 185 -170 -18 0 -103 147 52 -149 -56 -57 -42 126 -194 -112 -137 -105 70 -31 -40 -17 109 -37 -75 -118 -106 190 191
-35 -154 -79 26 25 8 165 -97 52 -142 133 155 -151 73 -55 -158 72 46 -177 118 -95 30 -13 -13 -117 -99 95 12 166 -147 104 51 -130 178 -31 125 -170 -179 -28 96 133 -32 -63 178 149 116 -179 -167 88 67 37 119 -36 91 -5 -146 -191 106 16 -164 -172 164 181 82 79 -195 -117 172 160 158 -151 -11 -199 40 150 -176 17 -110 6 -145
-152 169 180 -4 -55 -91 -123 -110 -188 -100 192 169 -150 -175 164 141 25 -88 -71 -178 3 11 6 90 -125 141 -38 -187 85 -96 -116 30 -70 154 95 -145 149 120 121 -37 70 86 26 177 -199 131 -12 -134 -190 -143 -128 72 95 29 -173 72 -138 159 93 -153 -154 -106 -62 107 -32 159 121 -184 34 104 -17 61 68 126 -128 177 -76 114 179 -21
196 195 -20 71 14 183 -190 199 -158 46 -45 123 -28 51 121 34 -58 165 -23 -121 -54 170 -164 108 57 23 -158 -51 62 7 -61 5 60 -189 19 -199 -144 -137 28 -22 -12 -24 104 -48 131 -13 -39 -101 9 121 -49 1 -123 -49 129 40 -151 -134 159 -13 49 -130 -27 129 -162 -152 -87 169 -185 -166 126 11 62 180 188 -183 -187 -180 -81 123
-14 -98 -178 -63 60 -169 157 -58 -17 60 -53 132 -22 -14 161 190 -157 -129 -105 -46 -103 -112 -61 35 62 94 53 -1 104 -79 144 146 195 -86 -7 -120 -39 193 -83 -73 57 75 34 -148 -45 72 177 194 -198 -8 -8 71 122 110 152 -81 184 9 -187 2 -142 75 9 112 165 83 183 108 -185 155 70 20 187 19 -138 -161 24 2 -98 -156
-62 126 -18 -135 -157 -110 -151 -97 -119 -198 -155 117 171 186 -156 35 -184 -143 -136 178 3 -135 35 2 -80 40 -191 22 -109 32 49 150 190 100 131 -35 185 -121 -172 199 197 -50 19 -48 -115 -35 -63 51 4 -46 96 6 -34 -182 13 177 9 92 -148 182 50 -153 -33 -116 -183 164 -197 -163 -66 -26 161 -99 4 -60 187 -80 170 -144 37 -155
176 151 65 34 -151 -105 12 -199 176 87 160 62 -17 165 149 -4 -99 -141 -46 -175 29 -123 -94 -190 -95 2 186 -19 144 19 -76 167 57 46 14 56 -40 159 -110 -185 74 -145 147 -148 -166 -191 -156 11 37 -162 63 -41 9 -124 11 -136 -90 23 33 -103 54 138 -192 -148 -104 43 -79 -175 -196 -12 -190 -173 114 133 65 -127 61 11 -78 -100
0 -125 54 -106 -104 125 -189 61 -67 129 71 -72 -50 -173 -73 -64 -142 184 -61 -64 -137 30 -84 200 -91 47 169 139 192 178 34 -11 -45 -177 -128 -166 30 -53 80 -104 -15 149 -83 63 -93 77 -37 -118 -141 129 47 79 -128 103 -193 -156 188 151 -40 -5 -77 44 35 76 -35 72 130 -42 33 51 -65 148 31 -30 95 107 18 91 -186 -139
180 105 86 -43 31 118 -21 -4 -106 -57 -5 92 -128 -184 -25 -194 180 136 20 11 -163 -109 28 -77 -29 -168 49 155 -38 -36 29 -139 -175 -183 -168 -30 13 -155 -35 191 -131 131 -176 -10 -191 -196 -125 -3 -3 -150 -28 -66 -138 118 -60 124 -46 -34 170 -103 -166 82 -125 -58 -121 14 -146 -161 -154 -135 -147 177 14 37 167 -111 105 -123 121 142
-154 -27 50 -68 174 73 -29 123 157 193 -79 24 -57 140 -98 129 82 64 155 -87 -97 14 -188 116 -187 -75 124 -3 -164 106 -178 -45 -139 -185 182 9 -123 -173 -60 -147 -24 -147 45 -92 104 -154 171 -17 135 -101 184 -45 77 -142 -133 158 -194 -89 -90 144 -88 -151 185 183 -144 -21 71 84 -67 28 198 -95 168 76 -193 -37 163 -17 151 163
