80 80
54 68 8 -16 42 37 -167 -5 -87 33 -77 -176 -54 118 -33 11 -26 -178 -174 -63 52 54 89 -166 -167 -80 -43 -92 -181 -174 57 -177 -195 -83 -38 14 -52 158 -199 -9 82 -133 -148 -56 55 143 73 29 -103 -108 -124 -189 174 -129 -200 14 14 -74 -159 -79 127 142 -165 77 -168 -138 130 -2 156 -21 61 68 -31 80 30 82 -143 180 -11 -131
-85 177 -50 -189 -197 -99 56 -16 40 98 -109 -183 125 95 162 -184 -163 -175 129 3 23 -138 -67 -28 33 -159 -189 119 -40 138 97 -107 10 -168 5 -158 -128 4 116 133 20 -156 -88 106 -52 85 -5 -166 -147 -140 -193 -130 -49 -98 -189 118 40 162 48 -118 72 110 161 -192 112 32 -190 -44 -137 -18 158 -32 -192 -40 -135 172 115 -56 -83 12
74 131 40 145 141 -71 -36 -155 -179 33 -82 17 92 16 55 181 -90 96 -107 -43 -72 -104 -93 90 -49 -159 -53 -29 95 -33 57 61 -126 -4 30 -51 64 14 139 -190 85 -91 48 -190 -197 -123 175 -75 -21 -125 -131 152 15 -136 -67 158 178 132 -47 135 -177 48 -25 29 154 161 -24 157 -5 151 -87 -17 122 132 80 149 141 -162 -58 121
133 -64 165 115 186 122 140 -59 -136 1 -146 91 184 -108 -189 -164 78 -178 89 41 -51 -106 -107 -141 162 137 -64 -86 19 158 -87 -39 -61 -122 -130 -9 13 159 -28 -132 125 -146 -15 -173 -62 -76 126 -153 140 -151 11 10 124 -5 -109 16 36 -154 115 -7 -197 -190 117 -116 -144 -23 -52 -192 23 123 -36 11 19 118 79 183 134 -78 -13 72
120 53 130 180 5 -83 51 98 -164 133 162 61 8 153 -62 -163 -98 -91 122 187 15 -170 54 -47 -92 90 -145 -12 90 -144 -61 -58 137 -17 63 -125 156 -41 -157 2 -76 -99 19 -179 -198 70 124 -18 -19 -137 95 -89 -87 -119 57 -171 9 -28 154 -97 -183 51 137 -79 135 -71 47 -68 -165 -23 65 129 -76 159 -151 47 79 148 -183 -124
49 128 129 156 -31 93 138 -86 -24 143 -37 -145 -29 -7 -99 145 130 -109 -124 -25 100 -199 -35 -153 147 -87 1 -16 -29 -34 144 45 86 128 -120 -58 -134 -3 35 144 30 114 -104 -175 160 -81 67 -5 -85 86 151 -192 92 -20 -17 -38 30 -81 18 -85 104 -115 -128 136 -40 14 -100 32 -44 0 -86 -64 -103 35 -38 120 -46 126 -44 149
-76 -28 -178 -73 26 -120 24 -111 -44 -110 -5 122 76 -37 -178 -19 -96 114 146 149 -24 -114 7 -106 115 172 -82 148 72 -84 25 62 -1 80 34 146 -11 124 -24 -32 21 -23 168 28 -88 -185 -77 -81 -154 115 22 136 -191 -165 -14 -10 -195 -154 -64 81 -154 177 -26 -52 32 6 -191 3 182 91 55 -131 -198 -134 -44 116 65 5 -115 -141
97 -184 -122 110 -1 -66 69 -5 -131 -60 -11 47 -32 -79 121 -196 29 -172 -158 -32 74 13 1 -159 -55 24 58 166 155 147 -36 2 -20 -89 -51 50 14 -27 -32 172 -117 78 172 -50 -144 -113 -88 -159 -131 14 -166 -54 184 189 3 23 -45 -151 44 15 6 -65 49 4 31 -191 -172 -155 94 23 -124 -25 170 45 4 -68 156 82 133 -79
125 148 -127 -73 -110 -155 -162 44 -64 -132 -91 135 -42 157 -109 -11 15 -35 66 -32 112 142 -118 72 -112 -132 109 150 170 160 -133 -163 34 4 41 80 -49 -94 64 -33 84 -142 166 -87 -166 -125 -68 81 -48 101 -9 121 -184 -78 -22 -95 -22 -186 -56 178 165 53 -130 169 94 188 185 -159 -12 67 -86 -47 -50 45 -58 -195 -103 131 176 27
-141 56 -136 -11 -51 11 0 154 79 33 134 22 0 -43 22 -71 -131 -155 11 -4 -102 157 95 -13 133 129 -10 -69 34 -27 121 -126 -145 -55 48 -155 -59 -35 -59 -130 46 111 -44 -52 -149 -108 -182 89 -5 -195 68 -31 -168 -194 82 -133 185 110 66 16 -47 127 -154 124 -165 -184 -18 7 148 -123 42 -192 124 36 -11 -113 -16 131 7 -113
-115 -140 -175 17 -58 -8 -187 -47 161 77 142 102 -117 -43 -145 -20 -60 190 -32 175 87 -166 26 -137 -59 -140 189 43 170 -39 85 -186 -65 -45 60 119 -103 -200 -165 94 -83 158 -116 -146 148 190 91 186 13 -131 -1 -111 189 -48 87 -53 145 36 48 -195 131 84 157 -156 128 -19 163 114 -149 -154 98 -166 138 -151 -40 158 107 -113 26 -56
-78 -74 61 -192 -41 141 -125 -44 111 165 -147 56 94 180 -13 136 -177 -38 -173 -157 -48 -29 -177 102 49 59 74 -180 -141 -163 -162 -168 125 -143 151 -90 -97 -112 -54 27 -53 -82 -161 110 -194 128 -186 -192 88 152 -156 -59 -127 81 48 -47 98 184 159 119 97 123 35 150 -153 30 -79 99 81 -103 -25 -158 111 115 -147 -144 186 -126 173 117
-82 138 134 -106 4 47 -7 -139 -77 123 75 23 -36 -93 140 -11 -24 105 165 39 79 136 -200 131 -122 -175 -23 -7 -115 80 -159 -75 -24 81 26 -179 4 63 -13 66 22 -84 92 -46 76 105 -185 39 -61 -196 84 74 -54 -119 -45 -195 -141 32 183 18 -13 -178 -105 -187 -187 111 43 155 -27 87 -193 -67 -116 -7 121 41 -97 56 -156 185
80 1 -175 -107 20 122 -101 164 86 107 -36 27 -13 -88 -194 129 -75 14 134 116 188 0 -40 92 183 76 -108 87 -190 -30 29 161 -87 -11 142 80 76 75 89 107 9 102 -92 46 -116 -95 -195 -61 -70 -96 -9 164 -121 -166 -56 74 -160 -173 108 -17 0 -124 69 13 -151 185 109 85 -27 71 -193 -103 -178 -9 187 -145 30 -155 -107 -140
-195 122 103 89 -47 -138 -37 -48 -79 -23 20 -78 -123 -165 155 119 -31 -41 -75 -76 -125 44 -159 -140 -179 79 -148 111 -191 -198 73 25 88 153 137 -80 184 -110 96 -188 52 37 106 -193 110 118 -99 -191 -114 -44 79 156 109 -126 178 181 64 -189 86 -24 24 151 122 -44 141 -128 -99 63 -73 24 -185 -120 -101 107 -6 -180 30 -150 -175 151
-76 -112 -102 106 -31 -139 178 -59 -102 -155 12 32 -155 27 -48 -174 183 175 -3 -106 -112 -93 145 165 -128 -138 174 88 -10 -168 -160 -143 86 -94 21 2 -130 -29 173 168 75 -198 -117 -31 139 -44 136 -178 31 141 -84 -129 40 -87 -73 -129 176 -69 -115 190 128 135 -163 85 -100 36 28 -124 113 -114 36 -147 122 189 70 145 -165 171 93 119
7 50 -55 135 6 -117 -54 181 -25 -73 67 -60 140 -155 -168 165 165 116 -147 122 43 -48 -113 -98 -8 75 27 21 68 176 181 58 -162 92 -185 149 -90 -35 3 -167 17 26 -87 -168 -63 -34 -74 83 -57 -145 173 138 190 -138 -85 -155 -169 37 -84 -135 118 53 -28 117 10 -98 127 -108 5 13 89 171 -160 -36 -130 -140 163 65 -16 -52
-58 -113 -113 -145 -54 -50 -165 -130 -3 -72 -192 86 -193 163 51 -199 162 -115 -106 11 176 100 154 -153 70 -81 49 102 9 185 -55 138 172 162 -101 69 -134 -1 -89 -88 18 -50 -136 171 -171 -42 -148 -97 149 29 46 -83 -44 -96 38 -95 170 118 -70 185 55 70 -87 -169 -145 -128 4 -161 -37 -125 174 69 -77 15 155 -178 -6 -114 20 -8
-61 95 138 -57 -189 -39 173 151 93 -131 -13 -126 -116 66 80 -55 94 92 72 153 -144 -36 133 49 21 -140 122 -76 137 32 -159 -148 92 -93 -137 -8 -197 -23 -8 69 -115 -57 166 15 77 69 -18 35 24 91 48 -19 -126 72 94 -137 -123 41 -61 104 -159 -191 108 -154 97 98 87 -84 -5 -80 -161 109 43 51 -66 -128 38 -28 126 177
-96 71 -108 -16 167 -33 121 88 -37 -199 -96 -151 -36 83 184 136 187 -50 -63 86 -144 -100 108 -109 -20 -149 20 -124 58 -193 -105 166 -123 8 3 139 68 -168 -159 41 146 -77 27 34 77 -111 -55 139 -200 -146 -61 190 -108 126 45 -45 -186 167 -36 56 -141 112 -51 -88 26 -134 124 49 27 53 -153 112 -111 69 -13 82 27 92 -16 -134
13 88 -114 -82 -114 -28 42 72 183 -137 -60 89 172 -103 139 67 -162 100 178 131 7 -94 67 107 68 -63 174 -180 -73 -196 -60 160 -126 -177 -10 -198 190 -9 -111 151 -169 -12 -18 -71 -38 153 113 -75 141 41 -93 -11 -16 143 -141 -49 71 170 27 162 4 -123 118 -80 7 42 160 -164 -178 -139 -109 -37 -78 -178 11 83 111 -7 41 -178
-46 83 -75 -174 -146 -50 23 -158 -70 77 -42 -124 -85 -172 -23 -21 -176 -37 -140 96 142 118 -153 138 62 11 47 52 126 78 187 137 -186 -78 67 -150 59 -198 -186 94 27 98 16 149 66 130 138 43 50 -197 -55 -129 -99 153 -12 129 -49 -11 188 -197 -118 140 -64 45 -109 116 174 -112 -146 122 -195 98 154 -16 -6 156 1 32 76 -154
174 -33 134 -130 -120 23 -49 87 -139 20 -73 83 -181 9 -115 -165 -138 -91 -20 -18 159 111 -118 119 90 176 179 -88 59 -129 5 -136 -114 -51 184 148 -9 138 -22 -67 -178 144 104 0 37 -56 174 100 -91 70 111 34 78 141 -163 14 -133 58 -38 -86 -49 -80 -121 -107 12 6 -111 -62 43 3 160 -170 -185 171 59 -23 -109 91 -152 39
102 84 174 176 -161 -121 98 110 -146 47 -43 39 141 109 53 58 -137 -54 -150 -9 -165 13 31 -74 -3 -8 180 -10 -49 156 -7 69 -8 -124 -165 -80 157 -163 -100 -188 110 155 -68 -175 -164 167 -64 -23 -124 -64 -138 20 -129 15 -139 131 33 185 -193 159 -38 -183 107 186 -37 -137 -64 -76 101 174 165 151 -94 -43 -128 -68 -133 104 -14 3
-36 115 162 -86 86 -74 -45 90 -121 21 -117 57 113 -187 43 100 -55 -54 7 -45 99 -24 -49 129 -5 -18 -37 -14 -96 -114 -85 -70 174 107 -13 70 64 119 99 -86 -195 -159 -127 -122 50 -114 66 -29 95 10 182 -185 -117 -56 29 149 -24 142 86 -136 -77 154 -72 84 133 177 30 -63 119 -4 146 -198 69 -152 -48 -157 -189 57 -134 -114
-187 135 -8 112 -192 47 -64 4 48 112 -39 -190 76 7 -189 -178 187 34 83 -179 -1 -6 124 -45 21 -9 -151 117 -88 181 -178 -158 178 105 -189 183 24 -123 190 -53 -115 -71 101 32 31 -146 186 161 38 -179 -96 -135 -71 43 173 81 57 -41 92 -1 75 178 -89 115 -129 -90 -49 183 14 110 101 150 -90 150 -15 -187 -97 -120 61 -187
122 -85 55 74 151 -163 108 -77 171 -174 21 49 185 131 99 -105 158 -21 143 -10 3 33 -190 82 -186 121 -176 -86 171 -135 -124 -115 40 80 -8 -103 19 62 -96 49 -23 -29 34 106 -185 58 -141 165 24 -77 -71 126 181 -81 -49 170 183 131 119 -64 -151 -71 -98 -103 -75 149 -99 31 -27 172 83 -99 163 -196 168 -54 22 120 0 -188
-72 -171 61 -125 -20 155 -131 97 -87 5 121 174 124 5 -125 -15 20 189 140 -11 53 162 -160 107 27 83 -62 -134 -178 -81 146 31 -174 90 9 75 -23 -162 -192 -102 -109 -180 -134 -163 -155 151 138 -93 -32 -27 67 -137 -34 38 71 110 -135 189 -67 146 -194 18 -66 -188 90 129 -46 -117 99 136 59 -26 48 95 181 -88 124 45 -189 52
-139 -68 28 162 128 -129 -14 174 -139 -103 -77 122 14 -29 86 188 118 -94 -155 -127 -23 73 159 -29 -64 110 -161 -63 -99 48 20 -75 -92 14 -168 -81 35 122 -59 17 -108 -99 -134 -13 -137 -166 87 -182 134 105 106 -16 155 186 22 36 41 -6 135 31 -196 91 186 169 100 -131 -148 84 165 17 0 -8 -98 -23 150 111 22 -119 -136 -164
165 -81 -100 -182 -126 54 29 131 138 -13 -55 -44 174 145 -130 36 180 65 -28 -160 -126 169 117 -155 36 -27 -50 -182 -28 -72 -63 138 -47 93 -106 111 -21 -102 -57 116 10 -188 82 85 165 -99 -154 -147 -24 22 175 -138 32 28 52 -176 -180 -199 -106 106 -84 85 -109 143 -154 -166 170 83 -110 154 -6 86 63 13 90 -60 -110 22 51 133
187 71 -147 153 -106 58 151 -22 -47 -57 105 137 129 106 121 -13 138 115 -81 157 -168 -53 -158 -34 78 99 -185 -120 56 62 -154 -120 26 9 -130 -166 27 -37 -63 -48 -101 83 -141 142 -56 87 -178 20 -86 -11 -69 -144 -107 -123 135 -196 161 -18 -195 -168 -160 -24 28 -77 151 27 162 -70 -150 -49 -85 -54 167 72 136 135 26 35 -184 -162
102 101 12 -160 -140 152 -172 -101 140 -134 -29 156 26 -62 119 184 43 88 17 -196 -145 30 64 -5 95 62 163 -129 189 47 -108 5 101 150 22 -49 -106 -178 185 -2 -167 -186 -146 146 108 -8 -16 -71 -45 -33 -63 77 154 -45 -181 59 17 -173 -24 71 152 89 63 142 -20 -3 81 66 146 -46 -79 -153 90 55 -172 163 160 -109 -9 -188
149 -46 -96 -118 -98 -103 -74 174 52 -15 -115 -55 104 -17 -31 182 73 -130 123 11 188 -190 -1 -191 -4 -144 -97 132 145 24 92 8 111 62 30 7 170 -9 -41 149 92 -4 -166 53 184 177 114 123 119 37 -120 -82 -146 91 5 -43 37 -98 -165 173 75 -96 37 10 -153 15 70 114 115 -150 161 18 -159 -140 0 -69 13 57 24 -86
-151 106 -9 -158 14 -179 166 -63 -162 -122 24 -176 -191 -95 -158 6 -44 -84 -105 -6 -155 14 155 148 47 -93 -142 -25 57 177 -173 -146 113 -136 24 -12 138 93 9 135 -51 -14 138 -169 156 -131 127 155 54 55 31 -10 95 -52 -145 79 -115 -129 -38 -139 12 163 -10 -185 -181 157 0 19 -63 156 0 -104 174 -11 124 -40 -111 84 -190 -186
170 -33 120 133 -197 -66 -143 37 15 185 105 175 -148 -2 89 186 -95 28 -198 -9 -63 -8 43 74 39 -166 26 -50 183 -152 -96 77 -144 93 -156 -78 154 158 139 -117 -9 -199 -94 -141 -144 -45 -190 58 164 -170 56 121 -64 139 -88 -152 -186 182 -132 -43 -85 -11 -58 -3 13 -18 6 80 -36 123 123 67 -133 69 104 -22 -105 166 66 -44
-131 83 -36 49 12 24 -99 -154 110 186 -50 186 167 -192 80 25 107 -89 -28 -45 163 150 101 -182 -187 -118 -85 -32 171 -118 -1 -83 149 -22 -86 169 35 -157 -65 -124 190 -64 -114 -153 -32 132 -59 70 -74 45 3 182 20 -4 -49 -22 125 -104 -161 60 -200 -58 -135 2 114 -40 40 32 158 -81 -82 -152 -106 103 -35 167 -51 124 -92 -20
-120 -183 -158 47 -125 -94 -162 105 -200 -3 -54 121 -107 154 -68 -131 122 -148 188 120 -75 -120 -61 -39 -115 130 145 -97 147 -33 145 -197 -62 25 92 171 -159 90 -72 -70 -96 -14 -92 -175 -44 183 -89 -44 155 -79 -63 -15 -185 113 53 139 68 -92 -158 -136 169 -16 188 -137 181 -65 169 -8 -146 -48 -2 -117 63 -161 -67 48 178 -179 33 135
156 3 -86 21 -147 -31 -56 113 18 -161 100 -171 -97 -159 131 -29 110 -57 106 -160 115 -89 75 159 17 -192 -159 12 66 -167 -103 -138 116 48 104 -59 13 136 72 -55 -119 101 182 -72 -111 -75 99 -91 122 185 -24 -166 184 16 -15 16 -137 46 -144 188 -127 88 -130 -135 -185 134 -41 54 43 -136 59 74 104 -60 34 -150 -62 -35 59 179
-144 121 -200 79 82 57 173 117 58 -65 -64 112 -24 37 -146 118 179 -105 145 -154 142 -132 -129 -196 189 73 32 178 -101 -19 -25 24 -38 43 -185 -89 1 -158 60 96 -110 83 -74 91 -5 -59 -146 51 -161 -123 53 103 34 16 -162 -136 -139 49 184 -180 -192 -133 38 -195 80 -50 28 140 -24 -194 167 -138 135 -27 100 156 158 9 58 104
-64 103 -183 -92 -43 151 13 26 63 -169 82 -10 -185 -80 -165 -87 -88 60 45 -49 -130 44 181 145 14 60 -13 -30 10 -30 155 8 -192 -131 -112 123 12 -162 6 -66 41 51 -100 -138 122 -181 101 -71 134 -7 -24 -8 32 73 103 -118 -99 -198 164 104 -9 185 123 -187 52 -17 -129 -79 21 20 -114 -99 -121 102 164 143 -53 -138 -134 27
181 -197 -31 -86 -65 -25 38 -33 -187 -180 9 146 64 -159 190 109 -158 -185 -87 -152 -129 -130 133 -100 -79 89 -114 -81 -42 183 29 16 -115 -196 -195 61 107 -194 0 -80 109 -25 111 -176 -114 -84 7 24 29 -65 61 -80 102 -61 -71 -98 -154 188 33 -63 2 6 176 -107 33 -27 187 -5 156 69 -20 -100 190 179 151 -179 177 66 55 -194
-75 40 187 78 -41 5 -80 134 164 109 35 127 -123 172 170 -116 -50 -144 -37 -101 132 100 -133 134 188 118 -139 -84 -175 121 61 -65 -11 143 159 24 134 166 -3 101 72 -195 151 -177 -101 119 78 138 -32 48 -176 -11 -41 146 -34 89 -119 185 81 25 119 175 175 -198 -150 -144 74 -163 33 -164 173 -60 -55 -93 178 38 41 -93 -85 9
119 -69 -122 -133 179 -112 66 -22 -57 15 14 -64 70 -167 49 112 -186 -2 -170 -62 -117 -147 -116 102 63 136 98 122 -190 -80 -91 -101 119 -115 -40 155 -80 -38 4 -26 2 -115 -130 -131 -192 -178 -75 16 -174 -9 38 -59 188 -127 65 170 92 -122 -156 -73 51 -87 153 -157 62 -13 -125 -1 -47 -52 61 -87 113 -88 10 4 -154 -193 -69 -171
104 126 -174 190 -176 -186 1 -100 -50 -61 107 112 119 -41 -58 -61 -98 123 137 85 -192 30 -177 -195 -171 -20 41 -147 -193 -166 -93 52 50 62 -92 -182 -61 100 85 112 -29 107 -126 -11 -85 174 136 -153 -177 93 -167 -138 3 -64 37 -64 -24 131 147 -87 81 36 132 117 -27 79 79 -61 -110 -56 -160 33 -80 182 -3 53 144 -124 -119 118
69 -77 -168 178 -80 91 61 -136 -123 -52 112 -141 125 43 -98 146 -49 89 -30 -59 -136 -55 -127 91 143 -153 22 94 -193 -122 125 18 54 -195 2 -197 99 -91 13 -35 43 -74 -120 11 89 12 -112 24 -171 -184 5 91 75 162 114 119 91 -76 -83 142 -135 -104 63 -37 110 -149 -2 177 -178 -35 -28 -65 -126 -114 -162 148 63 -200 -70 115
-198 168 -21 -98 107 22 159 14 -191 112 108 -27 126 178 -38 -26 43 -76 185 158 -142 153 -50 -79 31 -80 109 -120 31 109 -147 -62 -89 25 3 -192 10 48 74 151 -18 -18 24 172 -129 139 -186 -77 -154 -89 -10 27 -187 101 -200 11 -148 -48 73 -182 82 99 24 145 38 157 96 -113 60 46 -49 -127 38 155 127 -40 -157 -38 -53 -155
-188 67 -161 116 -7 32 -59 -51 88 136 -12 -147 -101 144 -120 -148 162 -42 -186 6 80 -51 70 -190 181 125 -191 25 -21 121 100 -83 -125 -189 -47 165 -10 -135 -180 -1 37 -147 -149 -138 128 126 130 -109 74 -178 -25 155 33 -136 -110 -168 154 59 75 -124 78 57 74 109 137 -136 129 189 -43 -29 -55 -93 -68 50 102 -36 -194 26 -134 -72
9 -137 -21 -1 -84 101 -132 -51 -63 -94 -101 -115 137 141 161 -198 66 -39 185 -160 119 145 -100 149 -82 162 -48 60 45 180 -36 65 122 -171 77 -181 45 75 20 -131 129 147 -4 55 43 -35 -90 67 -133 118 -159 -158 -91 129 -108 155 150 50 144 -58 -193 27 134 -156 117 150 87 -15 -110 -157 -169 172 93 -37 -192 38 -53 3 180 -123
13 -7 -189 -54 45 81 -13 -39 170 182 -109 68 -160 -9 -75 -30 74 -132 158 -155 18 170 35 -67 173 137 51 153 63 150 -197 -73 -8 -173 168 68 -53 -92 134 -68 20 17 -142 -101 13 142 161 138 -177 -195 -118 -4 -127 -135 -21 96 137 -74 -76 38 137 -68 179 -90 138 -102 -102 -193 -135 -56 -53 1 122 -142 117 -170 -177 21 61 131
40 -51 125 26 109 -171 131 -8 91 -51 -95 189 -96 -125 152 102 -149 83 -106 -48 -12 -142 71 78 53 110 -67 -197 -138 177 -183 187 135 -128 -87 -11 98 -29 -148 -69 117 -121 53 -70 -6 -28 -125 -193 -130 -124 -164 13 -125 34 118 -129 -18 -185 -67 173 79 0 -165 89 -174 105 -39 180 177 -119 -61 53 5 -70 -66 -16 -185 -109 -170 94
-104 -164 49 -67 -109 13 40 -181 -34 -41 61 -100 -5 -125 -159 -165 -177 -21 -150 12 -57 158 -187 -62 77 -160 -176 139 146 106 158 118 -128 -140 138 143 -129 181 -99 -55 -53 100 -76 122 162 -164 64 -85 -107 178 -35 15 -176 -85 183 113 -191 165 -182 22 105 -195 17 -162 -159 101 48 -122 -199 -111 -105 160 -17 113 -116 87 178 -62 165 87
-198 -105 140 -157 -118 156 19 -142 -101 -3 51 67 -5 153 -136 58 127 82 168 -100 10 27 -51 -146 -11 152 88 13 -173 -112 -166 147 -40 128 -21 -34 155 -172 -47 -149 -73 119 -71 -115 166 -38 -110 -119 140 30 51 -14 -21 -141 -75 161 -28 65 28 6 105 160 -198 4 120 -195 -80 173 -63 -66 127 167 123 -123 190 -178 -162 7 -15 -64
-38 174 148 -50 48 -55 54 108 90 -8 105 -32 28 -99 23 -78 -168 -51 -102 -174 -55 54 138 -107 -49 129 -65 -93 -7 -120 10 -183 27 -29 115 -102 -198 119 136 -92 -8 123 98 4 187 -96 -31 -102 25 106 109 -12 89 -120 -8 -11 -180 -184 -158 170 -1 -186 47 64 40 92 74 -129 -144 9 161 24 28 -31 107 169 -23 -142 34 30
112 -113 -56 33 -120 -27 67 8 3 49 160 59 -168 -68 35 120 -33 -81 73 -113 -193 112 157 -164 90 -68 -151 114 92 75 -107 -162 -18 114 -82 -24 -18 39 114 101 -154 74 -164 185 184 164 -52 -182 42 -167 5 75 -31 173 -24 -14 29 -87 -60 121 -152 43 -11 -101 47 67 189 139 -32 -144 60 14 -125 53 4 58 -157 13 120 -162
156 134 56 137 -60 -181 -129 55 145 -199 20 68 92 -40 135 136 162 -152 -128 7 -88 -11 -117 -30 -159 178 17 -25 -80 -59 72 189 -164 -119 -78 -174 -133 181 10 67 -177 23 -37 -155 39 -40 -194 -135 14 -149 -2 -124 142 154 2 -145 30 -167 -194 27 122 168 73 64 -79 -145 -164 -87 -197 -7 92 67 128 -100 -149 -114 157 -154 49 -147
155 -65 -183 -125 -188 105 127 -30 16 -75 -25 -85 -92 -16 162 14 24 33 -192 89 -1 -121 -44 95 -169 -99 9 79 -73 -18 149 -179 -105 -35 121 -93 183 128 137 134 97 -23 -74 -180 186 153 66 176 101 187 -65 29 37 136 47 -194 -141 39 93 3 -71 -56 21 -6 85 106 -128 166 -158 54 -155 107 -139 -200 -143 176 96 190 -164 158
-69 130 139 -123 -82 -10 101 -71 -112 124 161 89 138 4 -196 168 -40 117 12 101 -78 3 35 -76 135 164 106 -36 -21 89 132 -69 -38 -111 -40 128 170 142 -156 123 -88 -30 173 -177 -116 145 171 176 -5 39 -193 -18 -54 -30 -161 49 -188 113 114 173 -3 -78 149 136 172 -184 177 -46 23 45 -179 19 -63 -145 74 -19 -27 160 -200 -122
-46 -140 45 -126 -153 -13 42 64 -52 38 -36 100 126 -191 -24 -124 -149 -73 118 -148 -169 160 59 -158 -133 -195 -51 174 166 -122 -96 66 159 147 -7 61 30 -26 -173 119 157 -186 32 -136 37 -4 -142 184 -78 108 -82 -63 -80 -137 5 -96 -116 110 -181 92 160 116 5 132 -152 133 -24 -186 -36 -175 -72 -66 64 72 176 22 -70 -177 111 -67
-98 146 166 -137 113 -81 -147 -110 -54 15 171 -159 17 149 7 -89 -145 147 -126 121 116 -13 -82 149 -172 -5 62 -163 -119 -148 171 -171 -67 167 -25 -115 94 -195 -93 124 -84 -37 -157 -61 63 84 -13 56 -177 177 88 -47 119 190 39 -144 35 123 181 -72 181 -188 154 -156 -167 -128 -154 -195 2 -43 119 112 -147 69 55 -137 122 -7 -179 10
-180 186 136 -31 48 115 43 58 -91 44 112 -39 -132 -62 -128 152 86 168 92 -184 0 3 177 -110 -150 81 -6 -4 80 121 -8 -116 104 12 76 -79 167 -118 171 -126 -67 61 -36 13 91 -27 -103 21 -58 -105 -125 101 137 -73 -56 -40 -188 86 -40 -26 51 163 149 -172 -126 -18 -184 -61 -167 116 174 7 -188 -16 24 -35 -85 75 -174 2
112 39 187 -145 34 51 130 -20 135 64 -140 80 -95 122 -97 167 -147 187 73 -60 180 -83 40 176 -46 -108 61 -180 -4 138 156 -185 112 -155 -96 -60 120 41 130 136 95 126 121 -199 -52 85 1 -34 49 186 -54 16 186 124 153 -11 -37 -89 -5 187 107 5 80 -111 -82 -32 93 19 -122 -158 99 75 -65 99 -107 -165 25 145 131 105
-151 -197 62 170 103 164 -180 -128 -32 -47 77 -115 -184 187 -146 181 146 -120 -83 -116 -101 130 -73 157 -123 -6 -96 185 -26 -182 91 -199 89 162 -61 131 -72 32 -124 -13 -48 72 124 54 72 -76 -53 -91 80 -39 -70 -97 -132 -22 133 -134 166 -47 74 151 119 -156 -10 97 -55 28 190 190 -71 151 160 -173 108 -138 -94 -84 -124 117 -118 5
-58 123 0 -159 86 150 -176 30 76 -151 -167 -176 -92 129 1 109 -124 -119 106 14 -150 139 43 9 -187 -144 -101 -174 34 -82 66 -91 26 190 21 68 87 -191 74 132 -60 51 97 128 -182 -91 -173 -190 -101 -126 136 121 -29 90 -155 114 -197 -123 173 182 181 62 34 -14 -4 89 43 -107 -5 97 -160 -174 -198 -123 -185 -78 139 -38 51 -108
10 31 -38 13 125 -140 159 -176 -168 141 97 167 164 -72 -72 20 26 -118 -116 4 63 -139 121 160 -5 -79 -69 40 -115 7 -19 123 60 -187 34 -79 21 -128 -171 -55 107 -145 157 -63 172 55 -137 -106 -159 127 -43 176 -50 -134 -66 96 186 71 161 -30 -97 -66 -39 125 133 180 109 176 -187 -117 168 -195 -173 79 85 88 -85 118 -44 87
-23 166 -197 -90 45 29 -175 35 -12 -12 188 69 190 -133 4 -155 170 33 -120 76 1 -139 145 -117 -183 45 -86 158 34 89 -144 116 37 92 -101 -149 -144 44 62 -125 177 -76 -17 1 130 -61 140 -101 -88 -133 164 -21 19 103 153 100 -169 81 159 190 -75 -100 159 42 164 -45 0 57 -49 -82 -161 42 -23 19 84 111 110 105 -84 -82
22 -15 -41 -136 -172 113 -119 125 139 63 -93 99 2 -14 123 15 86 -6 -9 139 -100 161 68 118 60 -167 -106 125 -107 33 5 52 12 -41 20 -78 -43 37 -79 185 -186 16 75 14 -112 -50 28 107 -12 111 4 75 -122 25 -118 50 -171 -191 -22 -130 -44 -17 80 185 -22 17 116 161 -99 -5 -11 74 -117 17 -109 105 -79 180 141 -174
-101 92 1 49 -1 185 -1 38 -119 -192 -172 147 -167 -126 -45 51 163 -129 -86 -23 114 -31 -104 -196 -27 118 -31 85 38 39 -14 -188 140 -112 -126 175 -27 183 -117 -46 -4 -93 44 -139 139 115 -53 74 95 139 -135 -172 -162 4 113 -137 -123 155 -75 -179 187 -51 183 100 -28 79 -88 94 -77 -152 -125 -142 -11 -44 -184 38 94 72 21 28
-132 65 -198 -154 19 109 -141 -190 -99 168 135 -119 66 109 -123 9 -55 163 71 73 180 135 -35 151 -33 169 86 114 188 155 30 -3 105 117 -28 -142 51 -13 45 -183 -87 95 -161 59 104 70 30 -188 38 -176 -67 -96 -155 -72 31 127 -26 121 -58 -108 157 132 151 -20 -134 169 -145 -19 146 -39 56 122 7 -115 105 -160 -4 156 139 -89
-71 -166 187 -45 104 -60 -15 20 -48 12 86 121 -53 11 97 -140 -187 60 179 44 129 -13 -180 -7 -101 171 172 86 -82 -55 169 -37 141 -35 149 4 -167 -86 -55 -181 -54 22 189 136 14 100 -167 2 65 55 134 87 -115 -178 68 118 -26 134 -139 -95 -192 151 9 -97 -177 -120 116 92 67 184 -99 -65 -90 -28 55 -10 53 43 -108 -114
35 -174 -135 -62 96 -175 -14 -158 109 -75 -102 84 106 112 -149 21 177 -107 137 -141 -15 -48 -122 -125 38 43 60 -44 -22 -29 9 -161 -58 120 -100 44 27 -98 -161 -131 148 -87 -73 34 -148 -13 -176 -79 138 69 182 -99 -162 7 -193 -22 -27 159 -191 -80 50 70 -188 96 46 -98 185 143 -132 -52 35 -157 -44 161 -157 13 -122 -76 30 -183
190 170 -182 -156 -96 15 -136 -175 133 -158 -121 -148 -159 17 185 190 -52 -7 33 50 87 96 -68 77 21 -138 -4 -193 184 128 158 20 -177 19 -188 121 -32 71 115 -169 -66 -51 -37 -132 82 -166 -45 -83 -183 -21 -66 -181 -64 164 0 140 118 190 92 -173 -126 -109 -16 -37 152 -130 184 -111 155 -81 73 130 49 29 -69 -142 -174 71 49 -108
-112 -90 22 -101 98 71 -100 118 104 89 115 101 -195 -88 25 134 173 77 162 -88 -66 -195 15 -198 182 159 107 181 19 -49 -25 139 177 -149 -172 -127 -22 -151 129 -55 -67 -53 -4 28 -62 161 83 -75 94 37 -7 -185 -189 115 -17 79 -180 173 -29 7 106 176 -123 174 -192 -8 104 -49 42 -115 17 -114 -86 45 -39 -47 -180 -137 -15 156
148 -138 -186 -121 -130 136 56 -113 -46 -76 -2 110 -67 -2 133 37 -92 82 -74 21 13 -105 138 -113 3 -157 17 -120 -135 162 -2 -74 -164 -105 -14 -44 -125 180 -56 -18 -106 -35 58 29 132 -73 -161 38 -21 -156 185 -13 -135 126 -88 34 -48 -6 -2 90 -79 -198 161 -196 -130 -66 -63 115 38 102 -196 8 1 61 98 -159 -156 172 -44 -51
65 -27 -195 -7 -50 -96 138 -116 120 -116 -88 -194 177 -137 125 51 -34 -157 -71 -32 -109 -128 -112 75 -162 58 36 -195 -87 86 -31 158 71 -48 -144 -173 28 159 85 -12 110 106 -181 -73 27 177 -133 -93 154 -88 186 50 128 -100 -90 -7 -172 22 -180 -176 124 -73 -30 -156 91 98 107 -190 137 1 -92 82 117 181 41 -160 -37 30 184 39
62 -9 -117 49 -46 -133 100 -114 13 -97 114 -88 -153 -7 -14 -63 116 34 47 -106 162 118 152 -3 45 -167 -130 -187 147 37 -183 81 112 -96 177 19 61 -83 -160 -72 -129 143 -106 -176 102 -149 32 134 180 76 -73 -92 153 14 189 -65 -138 22 -143 90 75 -150 -33 -99 20 -196 -8 -23 -181 -31 -44 -47 -2 -165 49 -8 -146 -52 -16 115
21 -65 -42 -170 185 -102 -156 -32 27 80 -167 171 -178 122 56 -70 -197 70 -120 53 -142 -119 108 -29 175 54 -192 -174 -152 -74 86 -70 -101 -162 -17 19 -120 142 143 56 31 -5 -40 -179 56 -138 -39 -128 36 9 89 -126 -177 -65 -118 119 -84 29 -177 0 119 -158 -15 18 -42 65 126 48 106 98 115 -30 -46 -106 -69 -138 82 23 -100 -160
29 -38 73 -190 -109 -73 -50 -135 6 2 101 14 -164 -105 0 -52 152 -116 -148 -154 19 -176 -134 61 -23 -132 44 73 0 -54 -189 21 -172 121 5 -61 112 140 -27 140 -39 -191 -179 61 -157 127 -130 -144 161 42 -173 137 -81 -80 -86 12 183 17 -20 180 138 -200 -152 122 -85 -7 -43 178 181 -37 93 -67 26 -5 151 -121 75 -45 -26 18
141 -93 -92 -97 10 -111 -129 -53 48 130 152 -128 130 85 13 -47 -143 34 25 128 0 -78 36 -139 -46 30 103 -185 -111 -161 -190 -48 -130 -26 156 -195 -38 -124 -135 -150 -108 154 -10 -179 1 -112 -170 -161 -26 7 -96 -145 -120 35 106 171 -174 -98 77 73 -134 -139 88 -78 -179 92 161 147 114 91 -74 -141 -101 168 132 32 -75 187 34 -96
-157 -90 -83 -68 112 -194 91 -170 15 92 -56 -11 -97 120 67 138 -164 109 72 -123 77 113 17 -117 -3 -17 -68 -71 68 131 -180 -81 177 112 75 -4 -162 -116 -6 -131 -92 -193 -199 -143 87 140 -164 -56 21 116 36 145 -127 -77 -88 109 -186 80 40 -182 149 145 59 96 -170 -81 -96 154 -173 -151 -158 -195 27 170 135 -66 -136 96 55 -58
42 64 24 -92 -119 -182 147 80 -12 94 -126 132 183 -67 139 -110 -153 90 -192 -97 3 36 182 117 76 -17 -66 124 -137 143 95 -147 156 180 58 -58 -101 71 -136 -91 -159 113 174 31 -186 6 45 131 29 -7 -119 -19 174 -52 182 -144 110 -33 166 64 -67 -188 174 -85 -185 99 97 -130 76 -167 126 148 -165 -138 -111 10 126 70 24 -178
