80 80
-162 -56 -21 -40 62 -71 -69 140 159 -121 67 134 -144 90 50 58 130 60 7 -129 -94 140 188 -105 22 134 60 -143 -143 166 174 30 91 163 91 -76 149 183 56 1 108 -33 -20 118 -162 56 74 199 -84 67 44 194 138 -28 -3 166 -91 13 184 -167 -82 131 0 -189 174 170 147 -150 155 6 -139 -163 33 -100 35 -161 40 6 18 -96
-182 -168 148 134 -128 153 -33 -32 -160 -160 65 179 -35 -145 -8 -158 41 -37 19 -81 -20 -64 -145 -189 -133 97 144 -132 159 -167 -79 91 56 -167 -99 -52 -35 136 -164 21 60 169 -188 169 162 -9 -174 -182 116 76 -148 -53 -152 -8 102 -156 68 153 -91 200 -33 124 179 89 195 70 95 -107 141 -46 -65 -183 57 -57 16 33 66 -137 73 116
-126 41 60 100 138 69 -1 -77 -165 -81 -181 -160 -158 -85 -178 -104 -86 104 143 -104 145 -85 -73 -28 -99 33 92 52 157 -132 90 26 190 -14 -143 -123 80 200 106 -171 -184 -151 199 16 -39 22 25 -148 -2 -153 -19 50 78 -175 -112 -97 102 -2 61 -84 170 144 -93 -163 -140 -75 47 169 178 25 58 104 -94 136 148 -100 132 185 34 -148
138 46 -182 -95 103 134 36 -151 -143 91 -167 -182 14 -13 -47 26 -114 -2 158 169 51 195 -155 -113 -106 45 55 190 166 -14 43 96 127 -108 -34 20 -69 117 160 160 158 -141 -44 166 132 77 43 -67 110 -186 -115 35 80 -89 -25 186 -176 -154 180 184 -50 -54 -176 -48 96 -20 6 21 -126 84 59 -112 -101 -27 -113 55 -122 166 -86 -188
45 55 -133 135 -38 -190 46 2 106 -184 79 111 139 162 177 60 -14 -92 185 -87 22 130 -175 15 -31 28 -153 -182 -53 -154 -14 100 -101 105 189 171 33 189 161 -138 -152 -96 150 -85 0 -140 -183 117 196 168 146 190 -4 -38 79 -5 -18 153 73 178 86 -18 71 176 -82 15 77 -29 18 -117 21 167 17 100 -50 -173 24 -96 70 -185
189 -171 -163 0 197 63 28 105 122 108 108 -98 -61 -11 -181 90 -95 -126 158 -69 193 -29 18 -104 114 115 117 -63 -28 -102 -182 26 108 152 -92 -10 9 -24 129 -47 78 -130 -79 145 -164 -38 141 78 92 -116 -176 28 90 -81 -133 -74 79 -165 194 150 158 114 -93 -177 61 53 79 0 147 48 -158 -38 -43 133 90 -140 192 -142 -21 -25
159 -15 181 40 89 23 48 -171 34 -157 -176 -47 27 -97 151 140 -123 25 -83 -168 71 123 16 -32 -71 78 118 -25 160 13 -159 -70 9 76 -114 21 23 -113 97 194 9 -113 23 -45 146 68 174 66 -36 -19 123 109 195 145 84 108 -76 110 -123 -63 -145 -98 158 65 166 170 -167 154 -44 -165 194 -104 135 -96 -118 -142 185 60 4 -161
166 37 -175 79 -35 -106 49 -25 35 -60 -121 194 -170 103 -25 15 4 -9 5 -1 139 100 26 -120 28 -116 39 43 -81 -24 -117 174 -42 -136 192 46 35 95 -10 -67 -96 48 -18 30 109 16 88 -20 -30 -132 134 66 55 -131 -65 -8 59 154 62 -89 114 -26 91 137 13 -108 186 131 -150 -99 35 -183 64 -145 183 41 0 129 -144 -33
-181 17 -125 -7 119 108 152 -148 82 -77 174 70 27 61 1 129 -91 22 193 -143 -176 186 49 -23 -146 -97 -67 -83 92 -145 -137 -150 -3 -105 -31 -116 65 -133 149 -178 2 -16 93 -4 10 -84 118 162 93 -11 -41 -40 35 -50 159 19 -104 -83 -62 179 -167 147 72 -172 -183 110 83 -129 57 -78 92 -149 3 -64 -83 -170 88 -112 -84 167
-47 10 34 28 -112 7 66 69 -92 62 193 -114 129 -45 -29 164 -73 107 25 46 -158 28 99 -152 112 182 -181 -171 -68 -118 -186 70 -115 48 73 53 -88 -51 -26 198 197 -179 -177 99 196 -98 -150 -64 105 190 171 -3 -37 -111 58 -190 -27 -56 -28 -91 185 -155 143 -108 -181 -75 11 -13 -95 148 -13 -23 -51 4 113 -183 149 136 -22 -40
18 121 -91 -33 90 -45 96 52 19 -74 94 86 -100 -156 72 23 -86 149 44 -101 105 -120 -20 -41 166 -85 -154 -152 150 7 93 108 49 127 -132 162 147 68 -21 -110 40 118 -147 114 99 -100 146 -71 -129 165 32 159 59 48 58 102 35 126 -9 122 73 128 -170 189 -73 -106 -7 58 -119 -3 111 140 19 -174 -135 -68 -14 84 102 77
74 -77 171 163 -83 29 -42 -149 -149 -184 51 62 -70 26 114 125 -92 92 193 -141 -77 50 28 -18 -129 151 -127 -90 128 113 184 186 151 -108 -72 95 -43 82 -153 186 34 -156 -28 140 -16 -87 -125 -111 -63 116 34 125 82 135 75 170 146 7 -90 -59 -31 197 40 -149 7 -66 133 -41 151 139 -72 172 -176 162 118 19 98 34 24 -29
195 -57 -122 -23 -21 -30 12 96 -174 -88 151 64 -99 63 65 191 152 200 86 -80 -170 143 -85 -155 94 163 -109 -82 -95 105 196 -61 172 -38 -76 -177 -6 -188 185 61 -97 -169 -3 -68 162 74 59 -119 -153 188 62 162 -70 179 -64 74 -170 116 195 -34 33 -166 -172 120 111 -151 -160 95 36 99 -48 164 -149 -187 -11 -24 57 110 -128 -35
-5 38 -66 -183 -146 -113 -81 -142 -156 19 -107 -134 -185 -107 45 -145 133 83 -100 29 -148 19 -93 49 194 126 -143 -1 192 78 177 101 196 90 -118 -51 133 -32 -161 4 142 76 114 37 -31 115 54 87 -59 -2 -77 -5 -3 -32 194 -84 80 101 -87 146 112 175 -46 20 -98 180 7 -80 -54 -163 29 -96 -103 124 187 18 65 -61 85 21
-56 159 19 -142 -172 169 57 -23 119 18 -49 -35 -19 -186 114 176 -24 111 190 -167 137 196 61 122 187 -176 82 -138 1 155 -11 197 -143 155 21 -39 124 163 -110 -73 -137 91 145 141 175 138 -136 -26 133 108 50 85 -38 -173 191 -23 -29 185 -178 28 6 102 172 -108 -49 135 38 185 80 95 188 -8 -176 19 199 163 -12 -43 40 27
191 47 -190 -154 -125 63 -84 -130 87 -153 96 -123 -25 -153 -157 -112 6 177 -22 -123 -66 -102 170 30 169 -59 125 -68 1 -17 26 59 -47 -8 -80 118 -163 -11 -131 -152 36 -17 132 19 49 8 -50 157 50 195 -62 -27 63 -69 -72 -62 36 200 -121 159 174 73 -163 53 -134 -94 48 97 -179 81 -185 -27 51 90 -88 116 -177 109 -60 15
193 -64 155 -163 -164 -163 -131 -185 198 153 75 -159 -86 -156 -94 -42 112 -71 -187 142 -45 55 -170 128 75 80 63 -155 128 -43 -96 129 -93 32 107 -51 -128 -188 183 188 169 -189 -20 165 -188 8 82 -66 54 98 119 154 -181 69 -120 -66 25 170 -35 -184 -146 127 73 -121 -167 -8 81 -189 -83 -50 -22 72 -170 25 54 -150 -92 93 -72 -171
-125 0 28 188 -67 5 -173 -121 108 181 -59 109 -154 20 -20 -133 -65 -18 123 145 120 -143 -62 -94 -170 111 182 -53 23 -56 -139 44 -42 77 80 136 117 174 118 -11 -162 181 37 134 165 123 -54 -134 145 -112 -99 -2 -59 -159 -112 16 -42 122 133 -19 -147 -168 36 45 -82 -74 181 -25 95 -175 -16 -107 42 69 -39 137 -159 -73 -167 72
116 -112 69 141 -105 -27 8 -5 45 21 16 -44 17 -33 -111 -3 -12 -124 76 -162 -73 126 21 57 156 -182 162 -158 -119 -171 -2 -119 167 -42 67 -139 159 -129 -79 107 186 -78 -173 -125 136 -87 -126 149 199 92 2 16 44 -51 -72 138 75 63 119 -190 109 -112 -62 -116 -48 175 -83 33 -101 146 199 -143 107 104 156 -79 120 -119 121 183
140 133 -58 87 54 148 -76 -93 -73 -180 43 145 -106 -142 9 -64 95 123 18 92 86 174 -115 189 -9 -163 66 -181 -94 66 92 -29 145 -12 -33 28 -109 198 85 -72 -65 187 -132 -144 -111 37 11 165 -55 -20 -100 194 63 103 53 4 121 155 -108 -74 98 60 -189 128 56 -77 49 197 175 196 12 -164 142 -120 118 -83 -43 28 -78 -127
-190 37 -37 3 -95 179 126 32 -102 177 49 71 180 123 -10 -179 -34 -150 196 195 9 -141 8 194 137 -169 -40 168 46 -35 -3 42 63 -33 -73 77 -84 -96 -20 -84 -92 -148 78 43 124 85 64 -95 172 -116 -162 -12 72 115 -99 -71 128 17 -172 35 -72 -157 -165 141 -10 -153 -165 -134 -72 -71 98 159 -134 -136 -13 123 109 -186 172 11
74 -137 -172 97 176 139 -55 72 -56 111 -166 -89 108 -41 170 -98 -113 -171 -186 -171 20 -3 104 192 55 163 -100 39 -46 -64 129 -102 -185 37 -2 185 -20 89 -122 -60 -132 -1 -51 -162 118 -97 34 -34 62 128 71 32 -63 -187 -165 113 179 31 -113 159 167 68 12 145 135 108 30 156 -151 175 92 -129 32 89 194 -90 8 138 -169 66
167 -187 176 177 132 51 39 134 -174 23 -166 199 -1 -99 28 -122 155 -63 -106 -187 147 -189 100 180 177 177 -167 -84 81 115 121 124 -17 -121 -41 -86 76 26 -152 -37 176 -111 112 -91 122 148 101 66 44 -98 -161 93 54 1 80 -108 43 115 151 112 -18 -119 123 -37 -146 -136 -1 132 121 36 147 128 49 46 -76 -136 103 -129 33 153
37 -108 -177 -72 -126 184 148 -49 91 2 170 -166 -126 135 144 -18 -125 -33 -38 89 -188 162 145 172 144 15 -38 -125 -182 -128 142 86 -76 -105 -56 15 96 -149 92 -10 -40 -133 -73 19 -41 78 121 -160 -76 -100 111 -109 57 84 33 5 -176 113 181 151 -42 -156 -150 1 152 -152 -67 6 178 6 -47 93 -117 -190 -54 -148 161 184 -105 14
-53 107 -102 47 11 -114 129 193 -187 176 188 176 -93 171 18 111 45 81 -50 43 57 -165 150 -93 -171 -3 -91 -183 114 94 174 -79 123 -30 -187 118 38 -61 -93 14 66 -8 -59 -6 -36 -147 -96 -92 -100 65 -109 169 45 -111 167 -92 80 89 -177 17 -96 144 165 126 -159 70 78 -16 137 115 -90 34 -79 15 -83 -100 -8 68 -188 60
139 -47 -9 -91 -57 111 -30 57 -15 60 -149 3 -115 63 -28 47 92 -97 8 -11 -183 52 15 -166 -125 -131 147 -78 52 -46 124 -142 48 10 -157 -15 38 -46 -35 98 5 -176 128 -30 -170 11 -187 11 -143 127 -71 -140 -41 188 -103 -95 -27 -69 164 -126 158 -64 -39 -133 24 -91 61 23 -172 -69 -35 93 109 75 -110 -4 77 119 181 64
115 124 -76 3 -117 0 -89 -10 168 141 77 -123 -8 -170 79 -4 -78 5 162 40 167 -41 -166 115 -40 -170 -107 60 -67 -171 -106 -172 -63 186 140 159 180 -151 124 -112 -62 82 119 -182 21 61 81 131 138 -119 -8 -124 45 -169 4 35 69 -114 171 -11 65 68 -100 -32 164 9 -6 43 92 82 -55 112 -45 -116 101 119 -72 -8 181 -135
-104 -170 -177 39 -56 99 -117 92 126 -48 -177 80 69 -190 -126 178 -86 -188 -62 85 23 101 70 -21 -63 200 92 -86 130 110 54 167 134 -187 69 -95 125 175 43 19 -76 -184 45 -145 9 -31 146 130 -121 -180 142 -87 -40 40 -103 182 -149 -114 140 -75 -29 18 -19 -75 -73 200 146 119 111 130 -107 52 -66 -92 -37 -164 97 11 13 136
-103 188 -166 123 -173 -94 58 -128 18 115 -87 -107 29 -174 -174 122 135 106 -179 -21 -76 72 -59 -24 22 -11 140 -48 68 56 107 -58 27 43 45 -50 -177 -92 115 -120 40 120 -75 174 115 -19 146 -53 -29 126 90 -94 32 -66 -90 127 -183 21 -84 68 86 174 28 12 19 -81 -24 -161 38 167 -107 14 -2 177 184 -48 102 -190 -41 -98
-129 161 14 -95 -9 138 -32 -100 31 81 33 138 112 -42 -45 -73 172 -83 -175 -116 -84 -66 -12 85 175 99 19 -35 -22 -150 -164 62 102 -143 194 -161 181 -27 -148 175 126 58 -6 115 133 120 17 -48 -65 -26 -33 -177 -90 161 76 189 -15 1 -109 -190 -96 -107 184 -94 -147 61 10 17 96 -125 -93 105 -93 190 199 4 199 -89 178 185
60 130 121 64 83 137 18 -92 -75 85 151 200 -118 149 95 -188 -128 -120 -177 -138 176 -10 82 90 137 52 -73 -2 -7 -19 -64 -136 -170 45 -58 -45 131 109 148 136 -125 -76 177 -122 61 -132 -35 -34 52 144 184 -16 6 -40 -135 -137 89 -40 143 38 -42 49 25 -88 -52 -40 32 -95 -136 46 -2 -176 29 -141 167 133 -25 144 73 52
46 125 -19 96 113 182 140 -33 122 178 189 153 154 -31 45 -80 -149 -88 60 30 -150 -182 -23 92 104 180 104 138 176 -104 195 90 35 -126 65 -23 -108 -168 -60 -108 66 14 99 120 90 -63 86 114 -103 -146 -118 58 139 23 -128 145 66 -170 124 -66 -40 -96 -110 -159 -125 -105 94 -119 49 -86 148 -122 -23 -115 -170 147 -7 -24 -190 191
-134 -163 -113 -58 98 52 -12 -10 100 21 46 -172 195 -54 186 -131 -52 -36 164 192 67 81 163 186 -103 -106 -128 -93 -89 39 -36 -132 -125 87 32 -138 182 -38 51 157 83 -66 -84 141 -152 -58 200 110 186 -146 8 -131 95 26 -113 196 61 -85 -6 164 72 -15 -106 116 -67 52 62 -139 101 -151 -177 51 122 161 -15 -147 38 63 -179 17
127 46 176 -180 -157 70 104 -43 19 -126 -49 49 122 22 96 188 -146 124 161 44 193 -66 102 22 124 23 -133 -8 35 2 150 70 -72 10 -143 166 81 -80 159 -155 -71 111 -33 86 148 -20 93 -70 -141 189 12 151 -147 -179 122 -119 -72 141 -173 -82 14 79 67 -25 88 -101 -83 -187 -165 -78 -158 -16 -2 23 65 37 -52 82 -39 -53
-147 123 101 108 -87 46 -29 51 -5 -180 -40 -177 -113 140 165 198 -133 54 88 38 116 71 -176 56 42 27 137 186 -88 -69 185 21 81 -111 187 136 -171 14 -31 166 -61 -94 187 -160 -7 -111 -93 129 167 86 1 -99 -164 -142 120 -54 195 -180 44 68 179 51 -106 -39 182 194 151 162 -95 -170 68 -91 -106 22 13 -155 130 -138 40 159
34 -129 -70 -15 93 -17 151 -34 119 -91 160 180 181 197 115 81 -63 80 -36 78 -100 82 106 -92 40 157 -188 -107 -118 168 173 7 119 163 185 131 -9 -151 98 78 100 69 38 -78 -123 125 81 -39 170 -46 64 -163 -137 -116 187 71 -46 -130 173 89 143 95 -118 -24 10 -5 58 52 -29 79 -150 -188 -97 -131 -185 41 140 69 -82 16
16 15 107 -41 197 99 -79 -131 -104 159 -81 -54 -147 -35 102 -79 -187 -104 72 -184 -156 -138 128 73 -63 157 192 63 149 -90 -179 -123 163 -111 -23 -29 33 -149 45 67 -18 -136 195 35 83 90 180 7 -86 70 -89 170 61 128 -51 -174 -108 51 157 -61 -174 -182 169 -104 62 91 121 178 -27 182 -159 -18 95 57 -38 183 -87 -130 42 105
91 176 24 24 106 -178 -13 -175 -35 -146 22 17 -173 81 -120 185 146 171 34 43 -145 129 42 55 38 -154 -178 -121 -128 84 183 -40 109 28 -135 9 -34 175 -60 -159 147 -141 -142 160 14 -16 29 -28 119 -136 -151 12 156 90 199 156 -97 -39 -153 185 147 29 152 74 -176 66 124 -83 69 -167 -75 136 -148 -99 -174 -4 94 53 102 -153
163 -187 157 87 145 122 -79 -133 -101 65 -155 -30 -68 183 -12 -20 10 116 -11 -160 -66 191 -157 91 156 170 148 195 81 -171 -89 73 -19 -30 -96 -130 61 94 -157 -83 -94 -184 189 71 95 172 74 154 67 -86 -63 -143 143 120 75 -183 172 -26 -174 -120 162 -177 129 -34 97 58 -166 148 28 -11 -159 128 29 -153 69 113 7 -8 -143 -25
128 -35 192 -15 -178 82 145 106 55 -169 90 139 -41 118 164 -121 187 28 30 -123 -15 40 55 44 -166 -157 174 89 144 -21 6 -66 161 17 28 -60 171 198 55 124 52 197 -72 -132 -98 -99 -95 -92 -84 -7 186 171 -173 -86 -166 53 159 -181 23 103 28 -126 -29 27 57 -104 -13 -112 91 -168 97 31 104 -64 196 39 -102 -112 25 167
-14 -95 -94 63 -39 -55 163 -163 63 165 52 134 -90 114 44 129 -78 30 140 -15 12 -51 -28 -135 78 10 -185 -186 -75 33 158 -17 -180 -46 -81 -38 181 -109 -78 102 157 -63 -71 -179 93 -115 -189 -93 129 -145 -161 -56 -94 179 -116 103 -107 -99 158 -60 -33 -185 146 -1 -33 91 -183 -3 123 -104 35 61 158 70 -59 0 121 168 132 180
16 -189 -61 87 -190 74 -76 -79 -106 77 -79 19 -76 123 64 -39 3 -51 39 96 152 43 -102 30 19 198 -154 -69 -182 161 177 -165 -136 165 32 -176 117 97 -83 -63 -63 34 186 -137 -53 -44 -84 167 100 -116 163 -138 -125 12 -6 184 75 146 4 -29 -174 -27 127 -159 96 136 -113 -85 54 -175 -58 34 -127 -75 -60 172 -79 143 197 -102
-180 -166 149 -162 138 -38 186 88 157 2 -80 -90 -32 39 171 -119 -76 -11 18 162 102 187 -99 -106 39 117 -127 -160 72 -94 88 96 -36 -62 -20 -146 -83 -189 -2 -55 27 -154 -18 -96 -186 27 163 -172 -17 180 132 180 -30 -110 -26 46 61 131 81 -132 150 -166 174 -47 -54 -42 157 -74 -93 -55 -139 29 72 -9 134 196 33 -18 129 -184
190 118 173 87 -117 192 34 160 8 -132 82 -82 -190 23 115 111 -4 -55 46 -54 -134 -108 4 62 146 199 -67 -4 -58 177 84 47 -53 179 -64 -153 -134 -62 125 195 -141 174 188 71 -101 190 28 137 22 -88 -105 4 -142 -51 -24 89 -24 183 -135 116 72 38 145 189 -135 15 -140 -79 160 157 -130 148 64 153 154 -186 25 52 117 42
166 -152 90 -160 -29 -14 20 -28 73 -97 -147 66 130 76 74 191 35 -149 91 -43 -158 25 -61 -81 -42 -42 -161 35 136 -56 109 189 20 58 200 -61 0 -29 -77 -65 78 -121 -59 105 105 -54 -150 -39 63 30 -169 87 160 79 59 120 -87 121 -142 -110 80 -189 -110 -28 40 -102 -181 -189 61 164 79 -164 -68 150 114 47 83 -155 92 166
-97 -91 111 -1 -185 35 -149 -143 150 -2 142 -60 73 -77 120 44 -181 -152 -101 168 -50 55 -177 -186 7 34 117 97 128 158 72 161 -150 -157 18 -138 -110 -162 66 135 -57 197 33 152 12 63 146 50 68 112 46 131 -81 -158 -11 41 7 77 173 147 -40 111 -146 -183 -90 135 -109 -156 171 -115 111 -96 103 151 30 151 97 22 83 12
112 161 144 32 17 -130 137 175 -89 -176 -1 -1 9 -138 35 -161 -62 29 2 -26 52 35 -137 34 7 61 194 -33 116 -14 -15 -121 -108 122 -76 -101 182 -142 57 176 -48 -130 -169 -142 72 -178 151 10 27 145 57 -135 -76 91 42 169 -137 106 68 145 -73 -2 -44 0 -169 160 49 -72 -168 14 141 18 -102 26 -130 -170 124 61 90 87
-157 129 -72 -164 36 124 74 54 -47 -166 25 199 -142 -22 135 -155 99 -66 -25 172 -163 45 91 190 130 15 109 -19 111 -106 82 108 -179 -117 -127 70 -152 166 135 -99 93 189 -167 43 174 -17 -167 16 -29 -73 12 -147 -144 69 85 -119 88 -123 -34 103 -141 96 -60 57 -72 -150 -59 -126 78 137 -111 25 -127 -99 46 -115 28 -156 -15 -45
132 -127 108 -117 141 133 -115 124 106 -110 -21 -66 173 -19 134 108 118 -148 129 188 -46 144 193 -6 57 118 -123 194 153 86 -176 41 -145 26 181 -111 -54 105 -164 -91 -165 17 194 57 172 23 -79 183 147 143 -137 32 -132 -183 -144 -119 69 -106 15 -9 -71 22 -42 43 172 197 -87 76 -161 -134 -149 165 -151 159 129 62 28 -72 177 155
183 44 176 -49 159 33 75 -51 192 -12 17 -165 175 76 114 9 176 -78 -106 83 -54 -148 -43 -53 193 -151 -169 142 184 66 -159 97 157 22 167 -23 46 169 -129 -170 -136 135 -160 -142 34 116 -137 -62 190 133 94 -137 -114 158 -145 44 -50 185 77 22 -180 -158 91 31 -1 -74 -154 -65 -57 182 -187 -62 1 34 -3 -116 9 87 167 -97
-133 -37 -71 76 -138 -166 178 65 198 -142 120 -104 -69 108 -130 94 -147 -129 116 -119 -11 -174 17 -31 -126 191 -170 135 -128 84 84 -187 82 94 76 -93 -25 136 9 -144 163 -148 106 -167 -101 -128 -189 96 52 161 -172 185 145 -59 -31 110 -169 126 -23 58 127 151 -58 196 -143 -156 -48 -174 -56 187 -185 108 -190 193 173 -152 177 -23 119 97
61 191 -129 -134 -144 -120 101 -34 194 -95 195 163 -71 -93 -27 41 -32 -53 172 -10 -52 84 92 -176 192 -65 151 -67 -143 138 75 -183 -53 190 -47 14 168 -87 111 129 -181 -32 14 -89 85 -126 178 26 79 37 -27 -79 187 -129 73 -169 -58 191 -1 181 -155 36 139 36 184 -106 -119 40 -29 -102 -22 -97 114 66 61 126 51 48 6 -77
-30 -72 48 -71 -172 124 -12 93 22 -73 181 116 16 81 134 134 -132 135 129 -64 -68 -72 107 17 10 -116 180 194 -47 -81 101 -68 -14 -54 113 -71 -171 -33 103 -126 -78 14 -41 -170 117 -123 -49 -118 -174 -145 -188 58 -50 -138 -167 167 -107 167 115 145 94 -15 126 -77 45 56 -74 62 -88 -140 -59 -109 76 -103 189 97 -82 150 -168 173
-138 -162 35 -5 -88 33 129 73 196 -180 -98 -80 56 129 46 -4 -11 120 125 32 189 -37 -64 -22 -28 -169 123 -62 -188 175 132 198 30 -54 50 181 104 -18 166 47 -95 -100 -189 -137 -174 42 -11 22 189 -37 -136 194 144 120 0 145 -144 -44 -79 -63 -189 151 -3 155 -103 -61 31 -164 -51 -18 -105 -176 58 -144 31 142 -5 -4 -92 125
-170 126 -143 -39 40 -155 73 -164 -127 56 7 -104 -188 58 172 196 -167 97 189 -89 -101 90 -87 18 -132 -97 -9 94 22 11 82 -74 -134 -106 175 -172 -186 180 -68 69 -110 -42 -12 33 67 155 182 -62 20 156 -24 -132 143 -115 -6 -41 7 -60 87 -38 184 -107 148 164 24 48 133 52 -81 -91 69 -14 -64 -149 150 -11 185 34 -85 175
137 90 -17 -189 -190 -84 -48 -103 -9 184 4 179 0 191 -55 7 82 173 133 -170 -37 162 85 139 -31 -75 -79 131 -137 -32 -147 58 -189 -47 -175 -27 184 -100 -123 -131 102 167 139 -47 -76 17 -120 -119 -80 -182 -133 200 -168 126 19 197 195 -8 -96 -66 -68 164 -39 -98 43 -66 107 -147 83 -167 -88 23 93 158 162 61 81 97 93 -40
-64 -186 112 182 -57 -15 -139 -132 -163 180 79 -143 -188 38 -162 45 -69 33 131 122 -82 137 -93 -148 148 155 170 12 68 61 -170 -36 96 11 48 198 194 162 -44 147 -177 -117 119 -147 157 -36 -73 -70 74 -189 181 143 -82 127 67 -91 -120 -105 58 13 -130 -148 78 157 180 -95 -42 -103 105 73 64 124 6 188 156 -187 -3 -116 -83 -106
-114 -38 -135 121 -182 124 15 65 191 162 -78 -83 -146 -182 170 -45 -173 155 -47 154 53 153 64 148 -112 10 12 82 74 -130 164 163 -37 -181 174 84 -183 61 -119 -58 -174 137 138 82 5 -20 160 -176 141 -59 -122 16 -189 182 172 181 -184 -30 -105 20 110 -135 112 141 22 -177 108 -99 42 -168 -81 27 51 -42 -53 -44 135 -174 63 -87
93 134 -183 191 46 143 -102 -31 -181 -160 168 -115 -71 91 -18 -171 57 192 -147 -111 -150 -129 -57 -122 179 -69 -66 -28 15 -79 196 55 41 154 -145 -47 -73 -33 66 -178 170 164 134 -107 -142 -124 64 90 -66 193 48 -176 -92 162 119 136 -76 43 -179 -4 -166 -171 96 -80 144 -135 -136 -50 -44 116 172 56 -99 98 -21 -164 48 -5 111 157
-52 17 122 129 113 69 -55 116 62 106 45 -18 -79 37 68 -179 2 24 126 72 70 116 -7 140 -47 85 89 -68 30 -12 -42 51 -184 -107 9 -77 -37 -136 -71 -170 158 108 -67 159 -182 35 51 -104 127 1 136 171 168 -36 -2 -46 154 -1 121 -31 32 90 115 149 136 -141 133 44 135 7 9 171 52 190 -76 -121 170 146 -116 66
57 24 -110 151 97 58 -101 -71 -183 -96 -183 17 -10 -69 -110 -146 93 53 36 93 -113 -11 75 -173 106 23 -37 165 -70 99 -115 -12 -164 -69 102 105 -167 -88 -62 124 6 -186 -55 104 42 -42 -135 24 -179 -189 80 10 75 121 -160 54 146 127 96 38 -135 -10 -32 -11 -141 101 -177 11 3 90 133 159 -180 109 172 196 62 141 195 126
43 127 199 114 169 132 -190 -134 39 23 -45 -108 -138 -147 -154 116 21 67 109 -127 130 -146 179 18 70 20 -73 -144 -128 72 75 7 -106 -118 199 44 16 -148 -138 -181 121 -149 154 163 -67 172 -189 154 -140 33 10 -89 -115 6 7 28 -158 165 -114 97 27 -167 50 80 -140 -167 15 183 -42 -42 99 185 18 -99 -6 -157 102 -28 117 -179
189 -63 -138 51 199 74 -42 85 -176 -71 111 -10 46 137 -143 180 -141 169 -144 106 -19 192 171 31 -188 -77 -136 135 -173 42 49 -89 -148 -171 117 -118 52 129 -54 -14 20 93 41 -82 -121 148 105 27 134 111 110 182 -44 -19 106 -67 -1 -6 -13 48 -151 -190 -125 18 67 192 -50 -111 -104 -151 -75 -132 96 193 191 136 -109 -1 -163 -3
-88 -2 -109 0 -38 26 170 55 182 -177 -110 -149 -56 51 -50 127 133 -85 127 125 121 -64 198 55 -81 -175 -74 82 107 125 65 -114 67 -103 63 -84 -68 31 1 190 -61 -95 66 -61 -3 42 -14 -3 170 159 -113 -99 10 158 25 -84 74 25 61 -140 185 181 -28 -6 -127 -4 -31 -13 119 -134 -121 112 -31 189 92 -128 -7 17 61 180
107 -183 99 -36 102 -172 28 -87 51 -77 51 5 -77 -103 191 -121 -84 133 21 114 144 168 134 -57 -103 -182 140 74 -168 33 27 170 75 -15 75 30 -6 152 -9 -180 132 0 -133 -86 -88 23 144 168 -63 183 12 -37 -6 -65 113 -29 -16 94 -107 169 -20 -3 -127 127 -6 188 40 -87 76 140 -168 24 160 93 -40 -116 192 -100 48 90
-183 -169 -35 -112 186 44 71 107 -157 -169 -187 -128 -82 -19 95 38 56 183 -61 21 172 -74 -184 -108 -100 -24 -17 80 -122 64 46 198 152 -52 78 173 -165 -113 -40 183 35 178 -180 157 51 -112 190 141 -185 176 -4 5 -111 9 111 -99 -24 192 -140 -186 -161 55 125 -103 -34 6 -184 39 152 36 -29 -4 -101 -49 89 158 10 94 47 2
-68 192 5 -31 -79 30 26 51 128 -28 15 100 62 -57 -50 180 172 -70 -154 -106 27 -131 146 -127 106 146 198 -69 138 138 -41 127 20 -120 -37 -44 26 174 -122 109 -154 13 140 8 107 -73 -100 -101 19 49 -52 -168 -112 111 -44 -2 -143 47 156 173 -21 -99 -147 -18 137 46 117 71 29 -119 161 -175 94 161 107 8 21 -102 -122 161
-33 -2 -70 19 112 154 -91 -184 152 95 48 155 -65 9 -42 158 188 -51 74 41 93 165 -143 -75 -106 30 -89 16 -157 130 -53 -122 185 158 27 157 32 179 122 170 91 126 185 -116 -31 129 -13 -179 -150 -84 -133 -106 116 166 179 -160 159 -67 -161 -178 -164 124 163 71 -115 -79 -91 98 173 -134 -10 186 145 -45 -3 94 80 117 6 -74
-115 -164 -142 140 22 117 8 48 -50 175 -126 188 -188 3 -179 -19 105 86 126 100 110 -184 -54 52 30 60 135 -130 -162 156 -135 -33 136 -38 94 -63 175 -165 89 4 191 151 -163 -107 135 -89 -93 148 -16 199 -133 -47 143 162 -58 170 -186 -88 105 171 -50 -112 -117 195 -48 43 4 -28 -180 -16 21 186 -43 167 -138 178 199 83 -54 -188
156 171 74 38 -93 16 -159 184 -67 5 1 9 -166 116 -177 -36 20 66 -139 172 -163 -110 -153 174 -65 -170 8 115 -85 150 65 144 58 43 12 -81 182 -86 176 167 63 49 125 29 183 -164 -163 -111 -45 -56 104 -27 -51 142 21 67 -174 164 171 172 -86 115 -49 -4 52 118 170 -24 121 66 -73 169 85 -17 -58 22 178 -111 107 183
-124 -5 -155 -1 -109 -150 29 15 65 -79 -145 -187 195 128 36 -18 15 44 190 -124 56 51 95 -54 4 -4 -35 91 145 31 141 -153 -136 29 -87 -151 -187 106 -126 105 -22 -128 -161 -188 50 69 -68 -26 -160 -129 -83 -26 -6 152 63 -149 -161 165 -161 28 -42 -74 -183 166 39 -167 -125 159 -58 -178 37 4 -2 43 -146 120 -130 -94 158 -43
51 119 55 85 -151 -177 199 -106 -166 -164 165 -63 7 126 45 66 192 165 195 -115 112 163 144 -187 -96 107 122 75 -16 64 87 132 46 -19 -45 127 -179 193 39 172 -66 -120 92 -102 -49 -181 -4 136 -51 5 -51 -187 -3 192 -183 -105 -70 139 -103 122 150 71 -91 168 199 126 67 140 200 9 28 -9 -9 -6 148 129 17 107 38 -153
-114 47 153 175 -167 54 -7 -181 -172 156 45 62 127 186 31 87 161 1 -139 -61 90 84 194 92 113 -186 127 -84 -151 91 -42 102 32 -100 -28 194 -176 148 -145 163 -93 -159 -170 -60 -159 151 28 -187 126 -128 -2 197 -55 111 -55 -69 128 11 -163 -144 -71 -58 -176 -33 -61 -143 -144 75 -158 -86 -65 -46 97 40 -145 198 160 -13 -112 -14
140 104 -66 137 -48 198 80 174 94 15 -58 -48 65 -144 127 44 180 -7 155 74 150 -174 -42 97 138 88 -138 -78 -101 -59 57 62 106 43 -33 89 99 24 -119 189 -174 44 85 8 -159 5 -174 29 -7 -169 -7 82 -95 -123 -175 74 126 -131 -164 36 -136 94 144 -163 56 69 -71 -17 184 26 -106 -65 -78 -140 60 115 190 -46 -107 47
37 -162 25 -124 26 -176 -183 -80 192 118 139 102 179 140 27 -11 -118 133 -106 -88 -35 -118 -55 -35 61 -186 154 0 76 26 79 182 181 153 6 -85 46 78 75 74 -189 103 -103 101 165 -65 37 -76 -146 -81 -82 -109 99 180 36 -75 123 150 -79 -106 168 128 -80 18 -24 -3 -118 -38 164 -24 173 194 200 -135 -138 -28 -179 14 -102 -120
-48 72 63 178 -59 134 157 125 25 34 115 168 -3 166 124 118 -81 200 191 -78 168 -146 25 -177 129 159 -57 -54 -162 -144 -159 181 -107 -113 35 -19 -155 90 -80 -103 -115 36 64 44 83 32 76 -187 118 87 22 188 182 86 50 -120 196 -172 -190 118 -86 163 69 -183 -179 -56 -58 138 36 132 -156 -130 -164 -133 130 16 -57 -100 -7 134
35 83 140 -29 -8 46 -78 -168 193 -120 -104 72 63 95 193 60 -158 6 -41 -167 148 -112 -130 -150 -142 -158 -71 -48 81 -35 143 32 -134 128 -37 -170 -63 -28 -78 145 -152 91 190 169 -135 -124 -61 -114 164 174 -33 53 93 149 49 64 -68 -62 -150 119 -182 159 -53 -1 -133 47 90 -28 -109 -130 -125 -103 -190 -7 -186 -169 52 -10 105 23
-39 -181 -176 -67 -93 177 -157 17 -125 -9 128 56 -117 -15 -11 -84 -4 -9 1 159 -186 174 -26 -9 -105 56 -100 -54 -108 -183 -51 -85 158 139 -108 -108 -107 -122 23 10 -107 -111 54 -32 -41 -172 19 22 93 102 159 5 -41 62 55 150 -117 115 -8 177 192 142 -149 52 81 39 -59 163 75 155 24 166 43 -64 90 162 22 138 -36 -163
-176 150 -108 134 137 195 86 181 -8 185 111 162 -71 -121 15 129 -63 10 17 155 -178 57 88 5 -161 32 -145 62 133 -101 -23 -26 127 -50 -109 -33 -185 -25 -121 108 -162 -49 -126 132 -25 -173 -8 18 71 130 -187 102 104 21 -34 -186 182 103 -101 -176 193 15 -64 92 189 -82 176 -73 -96 4 41 -72 -131 -107 -67 181 -166 58 -42 -158
12 -28 -143 19 52 -36 38 -106 -32 -67 42 57 -116 -125 107 -164 104 -145 188 130 86 -92 147 -45 -125 152 -94 -180 75 126 -7 116 -86 -187 -159 -153 155 -156 -159 -22 -129 -71 66 -131 177 -23 1 -79 -186 -65 50 -189 45 138 -66 9 -100 198 68 -139 66 11 88 -183 177 109 190 70 36 -28 -18 -102 22 -98 -33 48 63 115 113 -6
