78 75
-61 -86 -168 -62 -116 -79 -103 -53 -58 -139 -176 -29 -7 -88 -120 -1 -139 -7 -107 -56 -98 -27 -181 -127 -112 -133 -134 -10 -47 -179 -97 -129 -5 -189 -56 -115 -106 -3 -42 -172 -103 -186 -162 -33 -184 0 -41 -103 -69 -51 -9 -112 -3 -55 -128 -79 -44 -80 -121 -187 -197 -93 -116 -144 -159 -132 -115 -47 -49 -75 -39 -118 -107 -44 -31
-2 -13 -12 -9 -111 -63 -149 -197 0 -47 -182 -117 -1 -51 -56 -87 -91 -122 -172 -67 -70 -119 -147 -143 -12 -36 -148 -152 -5 -195 -101 -98 -140 -154 -194 -121 -113 -164 -171 -110 -3 -90 -111 -56 -156 -109 -169 -42 1 -12 -147 -183 -115 -9 -152 -61 -26 -188 -200 -11 -131 -100 -84 -146 -133 -36 -144 -147 -8 -162 -15 -94 -191 -65 -103
-37 -82 -39 -29 -90 -154 -42 -192 -198 -28 -35 -88 -116 -114 -119 -82 -122 -131 -96 -8 -53 -189 -18 -102 -141 -77 -10 -27 -118 -118 -114 -68 -121 -141 -17 -48 -8 -188 -81 -141 -142 -190 -44 -161 -116 -13 -107 -46 1 -48 -134 -181 -114 -3 -8 -118 -24 -18 -135 -60 -46 -5 -129 -148 -35 -3 -103 -155 -19 -63 -187 -181 -112 -175 -67
-152 -17 -157 -11 -158 -141 -94 -126 -91 -15 -174 -158 -96 -112 -195 -181 -112 -74 -111 -85 -6 -53 -113 -29 -183 -102 -174 -135 -99 -51 -42 -84 -174 -30 -39 -140 -136 -26 -197 -8 -75 -178 -200 -103 -129 -74 -29 -134 -25 -78 -122 -195 -193 -59 -98 -149 -76 -73 -74 -154 -87 -101 -148 -84 -15 -38 -13 -152 -124 -151 -190 -64 -70 -82 -28
-100 -38 -19 -33 -199 -38 -56 -84 -4 -123 -198 -78 -183 -183 -156 -135 -100 -177 -129 -51 -85 -121 -183 -9 -5 -10 -188 -17 -62 -14 -136 -134 -71 -163 -27 -77 -114 -200 -198 -107 -127 -60 -35 -162 -46 -167 -170 -67 -153 -67 -151 -191 -197 -185 -191 -98 -111 -183 -155 -105 -96 -129 -158 -64 -168 -44 -78 -195 -3 -97 -101 -190 -51 -41 -6
-200 -99 -102 -7 -19 -29 -167 -117 -52 -73 -10 -25 -59 -111 -195 -96 -149 -135 -102 -148 -120 -100 -182 -13 -168 -174 -110 -199 -194 -117 -195 -153 -128 -140 -2 -104 -2 -85 -1 -116 -191 -26 -68 -146 -78 -182 -77 -63 -192 -15 -32 -195 -182 -6 -193 -149 -79 -65 -146 -172 -124 -25 -200 -99 -195 -51 -76 -24 -176 -162 -106 -187 -49 -74 -67
-134 -139 -69 -195 -14 -83 -82 -139 -86 -58 -25 -94 -28 -66 -22 -179 -83 -86 -64 -188 -19 -26 -23 -84 -157 -163 -26 -38 -11 -183 -47 -74 -19 -140 -82 -171 -10 -183 -9 -160 -128 -119 -120 -28 -44 -49 -92 -75 -135 -36 -178 -192 -177 -72 -182 -190 -197 -96 -112 -179 -36 -5 -114 -54 -62 -179 -45 -5 -41 -99 -183 -27 -150 -175 -18
-131 -35 -14 -175 -134 -126 -1 -93 -147 -103 -197 -81 -88 -90 -47 -69 -94 -144 -145 -42 -149 -57 -96 -187 -47 -96 -199 -30 -82 -65 -103 -100 -29 -24 -157 -154 -97 -125 -105 -196 -87 -94 -195 -167 -64 -3 -173 -88 -64 -173 0 -71 -191 -91 -18 -14 -141 -34 -83 -95 -14 -98 -167 -46 -93 -62 -54 -53 -23 -83 -43 -174 -188 -11 -102
-182 -86 -55 -69 -16 -73 -166 -142 -119 -49 -127 -59 -25 -26 -91 -192 -56 -176 -45 -37 -162 -187 -158 -33 -80 -192 -168 -148 -129 -79 -196 -125 -64 -149 -167 -99 -16 -114 -120 -84 -163 -45 -95 -117 -21 -194 -95 -192 -175 -42 -129 -19 -165 -85 -38 -191 -169 -75 -198 -160 -186 -143 -51 -45 -76 -197 -133 -143 -128 -15 -133 -150 -192 -120 -31
-15 -168 -184 -140 -20 -46 -42 -148 -191 -68 -93 -90 -89 -92 -200 -25 -1 -63 -6 -10 -26 -69 -17 -41 -190 -21 -128 -195 -58 -184 -79 -71 -130 -104 -116 -151 -107 -171 -191 -166 -119 -7 -137 -147 -27 -151 -51 -28 -171 -32 -124 -75 -137 -109 -116 -84 -121 -37 -30 -69 -2 -127 -136 -87 -178 -52 -100 -183 -5 -142 -68 -50 -174 -156 -61
-81 -171 -59 -140 -178 -157 -166 -180 -42 -180 -126 -44 -188 -143 -163 -8 -156 -118 -160 -95 -185 -169 -46 -60 -192 -160 -140 -127 -37 -166 -198 -18 -5 -42 -138 -167 -131 -100 -190 -169 -71 -21 -71 -101 -180 -35 -79 -158 -66 -36 -66 -56 -181 -174 -136 -18 -197 -59 -9 -144 -73 -175 -66 -129 -112 -67 -179 -114 -176 -163 -6 -21 -189 -27 -27
-4 -159 -16 -115 -156 -158 -197 -157 -111 -140 -174 0 -20 -27 -193 -39 -171 -148 -98 -134 -110 -200 -172 -7 -154 -183 -88 -72 -30 -123 -149 -110 -129 -23 -67 -185 -188 -114 -159 -90 -70 -179 -29 -26 -85 -76 -36 -117 -156 -11 -100 -48 -163 -161 -74 -64 -123 -26 -81 -76 -27 -23 -20 -160 -68 -32 -122 -13 -78 -90 -11 -3 -57 -148 -162
-196 -69 -4 -126 -60 -65 -51 -29 -23 -9 -88 -163 -22 -29 -179 -81 -120 -17 -139 -71 -90 -121 -14 -161 1 -20 -12 -141 -14 -23 -89 -1 -5 -25 -117 -134 -102 -38 -190 -14 -36 -40 -164 -111 -81 -147 -122 -94 -186 -48 -172 -113 -72 -126 -176 -73 -146 -171 -168 -88 -172 -193 -43 -42 -97 -81 -10 -37 -106 -16 -191 -102 -127 -67 -187
-21 -60 -122 -123 -61 -189 -128 -11 -3 -165 -95 -109 -11 -132 -151 -34 -109 -30 -1 -177 -120 -89 -185 -24 -157 -23 -16 -198 -171 -192 -75 -143 -98 -42 -194 -105 -187 -131 -128 -168 -193 -182 -111 -138 -141 -72 -116 -177 -189 -6 -5 -63 -118 -88 -51 -115 -22 -81 -84 -87 -89 -78 -152 -65 -82 -176 -50 -10 -54 -128 -111 -87 -100 -120 -110
-63 -137 -152 -1 -199 -181 -170 -112 -51 -122 -156 -191 -178 -67 -76 -127 -189 -80 -42 -178 -69 -127 -186 -42 -175 -186 -49 -141 -111 -60 -138 -5 -124 -150 -58 -91 -174 -32 -13 -157 -42 -14 -93 -125 -48 -196 -60 -197 -5 -99 -168 -68 -68 -140 -8 -18 -82 -120 -95 -118 -169 -133 -181 -53 -198 -61 -98 -84 -111 -164 -138 -122 -149 -194 -108
-84 -187 -29 0 -116 -139 -85 -200 -142 -169 -74 -55 -140 -117 -106 -144 -157 -175 -162 -68 -174 -49 -160 -60 -53 -129 -108 -71 -47 -192 -30 -72 -62 -69 -198 -67 -129 -81 -34 -53 -162 -11 -197 -143 -10 -99 -124 -72 -107 -52 -12 -183 -56 -150 -185 -72 -190 -80 -177 -124 -81 -189 -78 -95 -136 -112 -91 -111 -151 -74 -173 -192 -160 -57 -61
-115 -142 -23 -12 -190 -168 -184 -137 -88 -191 -69 -25 -1 -167 -191 -97 -34 -138 -131 -109 -87 -60 -35 -42 -95 -54 -137 -121 -55 -64 -106 -17 -163 -191 -8 -84 -133 -112 -143 -114 -186 -178 -39 -119 -193 -161 -118 -184 -118 -5 -166 -75 -60 -142 -95 -44 -155 -38 -69 -36 -22 -72 -107 -136 -81 -151 -128 -54 -149 -90 -154 -109 -30 -70 -187
-145 -25 -171 -13 -164 -188 -41 -27 -76 -99 -100 -174 -200 -91 -190 -53 -102 -22 -175 -58 -124 -177 -99 -53 -111 -63 -117 -184 -32 -24 -192 -20 -137 -33 -103 -167 -106 -24 -186 -159 -137 -51 -48 -197 -140 -192 -165 -52 -25 -28 -134 -21 -17 -61 -1 -187 -129 -111 -113 -61 -127 -80 -26 -73 -132 -85 -191 -13 -67 -96 -168 -128 -73 -109 -62
-87 -84 -119 -95 -163 -32 0 1 -125 -2 -25 -185 -155 -177 -131 -170 -115 -52 -161 -102 -13 -7 -159 -129 -84 -191 -34 -118 -122 -38 -105 -13 -26 -183 -59 -92 -98 -2 -170 -122 -100 -72 -196 -78 -200 -144 -82 -193 -45 -185 -25 -25 -170 -12 -77 -129 -6 -15 -46 -11 -130 -44 -183 -59 -4 -49 -4 -159 -164 -109 -123 -20 -117 -95 -122
-181 -30 -120 -119 -171 -68 -145 -67 -95 -55 -131 -57 -75 -163 -84 -92 -181 -143 -2 -120 -29 -7 -47 -26 -79 -159 -72 -92 -7 -39 -107 -200 -199 -168 -33 -33 -6 -126 -12 -172 -93 -39 -131 -166 -60 -19 -172 -63 -66 -9 -171 -194 -127 -24 -66 -103 -24 -191 -63 -77 -22 -24 -45 -59 -140 -118 -70 -109 -154 -189 -98 -92 -133 -152 -159
-180 -54 -109 -143 -148 -17 -92 -15 -18 -49 -194 -102 -78 -139 -83 -90 -14 -124 -176 -152 -135 -126 -124 -151 -16 -96 -158 -132 -31 -35 -118 -27 -126 -105 -144 -12 -169 -149 -121 -155 -117 -89 -122 -137 -84 -70 -190 -47 -188 -41 -60 -90 -184 1 -172 -98 -115 1 -172 -175 -144 -187 -128 -79 -8 -102 -100 -9 -71 -2 -13 -23 -135 -27 -96
-34 -79 -125 -24 -6 -98 -127 -87 -101 -120 -116 -146 -193 -194 -143 -167 -23 -30 -23 -160 -2 -196 -90 -1 -148 -78 -146 -182 -107 -74 -111 -70 -100 -128 -107 -163 -193 -64 -69 -197 -122 -88 -88 -196 -188 -16 -138 -153 -79 -47 -161 -73 -108 -82 -83 -64 -91 -134 -112 -96 -162 -69 -198 -193 -81 -59 -3 -132 -83 -32 -183 -198 -116 -175 -27
-117 -73 -135 -139 -159 -135 -39 -74 -82 -8 -188 -48 -82 -18 -176 -71 -60 -41 -154 -178 -179 -165 -148 -27 -154 -52 -119 -62 -21 -99 -38 -20 -185 -195 -71 -161 -72 -23 -73 -100 -58 -123 -160 -81 -31 -111 -31 -161 -65 -102 -72 -30 -37 -131 -54 -81 -57 -61 -184 -155 -200 -33 -85 -23 -69 -38 -47 -36 -120 -25 -38 -36 -54 -21 -149
-178 -14 -23 -125 -144 -7 -187 -56 -124 -95 -125 -168 -4 -32 -10 -153 -175 -181 -61 -140 -132 -91 -189 -116 -146 -27 -7 -90 -103 -87 -172 -133 -122 -13 -70 -2 -77 -198 -16 -117 -78 -163 -96 -163 -157 -77 -51 -164 -115 -112 -146 -132 -45 -131 -83 -138 -150 -146 -61 -25 -9 -181 -63 -130 -104 -174 -95 -83 -10 -99 -125 -178 -58 -163 -29
-57 -54 -2 -38 -98 -196 -25 -142 -25 -152 -3 -28 -6 -195 -40 -42 -164 -94 -153 -7 -3 -197 -187 -8 -115 -83 -91 -16 -6 -134 -151 -77 -54 -135 -60 -141 -178 -111 -194 -172 -86 -185 -87 -148 -20 -113 -15 -164 -143 -123 -186 -164 -61 -150 -14 -69 -76 -44 -46 -40 -46 -66 -37 -83 -132 -192 -58 -10 -44 -38 -132 -176 -123 -49 -37
-182 -112 -110 -165 -43 -164 -142 -20 -86 -66 -146 -19 -98 -112 -135 -28 -47 -32 -155 -48 -182 -42 -177 -170 -170 -76 1 -100 -74 -146 -172 -66 -94 -59 -193 -109 -10 -141 -69 -147 -182 -63 -108 -197 -191 -86 -106 -12 -23 -156 -11 -22 -133 -9 -180 -40 -149 -199 -13 -26 -169 -15 -6 -150 -149 -74 -165 -60 -136 -118 -164 -158 -37 -135 -122
-160 -136 -145 -22 -162 -47 -117 -129 -126 -132 -193 -68 1 -151 -60 -104 -90 -132 -104 -66 -61 -144 -103 -188 -162 -177 -47 -19 -99 -21 -152 -119 -60 -142 -65 -166 -37 -38 -193 -165 -90 -89 -163 -161 -66 -195 -121 -43 -101 -197 -99 -195 -140 -70 -112 -108 -65 -4 -133 -20 -130 -160 -42 -33 -104 -83 -40 -32 -128 -116 -159 -57 -160 -189 -85
-171 -41 -72 -152 -131 -109 -78 -175 -111 -190 -168 -35 -90 -196 -55 -131 -34 -11 -21 -49 -66 -139 -8 -87 -30 -79 -99 -4 -85 -94 -40 -103 -67 -16 -6 -28 -110 -167 -196 -74 -23 1 -17 -58 -179 -118 -166 -199 -45 -54 -163 -96 -33 -83 -28 -67 -97 -88 -126 -194 -3 -42 -55 -122 -26 -119 -114 -66 -122 -168 -148 -197 -10 -94 -96
-197 -53 -103 -137 -57 -42 -105 -174 -128 -97 -57 -189 -130 -156 -168 -180 -199 -45 -66 -79 -11 -146 -170 -55 -54 -136 -38 -84 -89 -33 -136 -3 -175 -86 -155 -114 -18 -4 -169 -178 -83 -118 -25 -171 -180 -31 -80 -173 -36 -166 -197 -188 -167 -85 -197 -61 -96 -182 -127 -34 -196 -127 -165 -172 -142 -187 -185 -57 -100 -93 -158 -136 -76 -169 -107
-174 -106 0 -75 -161 -147 -80 -179 -38 -160 -54 -33 -198 -33 -29 -104 -99 -102 -23 -57 -98 -140 -183 -76 -77 -152 -165 -27 -159 -106 -38 -192 -35 -73 -126 -186 -41 -100 -20 -193 -142 -36 -42 -112 -58 -173 -24 0 -126 -41 1 -94 -33 -166 -14 -20 -22 -197 -130 -191 -7 -175 -43 -67 -121 -129 -133 -188 -86 -169 -62 -5 1 -15 -9
-178 -144 -183 -106 -175 -89 -168 -138 -171 -42 -51 -138 -57 -32 -139 -85 -78 -164 -5 -31 -33 -64 -147 -78 -36 -160 -180 -70 -185 -45 -10 -23 -142 -45 -56 -130 -91 -32 -200 -80 -19 -122 -29 -74 -62 -38 -188 -153 -172 -59 -200 -93 -2 -155 -137 -44 -62 -154 -41 -136 -43 -138 -88 -57 -73 -107 -150 -111 -30 -16 -198 -192 -70 -137 -108
-113 -42 -97 -129 -105 -146 -177 -77 -126 -58 -61 -55 -55 -32 -186 -11 -118 -133 -141 -159 -12 -85 -123 -39 -164 -139 -200 -14 -184 -79 -53 -33 -91 -135 -185 -137 -139 -92 -72 -77 -7 -43 -198 -82 -31 -71 -18 -128 -146 -123 -41 -2 -174 -6 -116 -94 -89 -93 -44 -28 -152 -76 -10 -5 -180 -1 -77 -68 -35 -76 -20 -46 -199 -164 -30
-165 -157 -90 -61 -127 -191 -24 -150 -21 -53 -185 -42 -52 -80 -75 -66 -81 -165 -183 -97 -56 -175 -181 -105 -62 -30 -118 -66 -15 -173 -170 -50 -38 -192 -159 -110 -41 -113 -48 -124 -74 -12 -125 -159 -197 -28 -91 -94 -161 -68 -100 -85 -153 -87 -36 -9 -150 -14 -152 -159 -111 -157 -165 -94 -175 -110 -178 -8 -90 -9 -160 -157 -193 -6 -112
-139 -187 -159 -1 -162 -23 -186 -1 -107 -188 -116 -162 -6 -173 -192 -200 -147 -134 -106 -85 -166 -185 -87 -168 -128 -104 -3 -85 -102 -82 -25 -196 -129 -97 -160 -132 -12 -61 -163 -32 -19 -141 -192 -47 -187 -159 -92 -81 -56 -180 -118 -77 -130 -109 -92 0 -177 -104 -161 -153 -84 -57 -32 -100 -162 -118 -184 -16 -8 -157 -195 -150 -71 -159 -190
-30 -85 -36 -35 -175 -177 -179 -39 -162 -92 -31 -16 -16 -96 -163 1 -84 -64 -97 -111 -91 -96 -46 -117 -70 -79 -127 -84 -99 0 -41 -85 -48 -126 -77 -82 -111 -15 -200 -158 0 -72 -123 -119 -126 -115 -101 -119 -104 -90 -86 -122 -41 -10 -21 -115 -65 -200 -59 -35 -47 -132 -132 -69 -121 -188 -94 -138 -176 -178 -184 -120 -142 -3 -20
-159 -25 -75 -34 -25 -198 -92 -72 -114 -171 -80 -50 -97 -119 -99 -141 -127 -61 -172 -88 -76 -141 -65 -186 -190 -154 -16 -69 -27 -152 -197 -157 -35 -146 -26 -58 -156 -27 -107 -144 -114 -5 -148 -28 -143 -192 -26 -2 -38 -148 -153 -85 -25 -131 -162 -126 -71 -143 -96 -122 -188 -116 -23 -35 -156 -107 -132 -200 -146 -113 -146 -193 -10 -39 -28
-41 -92 -151 -78 -44 -101 -126 -109 -175 -5 -142 -136 -143 -41 -88 -8 -116 -155 -158 -185 -47 -18 -142 -24 -5 -22 -101 -9 -15 -30 -68 -78 -147 -181 -179 -8 -140 -150 -38 -82 -177 -54 -120 1 -46 -53 -85 -155 -39 -196 -108 -189 -44 -143 -66 -167 -154 -32 -46 -194 -123 -17 -45 -120 -61 -133 -128 -52 -33 -147 -33 -47 -144 -186 -149
-56 -100 -44 -34 -166 -65 -178 -146 -7 -97 -124 -189 -21 -7 0 -32 -48 -183 -42 -38 -147 -136 -103 -132 -35 -169 -170 -3 -176 -182 -192 -144 -197 -36 -12 -117 -173 -148 -94 -135 -145 -186 -145 -12 -164 -8 -88 -143 -193 -135 -106 -69 -17 -6 -52 -72 -27 -18 -67 -2 -39 -131 -3 -62 -38 -168 -173 -70 -82 -53 -87 -95 -179 -54 -157
-10 -187 -22 -198 -113 -146 -101 -124 -64 -11 -57 -17 -18 -104 -130 -32 -124 -56 -22 -61 -61 -108 -54 -156 -157 -14 -173 -78 -100 -96 -87 -83 -153 -63 -195 -56 -15 -152 -135 -167 -193 -25 -80 -4 -91 -93 -14 -124 -58 -157 -96 -20 -57 -72 -87 -197 -193 -8 -200 -38 -115 -70 -195 -104 -77 -30 -188 -7 -156 -177 -123 -122 -144 -141 -186
-5 -186 -145 -3 -125 -145 -70 -29 -145 -89 -17 -76 -112 -118 -69 -121 -176 -13 -82 -187 -15 -165 -137 -188 -15 -48 -193 -114 -175 -90 -11 -127 -25 -154 0 -26 -5 -163 -98 -100 -183 -74 -91 -55 -3 -79 -178 -192 -144 -50 -159 -52 -83 -74 -58 -15 -103 -188 -191 -32 -9 -199 -33 -97 -176 -88 -152 -175 -3 -121 -159 -91 -154 -126 -174
-104 -38 -171 -32 -127 -149 -181 -31 -98 -113 -158 1 -75 -119 -133 -30 -61 -102 -87 -191 -123 -185 -161 -168 -72 -10 -155 -120 -136 -160 -130 -172 -172 -101 -50 -50 -4 -37 -172 -172 -111 -37 1 -81 -173 -1 -101 -150 -26 -48 -29 -118 -154 -121 -186 -129 -124 -90 -31 -146 -56 -198 -30 -52 -193 -157 -60 -48 -191 -182 -55 -102 -58 -187 -94
-33 -151 -117 -48 -79 -196 -166 -90 -28 -30 -32 -11 -61 -103 -58 -25 -179 -178 -33 -124 -121 -70 -58 -146 -6 -162 -73 -83 -106 -26 -100 -162 -138 -177 -89 -76 -20 -47 -165 -24 -49 -173 -114 -138 -84 -64 -71 -95 -177 -132 -151 -103 -61 -18 -77 -30 -143 -4 -199 -171 -103 -181 -99 -17 -153 -175 -81 -18 -139 -34 -137 -23 -74 -140 -168
-80 -55 -189 -139 -185 -85 -156 -38 -30 -187 -55 -81 -118 -154 -75 -160 -168 -89 -151 -42 -93 -159 -199 -158 -131 -36 -161 -180 -116 -140 -74 -190 -73 -179 -198 -48 -94 -193 -44 -175 -1 -45 -1 -94 -126 -175 -130 -135 -196 -193 -119 -49 1 -171 -121 -130 -139 -131 -124 -21 -48 -105 -139 -181 -68 -156 -109 -54 -182 -155 -78 -1 -34 -77 -163
-144 -168 -196 -25 -180 -173 -8 -114 -71 -18 -11 -4 -6 -165 -172 -161 -93 -11 -4 -33 -98 -16 -180 -142 -110 -119 -17 -46 -2 -184 0 -62 -181 -130 -136 -28 -1 -59 -98 -70 -190 -80 -70 -38 -48 -140 -19 -90 -80 -35 -66 -77 -186 -159 -114 -107 -103 -96 -127 -75 -162 -22 -129 -174 -188 -135 -24 -27 -71 -183 -15 -23 -129 -63 -84
-200 -70 -36 -65 -193 -94 -119 -115 -172 -196 -29 1 -7 -71 -154 -115 -183 -130 -62 -59 -97 -32 -135 -120 -136 -63 -138 -17 -148 -153 -20 -153 -133 -160 -89 -123 -39 -10 -28 -173 -158 -59 -113 -137 -36 -17 -7 -132 -66 -141 -110 -140 -74 -16 -173 0 -89 -198 -22 -173 -148 -104 -188 -30 -43 -14 -120 -77 -124 -99 -62 -8 -101 -74 -42
-170 -29 -183 -88 -104 -185 -141 -143 -14 -104 -176 -172 -75 -151 -77 -185 -38 -45 -158 -179 -88 -90 -170 -83 -51 -86 -93 -68 -21 -156 -187 -88 -197 -49 -133 -196 -8 -25 -60 -96 -111 -17 -50 -126 -94 -54 -115 -158 -99 -73 -170 -27 -121 -9 -81 -198 -12 -138 -11 -48 -145 -144 -46 -197 -13 -24 -98 -1 -131 -176 -141 -79 -116 -141 -151
-159 -21 -193 -151 -86 -40 -3 -145 -185 -145 -1 -195 -55 -6 -97 -109 -148 -110 -33 -44 -52 -48 -60 -17 -11 -17 -162 -35 -12 -12 -147 -15 -108 -92 -16 -5 -111 -175 -192 -101 -9 -141 -118 -135 -2 -38 -157 -163 -157 -193 -77 -33 -35 -132 -111 -33 -162 -180 -128 -12 -172 -7 -45 -87 -137 -108 -155 -120 -60 -29 -8 -166 -4 -8 -116
-109 -155 -111 -15 -152 -60 -96 -81 -148 -26 -92 -50 -164 -103 -9 -43 -16 -114 -127 -97 -132 -156 -14 -16 -32 -73 -116 -4 -27 -193 -146 -91 -99 -161 -73 -35 -51 -179 -95 -186 -134 -133 -9 -196 -40 -175 -192 -87 -154 -156 -87 -197 -34 -61 -154 -81 -139 -50 -125 -200 -103 -195 -78 -124 -183 -64 -128 -153 -32 -54 -48 -148 -87 -152 -23
-88 -29 -24 -146 -153 -155 -60 -86 -93 -89 -72 -138 -154 -20 -173 -46 -20 -8 -163 -162 -56 -115 -1 -79 -3 1 -80 -77 -153 -71 -145 -130 -16 -46 -191 -152 -103 -141 -93 -42 -111 -137 -9 -141 -180 -118 -70 -177 -9 -22 -68 -170 -184 -169 -132 -17 -57 -45 -40 -112 -162 -59 -197 -193 0 -188 -8 -77 -105 -130 -180 -24 -122 -187 -95
-188 -23 -53 -193 -14 -80 -94 -37 -91 -148 -58 -189 -180 -55 -65 -97 -156 -76 -194 -129 -135 -49 -155 -59 0 -64 -101 -37 -197 -53 -194 -20 -169 -64 -94 -177 -101 -159 -135 -152 -146 -146 -190 -54 -106 -74 -119 -184 -67 -85 -90 -67 -86 -141 -82 -64 -32 -105 -83 -146 -22 -52 -68 -19 -34 -37 -153 -196 -54 -114 -169 -139 -117 -127 -130
-99 -106 -18 -105 -140 -38 -151 -57 -29 -21 -85 -9 -5 -124 -133 -144 -10 -24 -125 -108 -15 -150 -100 -20 -156 -140 -96 -130 -123 -28 -153 -100 -6 -36 -73 -156 -76 -131 -139 -103 -60 -72 -19 -180 -102 -28 -160 -96 -42 -40 -151 -67 -82 -21 -49 -198 -150 -101 -126 -61 -177 -107 -43 -78 -112 -91 -200 -167 -16 -188 -116 -173 -62 -199 -67
-27 -36 -64 -42 -178 -106 -20 -5 -171 -190 -184 -90 -48 -95 -64 -180 -140 -7 -82 -156 -190 -131 -88 -48 -157 -197 -141 -40 -118 -34 -69 -177 -88 -39 -175 -155 -1 -176 -85 -169 0 -4 -174 -185 -143 -1 -102 -174 -136 -85 -119 -26 -14 -82 -62 -59 -67 -87 -186 -57 -59 -41 -33 -191 -25 -114 -47 -82 -81 -189 -103 -77 -113 -146 -169
-7 -87 -55 -67 -161 -96 -180 -137 -173 -118 -125 -112 -96 -26 -26 -145 -80 -62 -123 -83 -169 -15 -121 -55 -152 -32 -198 -194 -52 -44 -152 -33 -12 -56 -165 -197 -10 -165 -89 -54 -82 -49 -154 -63 -74 -95 -137 -55 -58 -59 -68 -43 -194 -8 -64 -44 -141 -129 -33 -77 -54 -193 -194 -175 -103 -94 -147 -86 -178 -100 -110 -48 -165 -91 -81
-98 -174 -10 -41 -94 -191 -1 -151 -32 -134 -180 -16 -84 -101 -17 -96 -139 -152 -126 -146 -16 -58 -16 -96 -97 -136 -4 -153 -66 -103 -105 -56 -57 -31 -150 -54 -17 -53 -54 -157 -199 -150 -120 -52 -171 -181 -108 -142 -22 -31 -11 -56 -60 -21 -143 -129 -111 -105 -38 -115 -41 -59 -17 -67 -24 -188 -125 -82 -88 -133 -133 -174 -84 -23 -35
-49 -51 -148 -42 -42 -199 -91 -62 -77 -3 -48 -177 -183 -128 -72 -104 -69 -9 -58 -51 -135 -6 -83 -165 -36 -21 -46 -193 -138 -51 -81 -3 -37 -49 -94 -132 0 -102 -50 -116 -131 -92 -11 -108 -116 -193 -91 -2 -151 -20 -157 -167 -172 -8 -169 -145 -99 -39 -198 -164 -129 -83 -154 -115 -134 -104 -40 -161 -98 -11 -101 -187 -15 -196 -78
-3 -26 -97 -33 -165 -161 -189 -187 -35 1 -152 0 -100 -119 -173 -45 -70 -52 -175 -28 -76 -178 -137 -50 -123 -37 -164 -7 -110 -60 -173 -120 -19 -199 -88 -122 -138 -106 -5 -95 -17 -180 -132 -55 -38 -65 -120 -116 -46 -194 -183 -20 -66 -30 -176 -124 -180 -116 -67 -90 -28 -168 -193 -149 -96 -24 -122 -60 -31 -60 -26 -103 -98 1 -19
-34 -27 -137 -78 -104 -43 -130 -81 -133 -31 -105 -63 -133 -19 -111 -84 -28 -93 -73 -39 -79 -65 -28 -9 -66 -42 -90 -61 -83 -80 -62 -115 -1 -144 -81 -73 -51 -21 -104 -40 -20 -147 -103 -17 -162 -49 0 -128 -128 -3 -124 -88 -35 0 -25 -94 -15 -196 -95 -64 -14 -148 -189 -51 -157 -24 -56 -97 -19 -136 -104 -143 -15 -121 -185
0 -113 -106 -36 -157 -124 -155 -13 -40 -50 -51 -197 -192 -33 -136 -99 -167 -52 -66 -8 -86 -75 -31 -37 -7 -93 -200 -43 -54 -138 -86 -18 -7 -40 -86 -80 -113 -79 -131 -8 -75 -176 -159 -41 -166 -162 -198 -14 -175 -50 -142 -142 -132 0 -75 -70 -126 -134 -196 -113 -83 -196 -124 -11 -185 -123 -174 -113 -89 -48 -155 -41 -80 -124 -1
-70 -196 -49 -108 -21 -119 -165 -168 -103 -87 -28 -75 -173 -26 -174 -129 -111 -55 -167 -106 -187 -6 -126 -153 -186 -192 -92 -83 -16 -86 -21 -80 -102 -70 -175 -171 -23 -85 -133 -26 -200 -104 -117 -26 -175 -112 -83 -76 -58 -19 -92 -42 -105 -34 -83 -91 -158 -98 -144 -9 -113 -139 -31 -70 -38 -111 -144 -101 -84 -167 -198 -24 -16 -78 -167
-6 -193 -111 -182 -47 -38 -62 -5 -92 -113 -48 -191 -174 -170 -162 -39 -19 -111 -29 -30 -157 -180 -39 -156 -43 -76 -31 -165 -117 -137 -167 -51 -8 -12 -191 -86 -148 -115 -33 -64 -176 -20 -174 -82 -179 -68 -18 -134 -108 -144 -121 -138 -93 -192 -145 -64 -76 -92 -15 -152 -147 -199 -67 -34 -42 -145 -4 -153 -68 -86 -157 -169 -58 -88 -146
-40 -55 -124 -108 -183 -58 1 -82 -42 -103 -172 -167 -99 -110 -49 -153 -179 -175 -138 -129 -74 -86 -101 -34 -59 -117 -184 -99 -132 -16 -118 -58 -96 -24 -149 -144 -28 -138 -91 -130 -55 -182 -68 -49 -199 -179 -41 -54 -76 -1 -115 -55 -104 -71 -27 -6 -191 -100 -75 -129 -47 -139 -98 -126 -121 -26 -160 -74 -116 -131 -90 -119 -67 -112 -56
-89 -32 -24 -24 -152 -105 -183 -19 -155 -84 -98 -157 -15 -179 -52 -117 -9 -81 -61 -36 -118 -161 -102 -127 -66 -70 -115 -80 -108 -109 -45 -127 -29 -97 -10 -51 -143 -102 -153 -52 -81 -118 -25 -34 -29 -140 -21 -59 -38 -142 -150 -114 -55 -52 -95 -80 -181 -180 -20 -178 -194 -190 -180 -15 -95 -23 -77 -79 -132 -82 -95 -153 -77 -121 -194
-18 -131 -91 -75 -179 -53 -25 -163 -172 -137 -17 -83 -190 -149 -82 -130 -106 -121 -184 -50 -110 -58 -104 -31 -118 -184 -33 -25 -117 -153 -114 -88 -173 -89 -76 -103 -144 -38 -123 -179 -80 -107 -183 -84 -198 -36 -129 -94 -54 -177 -59 -43 -21 -106 -56 -171 -168 -163 -24 -32 -166 -30 -8 -54 -6 -109 -119 -12 -65 -70 -30 -4 -125 -12 -104
-47 -108 -123 -53 -153 -120 -145 -89 -92 -109 -48 -172 -172 -160 -41 -164 -90 -88 -157 -71 -182 -148 -49 -23 -136 -139 -91 -142 -41 -85 -154 -97 -105 -74 -117 -29 -5 -86 -82 -167 -41 -20 -158 -125 -106 -133 -173 -109 -64 -149 -94 -177 -94 -73 -61 -1 -143 -153 -23 -49 -88 -54 -175 -196 -178 -25 -186 -44 -161 -126 -88 -80 -94 -191 -85
-125 -7 -177 -172 -139 -152 -102 -131 -182 -120 -125 -129 -23 -77 -108 -45 -22 -73 -125 -90 -33 -77 -106 -31 -112 -4 -109 -21 -200 -112 -24 -182 -173 -16 -134 -74 -181 -16 -126 -187 -87 -88 -141 -132 -65 -49 -181 -158 -26 -148 -33 -119 -93 -34 -85 -64 -13 -170 -5 -54 -80 -168 -43 -96 -33 -25 -127 -52 -46 -192 -53 -36 -73 -162 -186
-82 -38 -162 -142 -64 -197 -43 -162 -74 -93 -189 -139 -141 -40 -189 -1 -53 -5 -5 -53 -142 -183 -89 0 -94 -176 -50 -188 -157 -14 -8 -172 -102 -183 -183 -9 -79 -142 -154 -103 -75 -174 -133 -92 -116 -58 -24 -152 -25 -51 -105 -167 -81 -80 -127 -164 -92 -7 -6 0 -79 -51 -199 -78 -166 -88 -172 -69 -184 -170 -126 -19 -194 -24 -71
-116 -91 -11 -91 0 -119 -192 -166 0 -33 -119 -169 -100 -87 -127 -163 -159 -40 -24 -32 -34 -32 -57 -37 -96 -140 -77 -199 -64 -27 -157 -97 -112 -26 -59 -26 -87 -185 -94 -64 -106 -3 -148 -119 -137 -124 -125 -195 -49 -184 -73 -1 -172 -120 -135 -29 -103 -135 -171 -12 -148 -39 -133 -51 -51 -120 -41 -45 -28 -45 -90 -98 -129 -146 -197
-101 -28 -83 -176 -95 -178 -14 -187 -171 -133 -148 -135 -98 -141 -161 -173 -53 -193 -192 -17 -46 -121 -45 -158 -66 -165 -32 -85 -31 -193 -188 -47 -183 -70 -8 -75 -145 -53 -35 -155 -102 -98 -130 -23 -89 -176 -155 -151 -162 -144 -191 -20 -25 -134 -33 -82 -21 -78 -57 -101 -39 -21 -41 -169 -189 -20 -138 -4 -169 -177 -71 -168 -152 -105 -73
-139 -71 -74 -128 -101 -92 -42 -117 -2 -54 -61 -169 -181 -191 -101 -199 -41 -82 -48 -37 -15 -125 -172 -44 -33 -171 -27 -148 -170 -162 -52 -67 -89 -102 -72 -48 -51 -102 -39 -154 -133 -31 -163 -36 -86 -156 -188 -173 -160 -59 -126 -43 -63 -120 -198 -163 -57 -137 -59 -99 -79 -117 -148 -70 -123 -38 -121 -9 -9 -59 -56 -22 -74 -153 -106
-158 -123 -23 -65 -104 -86 -49 -53 -72 -42 -33 -193 -186 -162 -183 -29 -178 -189 -21 -200 -185 -175 -138 -93 -22 -31 -7 -1 -146 -80 -191 -52 -166 -79 -13 -119 -57 -29 -154 -70 -110 -145 -196 -152 -176 -153 -22 -160 -138 -23 -148 -136 -163 -15 -23 -176 -94 -160 -190 -198 -134 -7 -53 -70 -142 -39 -130 -4 -168 -65 -3 -60 -14 -190 -127
-135 -118 -191 -102 -122 -190 -118 -147 -176 -144 -46 -31 -9 -83 -24 -56 -21 -79 -190 -129 -175 -154 -4 -62 -25 -13 -83 -74 -23 -9 -83 -137 -8 -40 -8 -194 -62 -107 -190 -111 -34 -49 -13 -24 -18 -21 -186 -66 -132 -192 -167 -198 -23 -121 -99 -128 -119 -131 -36 -109 -86 -111 -172 -101 -156 -157 -10 -112 -86 -4 -102 -138 -176 -137 -162
-20 -127 -179 -29 -91 -185 -94 -110 -155 -190 -34 -141 -102 -70 -25 -86 -171 -89 -188 -191 -167 -46 -17 -2 -114 -138 -94 -52 -10 -82 0 -139 -76 -66 -32 -73 -67 -107 -66 -122 -44 -55 -136 -185 -188 -168 -147 -150 -189 -118 -83 -130 -7 -178 -168 -146 -90 -50 -58 -94 -20 -5 -24 -41 -133 -53 -44 -30 -11 -120 -7 -130 -109 -195 -177
-147 -74 -5 -33 -50 -168 -7 -80 -93 -54 -58 -103 -98 -140 -86 -22 -192 -65 -187 -117 -33 -46 -62 -15 -178 -195 -76 -130 -124 -113 -64 -199 -107 -200 -72 -30 -196 -112 -38 -21 -15 -180 -71 -125 -48 -152 -2 -158 0 -119 -16 -62 -89 -117 -178 0 -140 -113 -196 -171 -100 -25 -6 -20 -14 -144 -198 -65 -172 -49 -71 -178 -15 -52 -166
-142 -20 -181 -169 -55 -120 -121 -39 -182 -23 -130 -178 -50 -77 -31 -77 -12 -90 -165 -194 -99 -77 -63 -146 -82 -130 -43 -167 -77 -143 -153 -199 -12 -44 -43 -193 -18 -83 -131 -45 -163 -124 -56 -74 -93 -179 -3 -79 -40 -64 -177 -125 -93 -88 -55 -194 -61 -36 -169 -60 -72 -68 -93 -88 -130 -183 -115 -167 -155 -19 -121 -108 -94 -123 -7
-116 -95 -43 -101 -113 -19 -82 -20 -17 -172 -53 -113 -148 -97 -121 -168 -188 -140 -48 -52 -160 -143 -179 -123 -83 -6 -108 -106 -174 -22 -108 -60 -113 -77 -18 -176 -174 -4 -29 -67 -126 -197 -163 -168 -43 -167 -37 -116 -196 -101 -81 -197 -11 -83 -23 -53 -87 -170 -131 -153 -198 -155 -95 -18 -89 -164 -190 -60 -140 -42 -179 -38 -151 -94 -184
-150 -3 -47 -57 -47 -159 -132 -46 -177 -108 -171 -108 -23 -91 -87 -41 -100 -117 -189 -171 -121 -167 -126 -129 -131 -119 -1 -170 -23 -191 -9 -63 -67 -57 -121 -151 -176 -87 -55 -118 -6 -152 -27 -82 -147 -195 -8 -34 -23 -177 -160 -155 -3 -200 -166 -8 -170 -77 -163 -33 -13 -178 -29 -11 -77 -18 -164 -69 -20 -181 -130 -133 -176 -123 -39
-115 -101 -195 -148 -165 -129 -78 -83 -77 -195 -80 -74 -19 -30 -191 -62 -131 -183 -136 -183 -16 1 -118 -153 -103 -11 -167 -107 -5 -20 -179 -32 -2 -152 -24 -173 -74 -159 -179 -123 -55 -80 -147 -78 -30 -29 -116 -23 -88 -95 -158 -26 -164 -70 -161 -22 -165 -172 -113 -108 -163 -187 -127 -175 -86 -62 -174 -143 -23 -199 -171 -6 -44 -106 -80
-169 -29 -18 -188 -39 -118 -155 -19 -106 -92 -141 -97 -159 -63 -95 -118 -53 -144 -135 -8 -109 -119 -100 -88 -173 -44 -121 -68 -27 -21 -193 -102 -180 -108 -145 -184 -105 -40 -38 -103 -79 -119 -54 -181 -89 -28 -136 -53 -63 -88 -104 -196 -123 -69 -148 -44 -200 -127 -167 -77 -190 -148 -102 -183 -135 -161 -186 -156 -121 -183 -3 -16 -41 -115 -63
