50 50
-87 -154 68 23 -55 103 -176 -37 -4 94 -53 -64 -144 114 10 -141 -42 -172 23 -170 -52 -42 2 -25 85 20 -147 -123 65 -103 -19 -82 -2 53 -84 -54 76 -41 -149 134 138 92 -107 -58 135 -11 -61 -63 -159 143
27 3 -178 -23 79 -98 37 20 71 -33 -113 -63 -84 -200 -183 75 74 30 104 -165 61 -198 72 -75 3 57 -19 -97 74 -98 -120 -149 -47 -29 9 24 -173 70 -57 -129 136 88 136 -116 -90 -51 11 34 -71 63
71 32 -127 72 -92 -47 -96 -98 -178 -136 -152 -65 -63 110 -83 -90 -58 96 -132 -175 -164 97 -188 -157 63 130 22 5 -43 36 27 148 -113 15 -198 -100 -195 15 42 110 -10 7 -41 -137 140 -83 -109 70 22 -22
42 -66 -75 59 69 26 -156 23 -1 11 2 79 -87 -98 -22 84 37 -60 -126 52 87 -14 -166 33 -148 -54 -69 -125 147 -50 88 -196 123 -110 3 -34 -99 -56 -35 105 71 29 -183 -2 -68 -63 51 -89 -15 -51
-200 2 23 -152 -87 -92 30 135 -87 115 48 -30 53 -108 62 -163 43 -6 133 -71 -168 -40 -115 66 99 -38 104 -60 -171 110 62 75 -60 -168 -16 -16 133 -10 -50 -136 85 -40 67 -19 109 81 18 139 -36 -102
52 -123 -13 38 -104 49 124 -150 -78 46 50 -42 80 -65 82 -170 102 -47 113 -116 -121 -113 -117 -19 100 107 -103 146 -148 -136 -81 -76 -140 -132 -163 -121 -125 111 114 -33 -72 -104 52 1 130 -72 63 -163 136 89
85 -178 -25 59 41 -181 -137 49 59 -165 7 58 -27 -95 90 -132 -177 115 98 -197 91 66 127 -34 -16 -121 -182 -88 89 -164 -44 8 31 -105 -198 -146 -48 -10 -93 -120 139 145 -133 -42 -39 -185 25 39 -17 104
-85 109 -75 -79 -153 10 34 -158 -53 8 -81 -195 59 123 27 76 -74 -59 144 54 -61 22 -50 88 -102 64 -59 31 66 -43 2 126 -48 114 -110 113 44 -187 44 -62 -113 -171 120 146 145 38 -95 -42 -88 -37
-172 131 -82 129 8 -5 6 90 -153 -16 82 148 -38 72 -65 135 -90 -118 -43 -156 123 -89 91 130 -183 54 -182 43 -65 45 43 -43 -92 130 28 -109 -18 -116 -36 85 122 -177 67 -37 -90 -128 70 -166 79 -77
-37 -92 149 -118 -163 -79 30 44 67 -124 -42 122 8 -151 -167 50 -188 -183 -90 -4 30 -47 134 67 14 -85 55 -119 -153 72 -28 -50 95 146 25 -28 65 97 65 -199 88 99 -127 -155 43 150 -95 -189 -76 -95
-141 112 -134 72 -13 62 19 -156 23 140 104 -54 86 71 83 -32 -21 21 -104 -52 4 120 -125 -1 -173 -128 123 -95 -120 55 79 -104 -180 -84 11 -38 -170 -4 -150 68 147 122 104 -184 -58 13 -164 2 -50 10
-197 19 -191 41 82 -44 -114 -86 -61 -94 -77 147 142 -158 -139 -17 -44 -193 50 78 -172 133 -26 -107 -71 -42 118 50 82 -71 -105 30 -107 54 138 -147 60 -111 143 51 32 -122 -153 -185 -41 73 145 -161 -166 57
82 -149 95 -94 88 -91 -95 -139 -72 137 -87 139 69 -174 63 -84 -122 142 -57 134 -96 -129 15 -123 -148 19 54 9 -136 1 -161 23 -37 -196 -104 -96 -11 -71 -193 95 -174 -97 -56 109 -48 -4 136 -128 16 -24
-161 148 77 109 -184 -20 136 -70 -55 24 -59 42 -147 -49 124 127 -49 -37 -44 59 63 148 -22 72 -99 140 15 -168 -183 -102 140 -34 7 -29 -87 -189 -137 27 116 2 120 -112 -91 127 149 -9 -21 -14 -66 67
-126 -87 65 -134 -59 94 -177 -122 -56 114 -200 33 25 -18 -103 32 93 -174 -16 83 148 -109 -117 -193 11 -116 79 -200 5 -34 -122 27 66 48 -178 -7 5 -181 -113 -151 15 79 95 -107 110 -193 -175 32 37 103
-152 -11 49 62 -153 25 119 -146 -41 3 125 35 -161 -22 -193 -59 84 -31 -157 -11 -151 6 38 -151 -52 47 -169 -87 -33 75 63 -47 85 -78 -77 -43 53 148 -111 62 150 65 -158 -12 -50 -68 -116 105 -149 39
-145 -159 -157 -7 8 -5 -64 112 123 -86 -17 -108 12 -41 -156 43 7 120 -43 15 -106 -75 -28 -24 -162 -95 -104 -22 -55 -27 -80 -153 66 27 -151 -194 -163 19 51 82 -31 19 149 52 145 31 131 -28 -117 -99
19 111 -54 115 136 5 -44 -147 -75 -198 -3 101 -109 -22 18 -89 47 -151 -187 -42 -93 22 -90 -31 -147 60 63 -73 -66 51 140 -64 -144 -130 -34 6 31 -128 118 106 -122 -9 -132 -20 95 62 -164 63 78 96
-163 -164 -107 -72 -99 108 -50 -91 42 -150 43 24 -70 -84 -75 -41 -78 -165 61 95 123 -87 -168 3 40 109 77 -49 91 -40 -60 43 95 53 19 116 -50 96 -129 111 -162 -135 -178 53 -194 -24 -145 12 -176 111
124 119 -175 2 49 -95 -20 -67 43 78 128 4 145 141 23 -195 53 104 24 -4 -25 147 -91 -198 83 64 78 -34 104 89 -109 99 -43 -45 -93 -140 51 -96 57 -3 116 1 -127 -79 -156 -58 48 -44 -121 40
75 57 -136 -91 -145 -153 88 92 -95 67 7 104 88 66 94 147 28 -181 -172 18 87 143 -177 -175 51 43 2 114 -170 -172 12 131 140 35 98 -2 109 82 71 65 -98 -51 9 -63 -147 -165 -104 -31 -170 -125
-136 49 -23 -2 33 -101 137 -84 40 -167 11 -123 109 50 -138 -149 -162 -158 -137 -88 109 -140 122 -83 -91 -10 -12 103 112 9 -131 -160 59 61 -37 -122 81 -192 142 -3 -51 -74 -21 -111 -5 97 139 -116 108 -162
-143 130 74 138 -18 -78 -48 -119 100 -34 -157 63 1 -166 -179 147 94 -65 -183 83 16 115 -46 91 -99 -42 99 31 15 112 70 -42 -83 -95 -11 30 -115 -126 -147 12 -196 21 9 42 -104 -162 80 -90 -81 108
-168 127 19 -133 71 -125 -121 -134 39 -184 -111 -186 -124 -149 -157 -38 -86 -140 50 -60 29 80 -151 -114 -154 -182 1 -196 -150 43 100 -73 -193 119 11 54 -178 28 -33 -26 -105 82 -40 137 69 -183 117 -156 -137 138
22 -27 106 -89 122 -139 -33 -188 11 107 -89 -171 -191 -80 -52 -185 38 -65 25 -27 -120 -119 66 -161 -143 144 66 -188 -106 94 -103 -36 -48 -65 -126 -75 -86 143 142 -138 109 -2 91 -139 -200 -44 -74 -121 82 -97
22 -60 -180 -146 -140 -119 86 -7 58 124 99 119 85 -151 -85 65 -18 -197 -9 -134 43 -187 47 -67 20 114 -64 43 36 102 111 19 -13 -59 -77 50 -39 -175 115 134 73 -95 43 78 80 -200 52 -150 -7 -105
42 -62 -27 -168 145 135 112 12 -94 107 140 51 73 -171 109 136 49 32 40 -55 -182 21 98 -93 41 -1 133 113 44 15 -171 -186 -83 -51 137 -59 -139 -163 -184 -94 -99 30 -199 149 -87 -164 8 -153 73 -8
-24 99 -11 -146 61 30 -188 -128 113 -22 -198 35 -63 -8 119 -179 -171 -75 -146 32 -104 -111 -84 -69 -47 77 -68 -54 9 -130 61 -189 119 137 -113 -132 17 41 -126 145 55 122 -143 -66 -168 -199 -102 83 11 102
-68 -115 -142 -32 -184 33 -100 42 -75 -39 -52 -124 24 100 44 44 -134 3 -75 -150 -43 -31 133 143 132 71 -139 115 -50 -57 -134 73 8 -143 -121 -44 -33 -22 80 -48 -135 -97 -21 -153 -98 13 76 147 -56 -183
68 -83 -76 110 -59 54 -53 -52 46 37 103 56 132 -71 -64 -59 121 143 53 -158 -95 -42 149 102 -164 -196 -34 -88 -107 9 -24 -62 -1 -44 -156 -168 61 -139 -29 -144 -25 110 -115 -188 55 -149 -191 -94 -192 -11
134 60 20 70 126 61 -54 -33 88 53 -134 -97 72 -178 -171 -69 -105 -123 -105 -5 -193 -13 -33 -144 -172 10 -11 -2 -169 84 -14 -100 -127 -6 -93 -14 45 87 52 119 66 2 102 36 40 132 141 -159 12 -184
-192 57 149 -114 27 35 81 -104 -93 130 141 -60 119 -178 -161 1 -121 -59 -154 45 -6 74 87 -98 -34 137 -54 86 87 -183 23 -187 -140 1 -184 108 -14 -139 -149 -139 116 112 96 -60 -97 -191 -171 -37 -3 41
-87 18 -178 10 -73 -192 -199 -138 -129 -72 100 -199 -48 129 77 60 92 128 -25 15 -111 134 148 -183 60 -99 -87 124 -49 89 -140 14 -121 37 53 102 56 7 -88 90 -123 -59 -12 -131 -68 69 132 43 -11 -154
76 -83 -45 110 -199 -118 -114 -16 -42 -141 -68 36 40 66 5 -152 -67 -149 -80 -179 42 59 2 -164 85 -25 -137 41 98 -77 8 139 43 -160 -2 -174 10 33 -162 -40 -180 139 -132 92 -56 150 -67 37 -76 -25
-191 147 101 141 -53 -59 -178 -192 -97 131 -24 -141 -125 15 -30 62 72 61 -186 31 -94 -135 -149 -59 144 83 15 -23 108 19 7 -71 -14 -66 -44 -32 -26 58 -1 -168 -174 -57 -3 -142 -145 -103 -79 -25 -125 11
149 148 116 -66 -30 63 120 -178 37 -50 -66 -195 90 34 38 -102 -32 95 -78 -16 -166 77 -9 38 84 45 80 15 74 -65 51 -133 -70 -125 -168 -136 -105 23 136 120 -123 -4 126 21 28 -39 -57 140 -96 -18
51 -17 123 -12 97 -48 36 133 -114 12 88 -133 -87 127 -78 105 -113 -110 -60 -172 -143 111 64 124 112 -138 -44 -183 -190 101 -180 -177 -105 -11 131 -159 -100 -59 104 99 -73 -200 110 -188 -200 -83 -20 -23 -128 -200
-165 -176 -15 -108 -78 -38 -40 -158 -156 144 83 -19 58 144 -159 -198 -36 -146 28 -16 -114 42 -179 132 -115 -197 -69 -150 -25 -11 -163 -12 -60 -189 16 58 -168 -160 141 -18 -107 120 -127 2 53 -54 121 149 97 65
137 -153 -62 -3 -173 4 -63 32 99 47 -35 -17 29 -78 109 -65 -62 61 -134 -161 -138 -43 -154 -87 -151 -97 -101 -38 -110 25 15 -193 27 133 59 25 -143 -127 -171 -23 -132 -113 93 150 148 111 -57 -200 -175 143
-125 93 -190 -30 -106 61 30 5 80 53 94 100 -45 -134 -70 -93 48 -154 -192 -190 15 -36 -96 -66 -58 -65 35 -133 -115 120 -143 -48 -118 51 -83 2 132 -28 -172 -135 -42 -58 -194 -164 23 -163 -103 20 -170 123
134 71 -178 -118 -5 -163 -96 27 147 -89 -11 -89 86 125 -34 -27 -27 -49 -21 -177 88 -57 50 -189 99 13 -109 42 -64 -190 86 109 -49 35 -115 42 -63 -158 94 21 18 -26 -118 -49 -157 126 -75 9 -44 47
-40 99 75 -160 -58 14 -101 -189 74 -18 -180 -169 -143 -18 89 -78 -106 -187 72 43 -36 -142 -165 -93 95 87 107 5 -188 -183 32 -188 -164 -35 -1 26 -105 -183 17 11 -42 60 -66 -33 6 -123 -11 -106 121 142
-64 -143 -157 -89 -40 -153 -83 -104 130 -103 -73 35 -173 -171 -96 22 -137 92 -123 -119 -157 76 37 62 121 -167 96 96 76 -99 -27 81 -152 -33 -147 21 23 -198 -149 72 88 64 -155 -96 139 5 -143 69 102 44
23 80 -94 -200 5 50 49 -45 -19 17 -5 -112 -164 -48 -146 7 -152 99 90 118 129 -32 117 -62 -157 117 19 -97 -7 28 -120 -108 145 -21 -108 -29 -113 91 -143 -175 72 100 -104 -15 -81 -72 36 -147 -120 -28
111 75 32 -143 41 -93 -183 -131 26 -117 -166 -77 -162 -88 84 19 135 1 -55 147 -140 140 77 -153 -75 -122 144 117 -186 24 -140 26 -142 -96 142 -13 -140 -131 -29 126 26 -49 17 84 24 2 -100 0 -121 -140
59 94 138 63 12 -89 -198 -42 -71 -45 133 -34 89 -193 83 -172 90 55 110 -84 -92 -145 3 -123 89 4 0 109 -67 -167 -30 -190 -123 -51 -115 -16 71 -93 -91 -146 -181 -74 107 106 72 109 150 76 -62 47
45 126 -98 148 -192 40 -27 -169 31 121 117 -139 -123 139 118 5 -116 -72 -173 -123 -192 -77 -193 -3 25 -119 42 46 110 125 -161 -159 10 -65 75 30 140 122 -94 145 8 42 -103 -73 -166 42 136 -183 -13 -43
-38 -10 -73 63 43 -6 -173 -182 -103 140 -60 0 -102 -145 140 -147 57 -169 149 -135 116 18 126 -140 59 81 103 103 -19 144 -21 -200 -75 39 -59 103 70 -103 -188 10 66 -143 -39 -166 -1 -169 -159 62 24 38
-125 -119 -111 20 -130 54 -10 61 -191 -62 -132 6 107 98 35 14 39 144 -126 96 -134 -169 49 -190 58 15 -49 15 -163 -107 -154 144 123 -31 -1 -66 12 -110 -146 -172 98 -189 107 105 0 -67 1 -160 148 -135
133 120 25 -3 -155 -150 78 144 78 138 -116 -40 51 68 -119 82 93 95 -131 -85 111 -166 -20 119 41 -16 -107 128 18 -26 92 -31 -139 21 62 -19 53 -12 66 -106 44 -186 -165 116 43 -50 110 -136 -144 115
