200 200
29564206 216258589 147829453 56171340 67944241 157648096 138909122 132341695 131487637 334621357 20701105 816163392 368246882 314807204 535466497 956347809 75948426 636950821 264408736 41470843 9395564 131114569 146083585 47549065 55162945 605659897 302258496 653030911 132260765 225178488 261449433 43351049 701244619 699486733 541502344 301343335 52675979 192666475 766768357 547582873 13181983 37141105 55073215 7144223 312387257 638640579 430799041 241481325 436770748 54002100 135094401 61607447 21371921 35148798 453976135 77012116 17516401 261160345 44486365 737299858 111399297 107262765 576519841 332084397 173047519 9998025 545411101 32741083 609394969 53523527 164460209 62350663 30133245 100667777 101190181 70157440 64311303 493950430 249740561 694393300 650362287 221001597 391550185 300111206 4772682 425506048 496936980 14627449 551536049 395719416 74240529 53981523 67640737 46465160 483508751 1386002 209769121 197768341 67983601 227850361 414234433 172923217 940905104 954657318 23389081 52738771 99768793 66636379 166215895 228326440 31240371 97066669 940953465 639692295 136193649 237177835 23295091 2746945 505871185 93986838 620194233 281685871 100867729 360528482 47656507 154195857 80696809 503763085 216395521 7938919 47517081 557901961 33355279 35541517 2538097 681008485 331097849 114502634 32368361 292148506 52215601 195456169 310738581 42919549 81097339 237300801 771036223 225418541 611383001 37281408 159983857 82904596 73017001 11308009 133526961 11916969 316671387 206890090 442995499 168723353 188640440 412609627 106939813 260334121 280021281 3592641 111995083 89186111 15961065 600570096 43250778 111776260 118525928 275218825 41048673 489917196 376932025 520753589 300665247 753299 735949345 7878043 149709076 930943623 223852166 281956201 113960977 19662046 91649739 201987763 35155161 29930839 12748657 469273369 165551731 210835900 26025607 7760666 144045955 160300205 
1 109
3 82
1 197
11 123
25 33
25 153
104 189
121 173
6 87
53 113
33 183
11 139
46 121
13 61
91 114
98 127
1 112
151 180
36 137
41 183
158 176
54 128
43 91
21 113
51 151
73 86
24 47
17 51
29 79
82 170
67 148
145 159
44 67
127 177
91 127
101 192
19 127
41 179
48 68
143 157
36 182
9 11
31 137
19 65
94 151
55 119
87 131
181 185
111 195
29 97
82 113
36 71
26 143
1 94
41 57
81 83
133 141
83 91
109 110
112 131
9 51
142 161
48 177
65 115
59 191
34 166
114 187
41 97
26 71
151 153
162 183
151 159
36 50
28 73
121 169
141 191
64 163
56 157
101 145
70 137
1 177
21 121
72 176
54 76
29 177
66 67
111 124
41 193
31 119
57 57
1 104
49 88
81 131
59 68
33 73
49 179
129 179
97 140
69 105
25 125
73 161
1 33
61 161
41 161
18 35
31 137
13 57
59 65
105 113
118 163
37 41
29 95
17 66
1 49
3 123
61 171
41 132
119 121
91 105
23 109
151 173
21 65
115 121
19 101
65 121
27 71
25 43
94 115
79 161
29 56
1 197
63 199
108 183
35 123
121 129
121 187
6 61
71 173
119 123
37 150
51 145
101 106
23 113
106 155
121 137
11 197
51 156
121 167
21 129
121 150
61 113
91 176
101 151
1 133
28 169
121 121
69 111
45 69
26 175
32 195
33 86
9 104
153 192
161 176
143 171
25 86
93 191
181 186
59 199
171 186
5 101
64 181
79 190
111 168
41 153
87 185
25 136
68 129
5 67
17 81
23 151
25 127
13 151
51 177
92 145
4 63
143 197
138 151
23 81
32 64
61 129
36 107
33 51
23 149
101 156
113 172
1 136
63 72
5 126
71 135
