100
2 -201111240 18106713
2 -61046424 246374992
1 -71913537 195511041
2 -86921023 102767231
2 599776839 675104221
2 -399357210 251015121
1 -144634680 854211301
1 509488938 1717136
2 -295291224 229578255
2 -83484765 772600788
2 -67010027 372253302
2 166427380 23329247
1 -240602458 560825081
1 -466008756 5228672
1 302127620 25820308
2 -444945768 584365643
1 186528732 378047502
2 -196895079 9704275
1 -836994840 513835224
2 -3025631 21862465
2 -3356829 269824001
1 2170350 143131528
1 -596568 68957569
2 -404905490 128076913
1 256706434 775016306
2 -229385537 26313111
2 -9480732 704559139
2 -830450876 514887166
2 -73315710 320495137
1 92646600 286908011
2 -755814848 189092251
1 333639840 19488844
2 195008881 582667776
2 -199335880 658610842
2 -277279654 381596961
1 376471138 99323953
2 216272214 55171089
2 -345745153 240247681
1 202598739 517539672
2 -3249288 31763026
2 -293016735 64250174
1 -285118509 267701337
2 882010324 263775821
2 -13565570 75038941
1 823105350 13469781
2 -2071349 49639591
1 -119027948 81413746
2 -353291898 25441759
2 -109219968 196063201
2 68512635 10771104
1 166687904 268842268
2 -273859050 312141844
2 -7567128 758863444
2 39184360 523559808
1 68579656 869629023
1 -17368801 229542202
2 849454206 84282873
1 -896067361 26455201
1 331921202 189425741
1 -130160036 722592355
2 292484926 325757919
1 -870619624 394502266
1 338958176 32594572
1 -314319840 106090951
1 -613738320 664969894
1 -7418880 283070854
2 212173280 150969024
2 94977600 216256375
2 109302200 349874513
1 386766864 500809591
1 -324306850 1491761
1 835106490 713610286
1 -382518955 210753601
1 -296082045 74907297
1 102584628 589455577
1 -353739526 22786155
1 -610280424 46507371
1 -205082500 938377098
2 289847052 226438521
2 14125770 145720901
1 362681400 152280181
2 -692389911 29341923
1 37931647 92132041
2 458670324 181379857
2 -530107195 571001873
2 -66284400 2299363
1 -3433950 38787600
2 -600021697 76381985
1 621633464 477689372
2 203382444 259575863
2 -41831757 102731101
2 51777180 107802531
1 -386124594 710205502
2 505922912 70768105
1 -171085078 138411495
2 -86768319 126368166
1 155062352 359137301
1 -522110730 141988979
1 -690082037 181438111
2 70076534 635325901
