100
1 -108450888 134047297
1 130841620 164304955
1 281588510 105111856
2 96307390 248809861
1 97949356 311697460
1 350501200 760335845
1 -117608582 435979897
2 107211520 426158721
2 9503384 70718509
1 18353804 252841447
2 -106287798 283029505
1 38032800 75771576
2 -166122330 549736593
1 125113468 210304185
2 1171500 174259928
2 433745258 443728369
1 69220736 676730790
2 -657050220 86366089
2 145129472 90052831
1 -320160694 525586258
2 -216247980 355534579
2 -470782584 52465151
1 -1300800 293582677
2 -156409088 127800361
1 -35050656 476812309
1 140653422 15210609
1 -3034348 333031587
2 -412477758 863782700
2 -45072414 160824225
2 -62336505 288568571
1 -8511706 13053855
1 371312910 597302785
1 94869585 121081598
2 591968322 58489231
2 396295614 311401271
1 -155055296 784427587
1 46250217 194444405
2 -666983188 191461969
2 179381860 402634046
1 9722679 45002143
1 385459050 4615011
1 122945075 535209182
1 3559674 325351877
1 -249191250 304239025
2 -160324008 722819280
2 -133966912 17418556
2 -328895392 320180097
2 795168220 245454646
1 -335163168 4363843
1 -264825374 162580614
1 78928050 258879843
2 -526696908 448941241
2 -18947257 47661439
1 -184861176 81576781
1 -107263520 14978015
2 320532766 60981999
2 231028866 782304511
1 -308212932 228978212
1 160030286 217288474
1 66659064 500374333
1 -90095103 63705559
2 -6199260 146043087
1 730713284 690524929
1 -70675400 62376507
1 401938312 4562416
2 -418261368 114096497
2 331787589 28719775
2 668161068 15426037
1 268506434 251184561
1 -16010584 9419475
2 -182828163 263929
2 690537960 706187191
2 -206168320 865729339
1 -166750527 551704267
1 -178346896 35822091
2 -734670320 215401441
2 -743988168 636706747
2 -53563269 171405613
2 382886644 58913065
2 -503618472 503573323
2 -605102400 331837804
2 381484131 5297575
1 707590832 313661996
2 -123094320 416274209
1 -289115645 717707215
2 33613120 8529631
2 -293675382 64798245
1 -624866780 332606161
2 631003464 165110666
2 290013844 541383001
1 -557212086 421361177
2 -651997191 17670073
1 77961962 385143221
2 149729268 448440669
1 -95485501 85558960
1 -853394172 748176724
2 91665938 147523013
2 -593464183 418283065
2 415523616 622955388
1 -127868457 201839251
