100
1 49 196800367
2 34 203291271
2 92 176665126
1 78 749014457
2 36 327746981
1 45 262406259
1 88 126565792
2 -62 116697697
1 -95 647758261
1 55 29488861
1 20 5960565
2 60 45267625
2 -73 19286893
1 -60 79541726
1 -52 137769066
2 -80 71531923
2 -20 350974531
2 -32 156075844
1 16 460251289
2 -13 60577401
2 -52 120938753
2 -71 621733828
1 -50 52910001
2 11 88511445
1 -15 174320863
1 -52 50834440
1 60 339920395
2 60 111101640
1 16 834030584
1 30 85896829
2 0 388135450
2 -45 6316317
1 -62 21727813
1 -64 364787501
1 -44 77202017
1 -28 8573207
1 71 361093
1 39 180320656
1 88 266821276
1 92 628331428
2 1 51298017
2 12 658128879
1 50 180766597
1 50 214691863
2 -15 806609571
2 30 232111765
2 -43 964989609
2 48 143623811
1 -50 454387537
2 92 776129872
1 -80 317842141
1 68 6187402
2 -72 784172206
2 56 309261761
2 -16 35997457
1 18 538537527
1 30 114396121
2 48 571473321
1 70 236162935
1 -23 28078518
1 90 95516759
2 -86 107582524
2 -36 332395501
1 -72 741762743
2 90 2872497
1 -80 10930291
2 12 364701513
2 -4 124092476
2 97 13797969
2 -27 202368433
1 30 84604321
1 52 81687861
1 -41 790130951
1 -56 798183169
1 79 23704255
2 45 216463105
1 -95 28953226
1 48 839067585
2 -12 249531121
1 0 250330175
1 74 641117647
1 -30 634371846
2 88 48739048
2 54 524942371
2 -50 434975672
2 -18 43632709
1 -42 744542937
1 40 678772873
1 -20 186691474
1 62 42831602
2 30 263370611
2 -59 783675621
2 -44 1084155
1 -40 84155807
1 60 229253123
1 -20 127095250
2 -24 378193373
1 56 433629361
2 73 45333373
1 -86 142597841
