100
1 33523788 1
1 74736844 49
2 -56734860 1
1 -527577860 73
1 247091328 49
1 -1013056 37
1 247541760 67
1 74425299 80
1 478212346 13
1 36118188 31
1 -1362928 97
1 -62243532 27
2 276197506 84
1 -277408647 97
1 61750780 80
1 115570265 81
2 192352200 79
2 -255934452 21
2 268403760 31
1 474215913 5
1 -127748540 29
2 109867824 93
2 -144533760 71
2 -154300784 11
2 -223146651 69
1 -788388400 33
2 -36046050 96
1 386923600 16
2 -232384456 6
1 221211837 96
1 -17777750 31
2 -2662044 96
1 398709864 89
1 -58693376 71
2 -12150010 67
2 144903903 93
2 95080342 45
2 464497860 37
1 -390773760 21
2 112280766 79
1 228890560 46
2 -186918400 28
2 438817500 14
2 573213718 9
1 389754443 15
1 25871554 49
2 786048984 89
1 69603640 81
1 249977634 96
1 114635120 15
2 474765784 100
1 38471238 85
1 -481639019 57
2 326456 61
1 793914496 61
1 -83633592 55
2 9606518 89
1 202972176 1
1 618123285 36
1 -649998360 45
1 252597872 89
1 995475842 82
2 -625026017 22
1 -84449664 69
2 -490447482 1
1 551292964 3
1 -143599512 94
1 13157262 84
1 139829046 86
1 644463480 31
2 -85030125 73
2 36439832 61
1 440273500 68
2 -87231256 75
2 456948009 71
1 -30687072 41
2 14619225 67
2 11302752 27
2 663334040 33
1 128597339 9
1 22723560 93
2 628186986 5
1 3688230 25
1 324111424 77
2 12534681 66
2 460612768 41
2 -224944950 55
1 -270023358 13
2 5409829 93
2 157971960 3
1 -757789872 50
2 -452279184 29
2 503084375 70
1 -159691752 29
2 -903503040 54
2 145079043 6
2 354800118 21
1 9917316 69
2 -106128632 11
2 -65397375 53
