100
1 19 75
1 65 61
2 70 63
2 32 82
1 11 1
2 46 25
2 81 56
1 -45 91
1 74 49
2 -16 59
2 -12 56
1 -70 32
1 -3 36
2 -28 21
1 5 79
2 72 29
1 69 51
1 50 35
1 64 3
2 -60 33
1 90 76
2 66 71
1 -9 15
2 40 1
2 6 71
1 -66 84
2 -16 1
1 -83 9
1 -7 73
1 65 33
1 0 85
1 -44 19
1 -99 21
2 -50 1
1 63 25
1 21 56
2 24 42
1 70 19
1 42 89
2 -2 33
1 36 59
1 52 85
1 -37 63
1 60 56
2 -60 82
1 -93 29
1 22 40
2 -62 97
1 60 16
2 -12 74
1 0 9
1 -34 14
2 -65 25
2 -42 53
2 77 21
2 71 9
2 0 52
1 19 87
1 -43 1
2 55 66
2 60 25
1 -23 93
1 -89 31
2 96 13
1 20 13
1 90 49
1 74 13
1 50 41
2 -14 61
1 -24 16
2 18 63
1 -75 75
1 -64 96
2 12 89
2 -95 51
2 48 38
2 98 9
2 10 1
1 -64 38
2 -4 47
1 -80 9
2 67 16
1 -4 20
1 64 42
2 23 65
1 39 16
1 4 21
1 -64 19
2 -92 35
1 60 13
2 -16 71
2 10 23
2 60 54
1 98 96
1 40 35
2 34 6
1 40 21
1 9 44
1 26 50
1 -12 15
