100
2 29 28
2 2 44
1 -22 17
1 60 31
1 -56 61
2 -78 36
2 -74 11
1 -6 7
2 -91 76
1 86 9
1 79 21
1 -60 15
2 72 91
1 4 1
2 66 38
1 -44 16
2 88 5
1 -82 1
1 40 1
2 -70 33
1 -65 99
2 -78 91
1 -15 27
1 -20 11
2 0 37
1 56 81
2 0 85
2 70 14
2 0 88
2 64 86
2 -5 15
2 98 97
2 76 79
1 -21 37
2 -28 73
1 -24 9
2 -14 43
1 -8 17
2 -80 45
1 -40 65
2 20 71
2 -76 81
2 -58 53
2 -80 29
1 70 37
2 -80 33
2 -80 26
1 -12 17
2 86 53
1 5 21
1 -25 46
2 8 1
1 30 60
1 -34 98
1 70 69
1 -36 89
2 67 7
2 -60 77
1 -44 60
1 15 31
1 48 54
1 -84 13
2 -65 5
2 -38 44
2 -10 80
1 56 93
2 56 1
1 48 49
2 0 29
1 96 21
1 -94 8
1 -35 56
2 0 77
2 12 21
1 92 93
1 -44 61
1 62 63
1 -4 61
1 24 10
1 69 16
2 66 93
1 -22 8
1 -94 89
1 -12 73
1 -28 22
2 40 73
2 -90 79
1 -40 33
2 32 7
1 60 44
1 -40 86
2 96 1
2 -23 99
2 36 76
2 -93 77
1 -2 45
1 -50 5
1 -96 45
1 48 89
1 -94 71
