2000
1 324957340 737630509
1 334586754 164273313
1 3455736 26596009
1 114019488 280929407
1 45450964 116193777
1 -211593294 30664351
1 -74518804 578651529
1 66718158 324092653
1 -408405076 130453241
1 307689062 210045719
1 392362445 81829021
1 -655976232 458128630
1 -252627276 49640441
1 -111961440 208845208
1 26421056 68026890
1 9751896 489954921
1 -75129600 169376673
1 865620 302781065
1 103833708 8966101
1 -45863055 39293270
1 879774206 543807784
1 899557832 599164021
1 -78788472 590210713
1 742795416 347023854
1 204785730 377598673
1 -501444790 42861433
1 71627310 153070233
1 33223372 48025817
1 8819724 360658414
1 991985102 501050191
1 42781956 704311431
1 -123551082 23332145
1 -253127595 477996481
1 259036260 230737921
1 -747737240 217989531
1 35936316 868438271
1 12929367 299086251
1 -361686784 3726105
1 -321667723 30234180
1 65155552 4174301
1 130552130 152391445
1 -198996680 441279201
1 -228532992 119582281
1 361938676 4328001
1 507854480 240109757
1 -58593024 4996259
1 188268948 159646543
1 51419603 159297612
1 -327155328 41999101
1 39310090 24025065
1 -4134276 10495346
1 -473106 195001000
1 -79286340 492996302
1 -33484255 43927253
1 -16434240 118720610
1 295408064 356834701
1 64199826 175924915
1 957988839 69419461
1 -157316880 575228717
1 -86166670 47978784
1 102502623 338164305
1 189129850 649723540
1 -38786850 92515333
1 5956098 271627231
1 -108549207 292037731
1 291165654 776994314
1 -681345115 78596986
1 134300592 395845221
1 488042370 224862891
1 -92863104 503601121
1 -278299770 372881280
1 159139151 52336276
1 186368110 552512291
1 521281430 149915501
1 -824153064 7228069
1 58747800 545964665
1 216282368 74942908
1 -264768380 70181538
1 258799770 171999393
1 -24190640 386022123
1 177965053 158135521
1 24908310 353930261
1 159455980 38504761
1 -12024096 148279297
1 4506150 6268361
1 -119339388 73610309
1 4593310 526468196
1 359718895 374886385
1 -304728384 504352041
1 -81643882 310859907
1 -424695474 50898042
1 -832711824 60240961
1 -134832600 706274851
1 -90911808 561808189
1 2060792 188109607
1 72228080 484182283
1 -407829006 639876997
1 373070880 168758101
1 -137608170 588266677
1 268234472 446330921
1 75882257 495121407
1 40290503 332068705
1 -111875776 373162129
1 -236376720 339625021
1 -438808085 284249601
1 -61928272 179644627
1 454676448 467500261
1 164355475 11517211
1 -757118536 46930388
1 -359123625 190613606
1 -574762008 219814138
1 -187809552 707600189
1 -5285120 778025733
1 -342998145 337949133
1 -577898191 285433254
1 -45829508 353403246
1 107040632 83486737
1 145542870 176873929
1 -67791294 2945812
1 -101741277 995475328
1 -414853790 167632686
1 -328289400 26020849
1 -280356963 82617193
1 -678489064 304291705
1 123029517 88973057
1 -120352336 844753564
1 9692784 163245573
1 -363842064 22158709
1 -647618502 12326897
1 -5889660 648626191
1 90345376 6826345
1 73889580 107023489
1 -27074391 528148807
1 12733730 619764871
1 -175460782 8170881
1 -832871412 503901217
1 -21386880 325184551
1 -21954093 71031777
1 -295830522 490937945
1 -44549758 84774885
1 -60300615 90666361
1 136044324 31248037
1 -769103676 287200065
1 257820260 926499739
1 51465856 158758152
1 -124499724 920417101
1 -700105296 69190661
1 -60068500 60665633
1 -174634010 796875841
1 510821950 22614619
1 -54126912 58398163
1 35320560 190328290
1 926004270 938967089
1 -16403205 99590638
1 -25901128 344920236
1 97099440 175965505
1 -293439686 415614856
1 581289212 248577241
1 19676220 171454116
1 49550178 290244913
1 -252969404 797699649
1 -65778256 92943951
1 50575128 236220573
1 134920618 7891192
1 -111929020 294187303
1 -586155816 364483827
1 -286542410 615010497
1 219668564 542327464
1 -2965664 42516796
1 -58536000 26233148
1 23371708 4160141
1 -299644605 45765301
1 65056786 44862081
1 -314154160 381348809
1 -304684104 1025383
1 -75857040 100668417
1 6753125 1441023
1 61319895 128712012
1 -12909104 297882800
1 517753344 338766529
1 -248104737 78368101
1 8443088 167287342
1 628947523 487940723
1 -276878863 21946107
1 -6620250 34639084
1 -78661050 118723965
1 -747612294 377685017
1 746547396 126620011
1 123255581 168056281
1 -636373890 421709440
1 29555118 77477809
1 -28877628 286732932
1 258517412 117717294
1 756007230 39845321
1 -500139 23430020
1 -241858590 250874911
1 282530532 436591521
1 730210184 710225377
1 15276424 303923988
1 567736840 385972193
1 -101534162 149051182
1 -133305960 891408841
1 702161915 461455507
1 255181584 440821555
1 605279430 906346453
1 361479862 475895911
1 222518120 259123951
1 -261772920 3722661
1 3171897 152389841
1 412233219 30081313
1 -76692759 273602809
1 79750910 360747388
1 -89809384 89352883
1 7207200 547819483
1 199433307 33430273
1 496717740 2412001
1 137036484 597417457
1 -156210739 34769721
1 615415400 51210881
1 -302794125 33048989
1 331321148 434446785
1 23981778 163746535
1 454506702 260924301
1 308700540 956017225
1 -409678549 11822887
1 222508013 989033111
1 -90050046 205027201
1 15331842 411301333
1 -653574152 196380809
1 3001715 342887241
1 -33857384 15687151
1 -262729312 8522185
1 -4820823 18159145
1 28691784 338951185
1 -511994406 18823821
1 -569008464 125113367
1 -28284162 579517681
1 300852032 37786351
1 -125914492 257133745
1 102169417 25057429
1 57905631 268978317
1 -82940462 393730726
1 -999001965 53877343
1 456250520 21455635
1 -100243950 45249679
1 -311040444 289947065
1 2176922 283191707
1 165775840 816050731
1 21888576 148260481
1 -202976433 241012363
1 -173702524 70119743
1 -115964334 89774409
1 167204655 414346139
1 309677894 83292532
1 -313073222 283918889
1 766425458 794630521
1 635174908 657142609
1 -244144724 789718994
1 44881772 49209694
1 -216263636 39167272
1 -549569693 514999901
1 -148643412 435517533
1 71992191 7199461
1 -242578937 405544961
1 59340960 558431365
1 142376697 442508246
1 -671309816 735804226
1 64110276 430006025
1 92649490 308615457
1 -37692504 989374177
1 -32918175 96351547
1 425489064 203751899
1 242265504 328397959
1 -219878344 25241861
1 102785498 477524089
1 -607501232 84602852
1 175305258 11790633
1 -143085266 99441007
1 -14684508 1694085
1 287097479 228533
1 351332316 309705355
1 640410492 370325117
1 22791321 270941449
1 419109504 419134033
1 3397760 283441
1 143878708 82763263
1 659099160 280017889
1 136875825 256175750
1 -10392480 740247886
1 -647174715 34816086
1 11802726 134658175
1 -169757280 170852921
1 -239441928 306573717
1 -385116016 679874348
1 245106620 251232685
1 -101678048 611727943
1 -943552932 117736123
1 -90045225 17588719
1 56088968 681243080
1 404162262 99809505
1 -157314285 632898937
1 -69005640 772326467
1 -555840978 106794091
1 306632196 718478641
1 413831574 82196833
1 -11717277 851887801
1 151644350 1054595
1 147172536 546812801
1 -367082520 155785356
1 281349224 284991841
1 -272001282 598307681
1 281315286 290001301
1 77658977 95039839
1 -785520 175313191
1 -91439520 242119713
1 302346246 62738913
1 471318624 639900017
1 230297903 488083401
1 -792459174 334696449
1 430502940 398177932
1 -8600608 105697243
1 -195583850 383878701
1 681428835 828311401
1 44316000 147764137
1 400854864 5740829
1 59923318 418698820
1 -139800176 77538760
1 -400121795 394608489
1 93123453 144297505
1 336241750 794675561
1 416493755 49620781
1 140009625 133283819
1 -950197872 62694713
1 -37546935 316394443
1 -154906091 744892387
1 184249296 17937109
1 -40403061 2247331
1 -11978680 311890629
1 -169181073 205385161
1 155266335 176761855
1 601453566 83649781
1 895053500 58941950
1 299296833 654527187
1 36911200 437763649
1 283850880 193435838
1 301399117 320158781
1 -171033363 168588601
1 256105647 317583842
1 -213348747 449469778
1 486724320 252914805
1 518743505 222722930
1 -51053348 111611692
1 -82776642 417102862
1 558144846 17072335
1 43397640 133664047
1 449472284 705978801
1 -68264000 666885703
1 323696703 214682489
1 -180503923 377191
1 251136 707048626
1 388269048 649060748
1 7002051 61612101
1 -186524368 184112211
1 668524626 6957063
1 55047811 106119665
1 425855432 361516751
1 46260760 250234505
1 -283123925 12062308
1 237420396 121804277
1 -681678284 13980417
1 -26368632 12115013
1 791096960 202459271
1 -17439309 16855528
1 -758907652 165704353
1 -5625408 324551137
1 -150492020 5567407
1 -326818183 212366617
1 867634047 600501937
1 -156935188 14682241
1 1066635 597622257
1 251575078 158993408
1 -18673785 311666644
1 66899856 877153291
1 -900553108 176931067
1 -551665030 141922796
1 113195520 550157567
1 48481452 84385951
1 -211474939 99721791
1 -244877624 230907521
1 -113772076 449477185
1 223599832 126431015
1 37484784 776942209
1 674931228 760435248
1 -439269277 46608088
1 238183412 374790736
1 387527220 376068656
1 155261916 151255296
1 -21582665 45911834
1 -170658724 130481451
1 2818800 121119145
1 430334800 27473167
1 453612721 17006241
1 1235646 166659039
1 -92294020 574713549
1 -429633511 567812345
1 -643268430 83723251
1 -546775992 167632504
1 172091950 44461495
1 288631083 2650561
1 10056484 97463457
1 -111446258 521053623
1 683756925 470121105
1 -279603370 385021187
1 -251595927 36395126
1 165198215 13164607
1 23039160 243568589
1 402502289 558878504
1 -358795520 74960227
1 -88994442 276323216
1 -89973275 638380693
1 321016503 218353213
1 -149130072 479930452
1 14947556 220246837
1 -467692038 45644819
1 196315544 51016131
1 -87048900 100263801
1 -331918748 17463874
1 377286000 574797029
1 -23940672 660259001
1 -742037128 75075651
1 423356024 34747337
1 -520201500 678822777
1 -59887278 377202181
1 -80658444 326737304
1 249377904 323490294
1 -2677500 141714381
1 -234639392 41851186
1 -405367821 693703829
1 349033186 447688726
1 -441971712 132342349
1 -643691892 577247921
1 130321218 112434769
1 -7013300 500053429
1 -30053112 2668141
1 225769027 944113561
1 -462982556 36598145
1 159403860 701331021
1 -35280699 684882071
1 82326384 29076301
1 192044202 219231741
1 38134595 9353934
1 112578768 409693173
1 -247583336 440349735
1 -286892802 133295121
1 -764231246 55019701
1 -470822040 2681309
1 424242624 382931416
1 -862098084 68212369
1 112838720 323535969
1 -2937501 7397746
1 -368493822 82643193
1 -409519384 87963649
1 -671431516 546830741
1 917381496 362649101
1 -54499089 342384179
1 8896349 30249185
1 14562870 451000345
1 171251712 416375150
1 -198334275 159879489
1 -119017815 328980633
1 484595988 21049497
1 429407465 193746021
1 385954470 75984141
1 183966992 655092894
1 35575446 12821095
1 877674442 67252031
1 643981114 56348395
1 270614775 313904017
1 -140190192 503625305
1 -607836110 311253989
1 -612888320 367076755
1 -373561452 426533713
1 -225666432 6132631
1 -19945237 88140664
1 17902164 374894137
1 238716699 285100705
1 187562700 27447917
1 616081088 824854633
1 140561806 5280265
1 193172904 468523378
1 59568072 20293405
1 504508173 69325501
1 804990960 466316900
1 373204194 515709274
1 -4214592 293477899
1 502567688 708566325
1 -154234948 55686797
1 5922565 73681206
1 -272453424 540021249
1 -104935775 508080922
1 -11969856 32889033
1 68285505 417081449
1 463059526 581995019
1 51153686 466301601
1 168160212 19500976
1 -503660256 237902647
1 -364261938 199733647
1 -451230296 102394915
1 100752785 791105597
1 -111809960 411038901
1 -135395470 37231429
1 -204130681 165609711
1 582827590 741134311
1 -62406726 344011501
1 -230472543 467510212
1 669798639 234369025
1 -65152272 46121643
1 278807506 98975386
1 -487776124 115170397
1 409356129 371490684
1 -11922120 91729
1 381890340 681795019
1 544273200 326961601
1 968286288 133511401
1 -263902628 90830215
1 88220762 35520601
1 463233610 244657376
1 -65244320 618376459
1 -619572576 194423029
1 -16576448 473123057
1 -244996178 245432734
1 -3013824 1191765
1 258167259 532268087
1 150654390 306761680
1 345366528 63662470
1 32570593 886577357
1 111886159 204585223
1 -44723017 608729871
1 390442520 17465169
1 117487986 356331539
1 700689500 27428283
1 -457137280 249462273
1 141810480 151157161
1 249274176 309283519
1 217761414 501849589
1 -196793870 131285461
1 148849260 78560293
1 -382768848 21226690
1 -77299558 453148389
1 -448564032 21950372
1 31178840 22416962
1 107851980 225108631
1 628255536 337776028
1 -119555634 2719927
1 15722997 7344817
1 -127027026 2006209
1 1193101 118274833
1 528405725 23183001
1 117310512 104484073
1 92454560 222426010
1 41581252 675031969
1 -265850959 73528625
1 678487410 383684865
1 617554720 355833937
1 315731235 928470481
1 -227584443 5609913
1 -231236456 124988119
1 3006558 57294139
1 52134060 27244747
1 335935296 39525409
1 -346110739 2334501
1 86825649 43740412
1 218913225 410401645
1 -139667240 276477878
1 -156433260 347576293
1 -48346232 55368929
1 -1608915 216637117
1 -122745650 246274410
1 312567275 385978909
1 -164211072 290395990
1 -693342705 571553191
1 448348100 575950816
1 454781790 359122637
1 270249855 52759561
1 -201737232 62499757
1 60376190 275271763
1 -59542990 50624047
1 -243433190 8142481
1 200337280 366207682
1 61172770 306835920
1 -72838494 845706661
1 124104435 711625951
1 -526501992 333916345
1 826684488 77059381
1 -58140128 39859993
1 837304362 43758727
1 -203879148 30690201
1 -307185606 412566601
1 223116867 151359691
1 39805675 458178408
1 363092928 4634065
1 6409488 291907021
1 -579673872 2537531
1 530060601 425747021
1 -399418740 44353765
1 5901900 255103696
1 -79428825 186150273
1 -779094360 438719425
1 -436635696 67259544
1 -393225520 250361139
1 196408164 482633262
1 -110583584 144038669
1 -7081100 217262626
1 375999703 90668761
1 317468954 100442791
1 -755162320 98198829
1 -325488078 154406382
1 218389990 122358803
1 122169152 157948939
1 -421359356 112765157
1 38383290 8893991
1 109252704 5560165
1 -419541168 99458221
1 97219620 63935698
1 23732850 549488005
1 96568655 403256701
1 337707963 200875381
1 253033142 779933701
1 -379887981 485709654
1 183826748 843627626
1 -552557662 499292929
1 -616527324 714662593
1 -291970952 27396505
1 -236942524 874121041
1 -917457656 81588393
1 209284938 93903382
1 853897951 34424623
1 180577047 111097345
1 170538228 225639121
1 344243388 121366741
1 -246087361 46680113
1 185501492 236066441
1 -326987755 322023106
1 -375447891 437997083
1 92784900 248452246
1 -418147150 853590277
1 253054464 5709
1 869506228 62285238
1 -72480551 7558786
1 -141448164 637671466
1 -28007731 121773025
1 -44876755 326097476
1 102180078 412685398
1 -774459672 415728160
1 349335000 373636243
1 -295548666 770428351
1 -196306048 156834145
1 -643940700 179791525
1 170480595 419999421
1 -83885310 228197451
1 81168495 539054803
1 694012088 90858241
1 471608568 92869651
1 120453894 58279543
1 706648800 757584892
1 -100446403 236374745
1 -44360130 300951721
1 170319719 3497131
1 -299538906 259506746
1 -428093601 206869213
1 383857131 237699766
1 -14827746 134141429
1 72349280 106287017
1 -428418300 937914225
1 -161847859 458100562
1 212800231 323891569
1 128010224 76260445
1 -323294312 74809761
1 -573556335 54062623
1 -740230150 27445219
1 164106240 335708053
1 -40874140 34913641
1 485683626 359973985
1 317753496 211821653
1 601882290 4874917
1 4120416 249852139
1 -221568921 83610010
1 563615861 115569933
1 290009408 442890581
1 39194914 251595436
1 146528715 528949553
1 -943285146 269920057
1 493361648 226826509
1 558374260 222713793
1 237852010 134741041
1 -174934971 754442321
1 -670793208 502277647
1 -647083987 169966546
1 -304598416 388448929
1 -202441733 422185226
1 78831108 171551761
1 293010582 174826954
1 578180 416514701
1 246823902 227015743
1 -4731862 76553647
1 65860168 116197341
1 55819995 160428401
1 -304305272 378077243
1 -477459671 60144601
1 -829607988 464947301
1 -505684140 244198501
1 63950928 23350735
1 -6605350 266033913
1 260341595 23529544
1 -417870920 12830761
1 -185594663 59471290
1 282925098 111795007
1 -70192326 211156375
1 238244772 102091523
1 279146860 220618945
1 100176990 46356301
1 -35440524 64537441
1 546825320 148142268
1 88453989 13532313
1 138363250 5862494
1 585376008 49920781
1 11493117 443170528
1 -142816748 774013964
1 83542005 8026336
1 -31734852 165572892
1 474817544 164758493
1 30738231 277352665
1 210369040 2611641
1 -297396892 15962095
1 -287948331 574835521
1 -307393569 672094261
1 390599029 613414617
1 -170505535 20402524
1 244596753 333859069
1 280793370 384289477
1 -47366144 126886046
1 705769763 91316149
1 390902444 89340377
1 -750185552 125141101
1 -562634312 289526991
1 166695176 289548372
1 -75318180 115845303
1 569397411 111830075
1 -240730965 17655751
1 -163398198 312247909
1 470957494 137745307
1 -800461452 27308881
1 15515342 174898803
1 348447444 96033262
1 240907846 84544282
1 -85923058 39315553
1 -29901996 4932621
1 -15436704 74239936
1 160022837 205986601
1 321332524 13385575
1 303350398 318138322
1 306243850 1116343
1 -871321440 731907567
1 -181135572 907550071
1 159348852 133682362
1 -541804428 98054551
1 -20426806 149275797
1 -171781260 3440061
1 -369264282 63583915
1 -148351518 223533586
1 -474812951 380434981
1 -419018295 275355505
1 707217962 410510017
1 256501128 835616979
1 261873612 581846353
1 -467651889 277382119
1 10583412 16012849
1 -432795336 791231641
1 -938862990 610619002
1 -623533443 134509705
1 85890078 125129665
1 23850 6458869
1 137330804 292587693
1 -39149392 35395361
1 -53902400 53008219
1 33453476 403849293
1 -747102132 426172111
1 222714737 55582865
1 -583878804 135534533
1 -515866644 164348549
1 421130028 436076281
1 900248384 207904804
1 123869377 222630317
1 384138390 266102362
1 667607072 189811927
1 -709885881 18664521
1 308399292 664953777
1 -3857238 75488959
1 536769689 70121941
1 -440119314 103546500
1 430649940 34526839
1 -29702685 786398302
1 -269684280 302931877
1 305733308 677282152
1 44198514 384304075
1 -471034096 414583573
1 -71202696 125639521
1 -70558260 68239160
1 -180378285 109912141
1 -5661612 417704851
1 -105479388 91442980
1 540979761 381230433
1 -196456680 12212305
1 379706560 367583092
1 69406019 62422422
1 -117074692 87091256
1 -12576874 595659049
1 383779968 156886289
1 -919758144 257079397
1 94034457 33624397
1 514006479 442021191
1 227658040 434524481
1 -324633378 494435061
1 55782780 527879331
1 405351648 149629096
1 -53018818 538432423
1 -136309154 43216441
1 719489952 20721449
1 9218055 329911669
1 -7704240 621014902
1 -623493882 288271188
1 -92143316 893617053
1 175071720 121904026
1 -752935344 54492001
1 -255155315 400331791
1 174514054 29476091
1 626318028 52554464
1 837568426 807823341
1 -262664402 165357235
1 -523476 317998030
1 375384128 908626777
1 -171035059 90930234
1 1046850 778694027
1 339389899 127478821
1 -14845647 52199848
1 67112736 708136666
1 303934466 341502604
1 -24873810 21546931
1 101228888 12754663
1 472219404 182372581
1 853566777 389714176
1 56626830 499556251
1 -195484156 103442725
1 207712698 11925376
1 59671894 162074641
1 -57590858 441150704
1 428109009 448854451
1 -562659768 59921193
1 -467540072 597118549
1 159953336 216506018
1 -58810716 7846281
1 -698574794 115933391
1 -78307464 105219076
1 526014517 372346795
1 80201296 52704217
1 -471369752 286277601
1 -160208 83617807
1 222556762 186388749
1 12535110 189994999
1 62779535 568716001
1 -52794445 234446209
1 73206624 67692313
1 219753702 115294741
1 81820301 45551617
1 -182564946 23839149
1 315439176 846912167
1 -426446540 315838524
1 -217259059 330348334
1 147032396 127483617
1 12300372 5827131
1 -312543504 106862939
1 -339718769 367936129
1 300984 263121511
1 154120890 159957421
1 111773376 810828421
1 -225069150 163041671
1 -575787804 135977713
1 -251934606 18633067
1 -281045016 304002773
1 84707357 8820788
1 -11457813 146926945
1 116209632 134913333
1 106135029 150063326
1 133868256 865542789
1 -107473212 691399
1 314354600 76595111
1 460702176 208294816
1 132848712 176699341
1 -112091059 93465191
1 74746763 196391641
1 110313153 191402182
1 -477753416 224298317
1 -64151864 524897245
1 -216293056 129521051
1 -403644294 29624633
1 195377826 471664285
1 438051393 38422636
1 -312895112 121002976
1 -282927048 370977985
1 -155686272 241347147
1 -305125691 587854678
1 -933544212 219396591
1 490177296 149044171
1 -600033644 277465177
1 -269347216 172858795
1 207109040 782777386
1 626965752 694067761
1 -25617180 160533721
1 347826240 178541921
1 354241155 225545876
1 110555149 646218995
1 92908772 741803020
1 -192373909 371397331
1 -958252542 1066639
1 -827948925 233750857
1 78227976 762901951
1 91480752 272656848
1 -205600244 19506485
1 129895220 18959268
1 4646016 580000601
1 343954415 287892625
1 -210545940 8252921
1 -216242152 267247351
1 -395796440 35446753
1 803867827 339617440
1 273621686 15583137
1 -202241046 181834628
1 893757168 22092337
1 -483072369 209523979
1 -604098324 24160907
1 -422697366 66387521
1 132904959 432262201
1 532376010 37765087
1 7738491 592225525
1 50393450 586814719
1 566490428 20796744
1 -218413104 535757125
1 -211575823 277493401
1 3018306 233579218
1 -693441381 31611763
1 176187375 58766313
1 -614024830 455404163
1 -17174805 329551591
1 235902720 548686777
1 -232502677 58534877
1 -324711420 282133281
1 1714365 522654725
1 -368760930 8216065
1 -873121990 720409018
1 -880986300 820668521
1 -243238006 107849083
1 655620000 82101031
1 -172960755 170462965
1 -482835992 148941773
1 23528280 800351233
1 -638217822 229358507
1 478934015 43131967
1 -310198566 21895084
1 316929130 420442918
1 581078995 563265187
1 14105740 212885707
1 316295616 16098538
1 -217273095 95835849
1 318651887 515379065
1 5357187 722806001
1 -92482159 376574981
1 33098550 266091615
1 101578959 29744417
1 -20316276 448093075
1 276066582 69389041
1 14066538 1452871
1 -84524115 180099186
1 -47555379 30735731
1 -81743878 563013956
1 812122206 50672701
1 274389120 228542081
1 662432868 40098955
1 225884725 57356941
1 277985074 250336054
1 -390760664 18724913
1 -563840823 562938715
1 646657578 526936376
1 588753300 140262561
1 -218136022 14195265
1 122999193 209419867
1 796040704 162486377
1 -279868117 633842221
1 665640075 496377281
1 -503110296 121463981
1 498753708 805811185
1 359010924 122805114
1 343159740 676704193
1 727101967 101780475
1 -5812124 284114503
1 168473760 567027481
1 -76791420 623977519
1 -123927599 167745813
1 -127039640 223852801
1 376086480 164917831
1 -134102507 189318414
1 127721202 296665216
1 -690798456 194261341
1 92470616 53066521
1 -298098105 109691126
1 83199760 369428439
1 259611033 432341005
1 81639514 52871985
1 -652872604 53593164
1 -165537918 615177951
1 -288712980 142503977
1 37691975 201578455
1 45493448 58190185
1 840103083 125225049
1 697773084 14227816
1 -117631870 59520233
1 146080740 102160225
1 112792943 14587497
1 368192110 687317905
1 -47151624 697057053
1 108142134 53018845
1 468971470 236418088
1 339664668 97185001
1 -182965160 748623889
1 -277578074 114363401
1 154301232 101453261
1 95931270 512721489
1 -18734440 211265659
1 -7908894 169291081
1 -51279680 198507021
1 -193773128 532355311
1 199778880 128192065
1 -226176900 28641034
1 406504525 8759297
1 116733290 245002319
1 -272801928 347390261
1 148049292 117325229
1 27387664 786403936
1 526537 69647436
1 461183888 182942910
1 134819790 43150801
1 710417750 535600501
1 -132666171 89977700
1 451483722 119606412
1 24093676 238672631
1 -100548017 503833837
1 62338562 806019601
1 134531660 148372773
1 81293520 560826901
1 -7730112 692587369
1 -632011065 3749857
1 427596520 56440399
1 -12018944 55753759
1 251883769 1133161
1 200963532 50827689
1 88984658 36663529
1 565042859 442278751
1 77822602 135570241
1 18192420 437662321
1 -291260500 4678741
1 -252952308 34590283
1 -16496800 122176351
1 -702450750 860953087
1 -350221019 626051593
1 -537387136 569243161
1 -49285017 73377466
1 38923164 206620849
1 302328552 7495135
1 -197803071 55058410
1 50402520 631672801
1 231007380 92388745
1 47984530 15569185
1 -172901568 326777453
1 -293955480 365478237
1 -565782112 556221763
1 -236992100 64312396
1 57090528 184175937
1 121744134 33100573
1 7228935 5998057
1 383114950 545317837
1 161819670 20415539
1 -51550587 149931471
1 -854672750 323105721
1 216319272 35340196
1 520085864 228127811
1 66752819 952854863
1 85249350 210627555
1 -2363022 708275471
1 -526043832 646435756
1 -342553230 364102337
1 -369037152 392498577
1 213444790 42452541
1 -58238770 58043065
1 -44318592 800630680
1 -515093040 145088293
1 -27920568 777807961
1 -332109534 175800661
1 9513438 351040051
1 18262860 63298328
1 -566409485 14226301
1 173975480 441568573
1 -414529737 531024841
1 -146973526 406523547
1 362539239 276095183
1 195184680 148929089
1 -35046620 126414663
1 230152215 380643713
1 -42607367 18156205
1 477252825 210188497
1 -113676576 401280650
1 108040800 469278201
1 383226987 53489668
1 -64426065 408984801
1 -47455556 574685633
1 -20217091 451937052
1 -257557616 470262233
1 83680103 131849857
1 137705464 233426326
1 -665795791 185101801
1 -192759936 478425427
1 372248389 368666253
1 420496180 754151641
1 256886985 177310603
1 480612600 85761745
1 -86922737 110217511
1 505220565 2902453
1 411416381 468676528
1 888206925 648836071
1 -343909120 224985421
1 -430399354 119015881
1 26217040 665671213
1 238048262 283596743
1 17945930 202574076
1 282644652 230801419
1 -328839468 397117909
1 -553548892 33885096
1 -500991250 226834939
1 -471561750 2510377
1 -51756642 6073406
1 647160030 162855577
1 -642671880 331658953
1 -847468451 32115275
1 -346262293 25303681
1 43137561 46950851
1 -207521230 43767041
1 597061339 12770029
1 -177646794 113241143
1 -4133766 516636190
1 -338024154 51803305
1 14028750 48170656
1 471510 855135073
1 223143990 339532081
1 199711350 226608509
1 -177864608 58557265
1 204758125 20083951
1 279252449 81728911
1 656965782 81385418
1 392229574 582493261
1 623338320 27014881
1 663985664 6102226
1 306691329 34934182
1 -567789607 114139919
1 71279811 306423604
1 500415696 91763008
1 217750810 389150640
1 19173700 90845315
1 95382648 409319756
1 -315858828 287804729
1 -506517936 36980459
1 -176597766 24578933
1 -273265853 361575626
1 -274970388 85691197
1 120573184 303339371
1 -258968970 512048161
1 418050531 24350954
1 -184176951 401928490
1 287004975 134147579
1 206091507 514257
1 -473746608 751687441
1 372766072 723204643
1 -751912 38356217
1 3877440 369127732
1 -566073880 220051513
1 399537553 391256765
1 21335776 131054576
1 355272450 230960135
1 62550919 534575323
1 178603865 969526613
1 -2771530 180882976
1 -502892810 8145411
1 -205602474 115083841
1 -82587768 878473916
1 -12678552 70265900
1 -624102975 33122332
1 -30074090 520517502
1 -386454516 20045572
1 202753600 366057231
1 -259514584 119675401
1 -8173956 729153325
1 -777490176 66460315
1 -72278528 797993249
1 -669794040 452079721
1 221672968 366851081
1 -45582555 248952432
1 -371337204 496473517
1 -29327704 90477631
1 -226565856 516424835
1 -259108080 405040091
1 -578874906 123721851
1 -201911654 457298632
1 530111400 449906497
1 -121071717 323190553
1 -31134400 114101989
1 -60927736 134469441
1 41319564 150458113
1 171769785 319395509
1 343384002 23821449
1 -218568815 22733095
1 -34104300 366986539
1 -77840036 510561121
1 197051904 562354693
1 -373798612 68293611
1 -22361361 14550845
1 -584706942 49132028
1 675714998 22986913
1 -847431354 113057079
1 261674384 821790795
1 -622112249 31339141
1 17745240 106462501
1 -596682744 60257311
1 -79497963 433388383
1 926831511 4967355
1 439750616 241110223
1 182748006 111362865
1 -47800410 27753083
1 95310524 357490445
1 128576448 102817260
1 -117123912 461620551
1 -20621283 45445897
1 283210941 213781866
1 -26903744 171819616
1 -553286025 590844167
1 -509913248 12452493
1 25044066 810926761
1 275802195 35912776
1 93414672 453197185
1 -732077163 184455509
1 -212534307 470029
1 74494347 680428051
1 -129515949 104586121
1 148089810 56237251
1 -207428967 163699580
1 -598608902 754527586
1 313626640 24179876
1 436369170 105619799
1 -460870764 304386251
1 65141956 911073494
1 -37077032 338042401
1 -144426984 515633751
1 150592546 153569332
1 2504300 12555315
1 -33877224 61449842
1 239058240 770294828
1 6164620 412385667
1 15328930 247409213
1 -328103715 681208543
1 231333671 687790048
1 48319161 169998709
1 379073552 359204379
1 2547395 251091645
1 199649898 27840209
1 -189229338 359374977
1 402442029 729678586
1 392078951 413983693
1 91388938 355066549
1 -207740595 60521821
1 129160860 62217541
1 -64982544 50167120
1 -40424630 463514017
1 77062642 33095160
1 -23859212 43912121
1 -509398110 142133786
1 -37565502 576199371
1 443887533 107499752
1 -328239942 59328675
1 623307528 25366321
1 501962400 130928887
1 -178360676 392726181
1 -101326990 634944234
1 154291940 121971401
1 1221660 103304881
1 131067944 246166291
1 -325217214 357870511
1 359861520 114729493
1 26661822 674867173
1 -312145092 117308881
1 -11614944 308648833
1 507292458 64911211
1 -29001630 117428185
1 1258656 162781079
1 -738356000 122154666
1 -376966582 416844691
1 112955696 368903851
1 -367392590 342822685
1 761067804 217861667
1 71900592 490345536
1 37054017 290570687
1 -102416299 23825059
1 -292631024 60142295
1 -46502314 296446925
1 -311933384 12967589
1 -90673504 103544941
1 248117100 632707729
1 -96133470 217008424
1 -263298112 132814601
1 171241028 409804417
1 -88375742 174683681
1 14352768 3874176
1 787746960 505967210
1 67263207 687497716
1 -758568320 651765257
1 558242940 517903921
1 154887102 207407971
1 -159460893 695366406
1 963912240 683219032
1 88317264 72531541
1 853980400 40134466
1 -720000930 110319111
1 406812671 12281633
1 -564762038 36484753
1 -32633634 84568583
1 -719358025 208974475
1 162263035 163910741
1 310650228 40521982
1 767918766 95354634
1 -722397054 50161882
1 116650260 251176231
1 595733180 91559839
1 566150028 704997021
1 -184465619 116700555
1 390842686 123921717
1 280355020 517536361
1 -417743664 592522203
1 1303005 253964341
1 -76343532 21316477
1 123152832 253270952
1 -244266720 198886451
1 -384914557 25682613
1 -19023552 268297684
1 56303426 660684293
1 -19447739 170064151
1 -4464648 591481369
1 5457582 524300293
1 -349995882 371854897
1 232575561 376107490
1 27417573 158208610
1 -294646496 100775925
1 -34811840 872404876
1 -308903756 41034839
1 182582460 349668401
1 -145856180 121382276
1 -93596391 261066961
1 -490281505 401014699
1 -438648878 507226089
1 491429070 9641137
1 -172821390 171092525
1 -630219714 234394811
1 24900720 36950565
1 813751410 167052666
1 114200064 224794185
1 173598735 58615381
1 -199645394 5979529
1 204444511 585730628
1 413339280 666386991
1 945788487 178421580
1 -202136706 91175086
1 34147968 4251070
1 -281297655 543298351
1 -310708770 69315103
1 -241469088 23541895
1 105827832 205883245
1 -273213330 29377972
1 -180894194 128945866
1 48806485 26936163
1 795360800 103061281
1 -84708858 32747859
1 11722635 83954417
1 395996939 2369989
1 -53269216 72678385
1 450587128 1587248
1 -146285750 31456585
1 216981171 305295670
1 -12038000 111993211
1 -791377360 128589953
1 -570376772 377329681
1 22185095 216486229
1 857737713 168038642
1 -253032555 153048881
1 -116878110 72605814
1 -391704972 67516071
1 -13326489 20827000
1 245462371 478143185
1 224439060 118447876
1 39914224 501782051
1 -711044804 2035519
1 -596002925 153258061
1 -197920356 651441651
1 -176806890 114290011
1 64595524 1872067
1 965820476 190950896
1 -534799096 585218469
1 -66726878 12594365
1 2005377 457516836
1 143962364 4348555
1 137288466 94808251
1 -68326596 243594274
1 -852250924 146151622
1 250895992 50059153
1 171919800 15004081
1 -489014968 65867701
1 -522916690 1953963
1 -655526000 386095963
1 369810775 187515201
1 -248824320 313733583
1 211714668 56550895
1 -52619952 88963023
1 -497231 520108513
1 -101416536 2843501
1 -98154163 217622161
1 -94285560 14962357
1 51467160 899640491
1 -78671792 76424845
1 256742330 291611191
1 -901116671 370248652
1 482760084 122551792
1 131117558 181278657
1 -51624408 56415889
1 -359726314 373458099
1 217193256 126760544
1 -140220051 42863257
1 191168341 288888254
1 -166271500 9061501
1 305203821 398165019
1 -307799392 98967961
1 -164787696 94116847
1 -209439240 200598916
1 -453253762 12895487
1 -47128272 298853556
1 38350026 174251032
1 50399384 274370855
1 -50184474 6336976
1 -84991788 394649841
1 -216824933 376055326
1 -342312548 221436017
1 -528924900 99013621
1 61928420 468516916
1 21285902 103979617
1 -306061328 459361605
1 117677637 166687704
1 -357013360 114002813
1 559464050 445257825
1 -50815204 334036385
1 18280273 364802359
1 366599907 847369687
1 -665498658 720033401
1 38835126 522623878
1 -393102528 35032285
1 -768635860 22192291
1 -110698650 29761291
1 349825225 215668729
1 -297414218 685807421
1 -438462728 36946981
1 101634370 73657567
1 80819046 200399389
1 3185088 622105921
1 200672300 151052566
1 162790704 82434889
1 262663128 186153409
1 918487320 201945761
1 121056694 311901448
1 -726688820 59764321
1 33874330 164415751
1 -81745759 18119809
1 -440470072 57264091
1 -18934839 841974100
1 -52356030 16351561
1 -16714984 163479603
1 144819248 544947579
1 -764944719 243262862
1 615092040 20614287
1 -248753295 538001926
1 471438792 311899528
1 145259475 410288376
1 -82734474 298007839
1 -702506112 114556558
1 -485365860 8627901
1 401361282 370666521
1 -143157537 143933881
1 297325416 95276773
1 92669978 383752825
1 174883195 505402528
1 -310389065 24192655
1 569335110 400187718
1 24155672 357534235
1 379571271 222309621
1 10190938 123756545
1 -280452480 19383744
1 517469172 28477021
1 655998576 638203861
1 694561074 53660821
1 36569376 72657865
1 252027424 288050687
1 459560448 790241670
1 -161022472 65898313
1 -176661198 8457411
1 -49097384 103742042
1 -92942233 107345531
1 -178602125 5965469
1 511110384 460145752
1 -27141800 425915201
1 -5919625 853804825
1 -296064832 83531375
1 44048838 18144737
1 305758500 64864449
1 -619431698 125575966
1 108177664 33561186
1 -449668938 40604626
1 23662176 240284156
1 562280310 314495741
1 -702288895 388613656
1 -392198108 342254108
1 80313365 296862104
1 324191610 150934477
1 54300225 55333771
1 43134015 852157930
1 -658707095 390143014
1 -172954230 236953217
1 575808158 95732673
1 -776784258 3934981
1 31566490 3445849
1 -151458860 6864385
1 -233098743 126300045
1 735148102 355431641
1 -97709256 452302225
1 56570536 216808202
1 -836258922 286571902
1 810856920 212494833
1 66552676 296371825
1 377118282 105719521
1 -224556624 286107157
1 581386028 394136821
1 -46648140 102171281
1 108615452 1643488
1 179060382 211820281
1 218645913 11394376
1 12029914 473037601
1 -895224978 641648281
1 -680008 654811180
1 -227033265 96698449
1 -647155770 119857641
1 37669158 20233643
1 158578888 603228391
1 -200759328 677630361
1 2582670 270633001
1 -149344320 196395289
1 -88428015 291731511
1 499982840 535565303
1 58392037 102171653
1 126883488 132310465
1 101885030 258488569
1 246747756 17241361
1 -496919567 208065397
1 -70823109 3194780
1 -44811264 236622601
1 249195030 32608556
1 -77661115 96543036
1 243693408 219484321
1 136924489 121478941
1 -157291812 59460090
1 -661285845 55160113
1 -205514859 327452221
1 62620860 436103264
1 774011227 491498210
1 -424166265 140774635
1 -72456849 727482675
1 -852453468 860793301
1 -322337484 273372373
1 -237851727 307676055
1 -43735842 328633729
1 318264408 291701223
1 -142514224 292393621
1 -411863216 121217625
1 7497550 827171097
1 225878004 461377961
1 44464092 965820103
1 490880260 128110753
1 428312940 676797265
1 -48716244 391399066
1 38457701 424458857
1 -66437294 108107413
1 -750174156 597991001
1 -40604240 200665145
1 695514950 559964365
1 112448488 440709751
1 1337900 328950842
1 136933315 110123751
1 50345117 118769643
1 12170952 642227969
1 147349759 655074421
1 -466458640 47996581
1 -116121980 331009601
1 691016814 74316673
1 35629650 690162334
1 -6942496 18222751
1 -124179965 48270782
1 3643050 14303654
1 516757710 42025311
1 -190758450 312895155
1 -31271392 113486671
1 -456100434 123869026
1 -183400000 560603701
1 896463744 405302813
1 -169969366 32673445
1 -9611455 209792491
1 148654743 716477851
1 116690500 94758126
1 441235974 791482441
1 115265916 247812441
1 882764919 104746627
1 -33967156 213229405
1 -97747562 62672569
1 339309999 147650369
1 -305772774 885515524
1 179215218 154980431
1 390824951 343786772
1 31924282 214220153
1 423958236 120643414
1 175098560 173979871
1 -433052462 170187121
1 -97771717 199986585
1 -134923480 16303933
1 96531552 242742484
1 -30581184 123228949
1 -403266900 804537581
1 503792128 416702301
1 422858034 85682357
1 -47273706 287825761
1 67351486 262149833
1 263636190 231605311
1 -17359400 516009961
1 -93254712 9584433
1 294239805 802324811
1 733845155 268021069
1 -439511730 47593780
1 215188530 112057507
1 -793509654 114223781
1 -170653428 22068697
1 -901003595 277133026
1 -599094034 215896505
1 563078376 90196801
1 -136598982 33681654
1 -73718748 160356181
1 790782400 10208863
1 38774376 369611129
1 197981434 83639386
1 -14322972 159016873
1 298183500 6350419
1 141054563 599436921
1 -37795614 181317481
1 -84090968 753357531
1 -41853090 107582643
1 76016199 114565914
1 213087360 77038609
1 664439139 46139978
1 102415600 538902151
1 -557276380 675503929
1 63385700 247624667
1 -328214112 490853056
1 642497141 204206721
1 -401338119 16767661
1 57633864 80334151
1 -46218846 488864545
1 400154370 103652399
1 -92561805 333235684
1 -536349337 111625891
1 -35999208 575086149
1 -427111024 109780291
1 -305367267 143741578
1 -168653937 80449773
1 -230928851 103332511
1 -29455920 317573381
1 -603876734 298932921
1 -25348456 417696561
1 647747832 78169582
1 -30608088 96216841
1 64794540 601896859
1 56927496 107068241
1 12931688 64042381
1 -423186772 244579531
1 40067412 266066977
1 455472366 84833053
1 288226422 894277633
1 -205839495 403382833
1 43904016 22873516
1 541732812 401395660
1 144785883 25647601
1 748703925 198450347
1 -96846900 77761757
1 616811060 116628721
1 -35071459 928900198
1 -92832870 719138049
1 592915092 821886209
1 30660200 59515626
1 -111904439 3747674
1 302687814 163798273
1 -183939485 32623451
1 148966428 844941
1 -125121981 18271722
1 43944483 211024536
1 143893776 17809309
1 -167004175 86731201
1 8373750 79932535
1 176633472 313405354
1 249657544 329161966
1 -271436076 899374812
1 261975000 315020686
1 78805888 111647530
1 27141984 369547297
1 266400064 155672735
1 -411991090 653335181
1 276782909 104000815
1 -247242456 40997980
1 -355061732 977130041
1 -874876140 373267651
1 651896935 395939317
1 758085726 297110556
1 203734580 45122785
1 700410228 215255223
1 -120803172 128065083
1 -51673504 315760921
1 105721616 532579981
1 -356356986 195492825
1 -886316256 196194114
1 76986000 530454695
1 28259800 131842211
1 17846766 41143141
1 -577358936 303005361
1 122246400 612446101
1 -818878 12535561
1 19537981 724085942
1 47300424 11539057
1 -153752066 552474751
1 2078072 88168396
1 18333601 223235499
1 -879203182 297342976
1 -87362184 390759341
1 -337158915 560530659
1 -94209417 2016851
1 965800826 207533481
1 -688761210 148441827
1 -281106074 424429951
1 -107918088 235667573
1 -83110570 153725160
1 378937768 270355233
1 329266224 319406737
1 -332010620 206652166
1 -607549866 193911733
1 486811164 108430489
1 -524220564 604969310
1 12647090 3470578
1 48464358 165083495
1 -549993145 189364909
1 53326112 229849449
1 -172573758 157066408
1 25795902 297876169
1 -40453933 92750392
1 465981588 127202461
1 -197216 47025167
1 12194066 24960769
1 281743775 107793645
1 -28344301 201832599
1 530794448 102892515
1 -483185105 38061649
1 472050288 5903201
1 -19442118 365616010
1 -273324855 392403391
1 133027766 370519059
1 -345289824 431150371
1 141455248 109994561
1 -302279602 353465462
1 -131563107 141868015
1 -62042660 202785679
1 -110394058 553025100
1 -368875605 21064905
1 837209484 343654615
1 -347495400 42620373
1 360165420 74794585
1 -134719310 150505570
1 -111961249 162037331
1 22520475 11132101
1 -140024389 505229533
1 -139974520 242013341
1 908052675 42877486
1 556883360 495051388
1 -282130128 133201000
1 -107979432 376279449
1 75644436 350211571
1 -331630566 130844921
1 -69880993 155514226
1 98853690 222860895
1 237801715 384713359
1 293637996 75943873
1 131852836 819184811
1 -221179707 247266977
1 -338974448 820751702
1 28155264 702837304
1 -700099136 20611213
1 -173072328 56980657
1 -288796062 625153087
1 244064664 467143921
1 -24153712 11815789
1 202112728 2096005
1 -82959324 84558839
1 19841640 22235721
1 40557310 11001193
1 -24875908 10397908
1 175046979 83086345
1 57199560 786458465
1 428733110 10026063
1 -141140250 104933137
1 -442597540 99363557
1 -456267031 32950276
1 -300054739 124317601
1 -627485600 494833892
1 -130899588 361537036
1 475115440 907317513
1 269437520 359345715
1 396465670 81057161
1 7881040 942459145
1 -686912130 118930351
1 782540 536838446
1 -269288420 60943366
1 -386428396 99262513
1 -634923000 400838145
1 107686800 283467616
1 154758121 430171625
1 -52876720 159341680
1 -8615241 48733063
1 -85389291 596838412
1 -252738332 575281561
1 -330459948 108832502
1 464673756 460406107
1 557775410 653665153
1 9217232 88188906
1 838346920 20540236
1 307638090 280447850
1 -98659704 541076439
1 79905133 72865364
1 -99774945 193633951
1 -211205782 75136033
1 92747930 663547711
1 -666198718 253743225
1 370980692 365403061
1 -1766219 267397201
1 -556794084 609317
1 389052208 174312412
1 -356165136 48486541
1 360806096 131176571
1 -681702190 491997885
1 -346705360 80383294
1 -208039780 44991214
1 25216321 788090491
1 -210924859 378579657
1 -699390216 12313261
1 -74201900 21744201
1 8328331 125896321
1 -102589048 80956045
1 159578892 585047201
1 101435544 243353296
1 -532331190 84811
1 149399595 110386285
1 -8650320 210147796
1 -37891500 68358553
1 9219465 8149051
1 -288819375 290220703
1 311294231 193434237
1 369848934 43166381
1 -411141725 334358197
1 -260245860 188466421
1 -71487480 888244017
1 -46837280 4321516
1 -185014375 347343361
1 501713559 72251701
1 -887746470 181214650
1 22843725 37473220
1 336887005 587622561
1 -3836000 133706345
1 305219505 122181001
1 -153076848 513924870
1 -399813876 83797241
1 -85488010 602830751
1 44980640 626707099
1 -131424925 177536287
1 429950316 623997001
1 -383951120 12954579
1 -57531656 19203553
1 313921800 119246975
1 2539238 397048737
1 -347480108 655085736
1 -31666 328188807
1 -420167056 897588049
1 -170005320 90271341
1 515309450 103419716
1 -595422867 230772680
1 -348282046 483432949
1 -446231291 385354593
1 -634484640 372419481
1 582188139 23724946
1 -17033246 814451542
1 -300153968 158452269
1 145895892 780557107
1 26683633 146024919
1 190991812 407481785
1 -46121600 90049
1 -41687244 696510946
1 147180384 955134721
1 -107195816 99975385
1 646307343 560134545
1 343493442 33589725
1 -28709832 258905105
1 739076653 384226537
1 134237216 782161623
1 30452976 10605753
1 -78322560 234030490
1 215161700 36765549
1 -223653750 491247131
1 -91229180 261452113
1 -675546069 440727211
1 203428413 31939975
1 368826390 15461793
1 362976024 221049991
1 -17004360 71677441
1 110089800 91374401
1 421935280 414406081
1 -535393641 43856125
1 539329327 27519031
1 233374098 239333161
1 645326752 296309570
1 -450927960 87388042
1 98966677 108395299
1 398549754 66921059
1 -497801466 600340287
1 2636375 495510115
1 -764117969 286659671
1 275155644 50224401
1 -601053756 321688641
1 912922587 155592152
1 -132610225 82634469
1 78800432 112468081
1 -62527224 143599140
1 -21364980 150218197
1 -38744630 73950643
1 644088000 85257993
1 273367535 46989125
1 82416141 156940729
1 -443618406 684512863
1 -289961518 20993455
1 98419440 600491
1 -344866302 163752241
1 -314609106 675555626
1 -231858934 344060900
1 -56139475 215838081
1 -18607692 138131924
1 578593261 283204715
1 -19885090 90446761
1 48611079 108770422
1 334716967 101702899
1 -215069606 149413889
1 -20259720 188478269
1 -337110991 47030435
1 -67570614 306608401
1 -263610360 486052983
1 -20794650 481170093
1 -80873694 120181843
1 521862432 95118789
1 116672730 208727
1 -108307732 404158261
1 191720836 400477051
1 -121296987 29306333
1 512876425 272820300
1 -708443985 9025757
