2000
1 206970590 91941237
1 -79772988 573858209
1 338091651 948765313
1 -40726880 432233297
1 -65421265 328643809
1 -253338660 140996087
1 -148111080 894044161
1 -160635400 506895054
1 -371764690 836299756
1 183306510 72817742
1 376876566 257705983
1 237807230 35380129
1 39027657 437031871
1 248263200 606886050
1 77896392 811093401
1 -599946376 661449216
1 -766359440 435463141
1 254922528 537571945
1 -320307966 244140045
1 -315754540 621967
1 403134624 654199723
1 -492638019 158579341
1 102412035 17907917
1 321006648 353111039
1 289346960 47478697
1 -111731888 123996901
1 -41449373 230414465
1 -55767700 58393
1 8183448 146870062
1 -380486808 69597892
1 -77896566 66881251
1 635436532 688996604
1 384792416 489748441
1 -247776 144098461
1 423880761 54778907
1 -128000490 198907201
1 -494181094 428769377
1 -46572145 51893777
1 40336170 7798132
1 -7392280 98780606
1 -697464537 466158785
1 54454761 72440741
1 393715866 273391511
1 569660850 499199279
1 297889230 69668191
1 250906172 70660129
1 308272234 199542751
1 59014024 12910063
1 -10368336 22955033
1 -82272426 85877377
1 110749860 134233659
1 494021258 422876669
1 -495747088 601421963
1 -587888064 37608782
1 -59050350 780277931
1 64079048 420585336
1 15613290 580334747
1 346692048 477329971
1 1420896 153257833
1 13147145 316711
1 -377447694 310034454
1 -799588407 24387959
1 556891489 16076089
1 -58871140 52340553
1 -422081864 613222776
1 15513557 209664127
1 283695430 240334261
1 -94992821 366042076
1 -385193312 376245271
1 -74169675 217276865
1 304261290 13558715
1 -157831995 133428692
1 428904112 387557137
1 -11265670 310343357
1 -500462991 14323681
1 103896758 236846401
1 74845979 285386776
1 -1177315 589955473
1 -401095620 424452547
1 622526452 112784869
1 323441118 439820816
1 665074500 68197462
1 -16043522 12153857
1 -684603082 296601350
1 -417818370 718307201
1 78468765 379176292
1 170421678 21262641
1 -34758657 292228653
1 233001384 193527361
1 -363539286 782450001
1 -166005896 365237889
1 353178100 241044795
1 -36307878 56371641
1 88352389 69607396
1 42663452 513867201
1 -500223165 200236588
1 -38716871 43293361
1 101908995 324052601
1 -67800136 91208845
1 26810377 58942805
1 -293007222 588390437
1 -23732340 434541984
1 -138133728 5426401
1 638381184 125259090
1 35910896 580180441
1 -53407512 808740281
1 -516375384 779863051
1 222184781 55837441
1 -65707614 95459809
1 207515568 50153833
1 -12822030 338575729
1 28858890 461221788
1 -125861828 32309295
1 435021041 96749806
1 428428000 199585553
1 -283475574 197521801
1 437361760 80490031
1 35166395 691584818
1 211422254 2431765
1 -22954470 152402653
1 -108616348 21325015
1 107734796 53230497
1 346129080 82682209
1 -238110840 328136423
1 -484810809 121186900
1 279569568 289807151
1 -285464746 133453409
1 8799736 578237761
1 224987703 323304054
1 -59507690 462251291
1 -124727900 773498913
1 91262220 55638969
1 -44829792 1452336
1 -202920665 217371521
1 -187422450 773691591
1 116619952 225296289
1 1210344 364258213
1 361397304 110168026
1 -38519664 231148453
1 -11447046 817359346
1 -559131012 5552713
1 -569537144 58708049
1 -10527365 191600865
1 -11308686 466914130
1 -234818804 300750805
1 -152554347 105277101
1 -347517706 43347825
1 -56503370 501474970
1 -82719821 449244418
1 298450388 41004001
1 -180788800 405081841
1 -221110285 223414972
1 -21412552 505140577
1 -511551550 51384330
1 300977183 668739826
1 505145130 686252176
1 503632548 406653649
1 -529678016 473636599
1 -394673436 665123421
1 -544717260 344460856
1 66576384 416769638
1 727771077 86511795
1 196512840 387480367
1 -541826230 183652924
1 341047920 356427492
1 3092800 340930201
1 -198500472 11889921
1 -404474942 131658551
1 42787887 70818574
1 301025592 357020170
1 194965160 233879760
1 -177191088 190453073
1 -144649128 94915789
1 84913182 191158934
1 370392408 315587857
1 -30825765 772435252
1 31558036 274063501
1 -4519760 98986448
1 -693079625 534670721
1 146338380 551650306
1 821231600 540710587
1 37026724 109584025
1 -40049919 648154670
1 557836776 427350141
1 10848210 93356506
1 -524514736 309723301
1 74931186 137078541
1 219464141 3184413
1 371519106 27976531
1 -367898379 14543398
1 197613122 15211015
1 -739233900 330394741
1 338622472 481585339
1 574066920 38273911
1 -291304992 267727443
1 543043371 138171943
1 -264047692 403390656
1 265545256 12543007
1 42727812 503918116
1 817073807 248331305
1 706679522 683185829
1 76604106 106965975
1 948513376 168635841
1 -408429912 51333813
1 56402112 516374651
1 160479616 570935421
1 406489164 853310
1 -142174484 584697345
1 127776000 308952904
1 643244217 76178305
1 387181620 146830069
1 -453326730 245570851
1 -120391632 643720981
1 503076224 349451201
1 427737856 388319815
1 490433902 681071257
1 -400709768 220164781
1 447520808 56143345
1 263994060 497665804
1 -122357180 139970209
1 -334941362 45207716
1 -618997626 94987137
1 -138247488 17800201
1 276562440 49458628
1 -98648880 182786401
1 -265485741 339622921
1 -401723280 44922161
1 22846861 8071201
1 219041321 598444951
1 29882520 563437876
1 161507248 206691561
1 244918500 778473334
1 122808044 469819631
1 -208121200 189974623
1 -165644070 233927515
1 391719923 149289349
1 109684698 256378891
1 259355910 227963037
1 369452160 134016667
1 -1905568 15751285
1 483679467 439094071
1 -151773237 56399792
1 -60379795 108758701
1 18277219 355265253
1 165045293 603910035
1 -281247120 89512991
1 -72668612 607116061
1 428326780 734553217
1 -345718970 52582048
1 -290570021 7950061
1 110642480 548569713
1 -89615970 395904093
1 132723927 347466497
1 87515330 164853781
1 -179357472 438483449
1 579243392 304566901
1 -299286792 7955345
1 -184404263 21509641
1 51027240 13791441
1 -41620689 41986393
1 -86385579 197862979
1 -12546960 353087953
1 -583091010 95083473
1 -10486842 279183598
1 337471199 184226905
1 -305212390 567526429
1 -580846010 33846661
1 257685020 220411481
1 -174148713 59356501
1 49098672 546563679
1 217261560 775981729
1 -31376565 6198631
1 -199983240 574695577
1 -157353168 5487652
1 -284102970 207353191
1 -440792865 49444753
1 -77238577 227027483
1 204808656 120127771
1 -94754652 603161055
1 -2616680 343384009
1 216017200 18652081
1 -783539022 26302717
1 287359640 86082427
1 -2711790 192568758
1 74853055 213055867
1 280641044 313738930
1 -569137955 388109701
1 27727650 168113241
1 -372630561 311551661
1 -46765012 905288365
1 -270223356 496870321
1 209714990 29118673
1 -54121251 162948051
1 -808458480 215675601
1 173929467 77718801
1 -266636610 615926865
1 64548672 37244131
1 252779163 41499541
1 -153512470 730673055
1 -738634446 169350455
1 -166420710 9138106
1 185664378 31496695
1 854812086 10877521
1 -399143577 399418141
1 -975435712 597048287
1 60453410 586744666
1 5645328 585095395
1 -4293765 163408753
1 152728576 137503818
1 -60737500 202913041
1 420361125 551129961
1 -548012048 290454193
1 -228193376 710965521
1 12331071 440421268
1 79944006 231413505
1 99473913 2216839
1 -64095630 386642096
1 215458922 246386785
1 -509457936 218305075
1 248646720 187605419
1 256690050 156098625
1 69303220 28135185
1 149432100 166850362
1 240553774 164644593
1 -778542366 38244097
1 378563175 834146331
1 19963720 223206712
1 -271606500 254487808
1 -118092615 531227113
1 -186483437 203173916
1 187402852 184213162
1 -1505628 193969245
1 -149521911 6061337
1 -966038802 621618673
1 -259904535 260033691
1 -107974464 729821169
1 272586090 6914616
1 -107350124 742354777
1 524772578 238232886
1 -211821834 32754853
1 407236050 538880961
1 578584834 376162473
1 -646389551 56599689
1 237931231 16391994
1 570171640 388931905
1 536193918 69009445
1 516106890 18155787
1 238109634 260679777
1 -572776614 10594655
1 2236860 395767731
1 -6478836 416179455
1 884736 525794689
1 260154700 297122852
1 26602702 145756576
1 -267677784 431313851
1 420531466 377948101
1 145625680 386627599
1 536064750 283235528
1 -501398488 76264096
1 188270950 30674962
1 407563869 9235101
1 -52639116 232300753
1 102557340 126236056
1 -37231936 300540567
1 92395602 32400568
1 -215029560 401196161
1 130045058 255000403
1 -293919940 29345746
1 -361347948 53836773
1 -138620625 21350705
1 39744432 37560844
1 -24650313 792194823
1 -978248364 176930336
1 194597928 47591389
1 -541134758 161238201
1 419010040 574123699
1 -5000176 95301433
1 553448124 66788411
1 886997844 594567205
1 -345501288 42448756
1 -56209692 525166177
1 25961816 315793094
1 438202336 411874371
1 177398492 19416208
1 -115774472 62817269
1 -1945260 537681171
1 726501420 179489153
1 -79986870 395361601
1 -605199155 285650191
1 393323777 187547599
1 -294676105 410550681
1 586682040 452600061
1 -103462009 539878417
1 134560676 8397793
1 112867052 142542918
1 246103494 147311209
1 584196288 22057894
1 -650902035 317947533
1 16378875 128583692
1 26870880 770622000
1 -461091792 330164161
1 136668974 454299301
1 -160293918 36258403
1 -853959120 198918861
1 130080760 97683067
1 270576180 6284266
1 -890007528 503977175
1 151043760 648320258
1 -353099517 628607668
1 -57931880 708365741
1 -5120970 396197953
1 281463032 299965953
1 52582616 359207469
1 80758885 654348881
1 9670796 112036883
1 377481020 2533741
1 -84424982 446440548
1 337564644 155410006
1 -80342928 71130697
1 113443024 173113597
1 -158035297 217009
1 -674858180 306819801
1 -35955675 46865722
1 -250338300 405761911
1 161230100 224420351
1 -560676758 580996693
1 -478787072 90863301
1 -365964624 23188705
1 192105800 16982917
1 114082500 439102335
1 147938276 603350694
1 277183602 454259569
1 28727385 201022039
1 464777145 19323991
1 -132157185 27453744
1 86486963 538849
1 235851340 80658193
1 -32347808 155052171
1 20842628 89404659
1 -275633576 140617687
1 -117519072 30187501
1 -880209340 174495507
1 155407437 24170176
1 571261085 436821121
1 93947315 425226426
1 18875646 92571209
1 326557504 117941995
1 333509096 646932239
1 -205080249 231123943
1 76257734 438905193
1 675643695 143746894
1 -45128745 320421799
1 -666100014 349091867
1 647159984 175679245
1 897407235 101818653
1 660969276 49821457
1 209018124 188370677
1 118679960 6825716
1 -218739730 724239917
1 104906263 311750209
1 239723000 45254006
1 55969320 156363211
1 -635212260 316870432
1 -91414475 41732497
1 2442848 201853408
1 259411784 316993177
1 485946252 248120029
1 60783723 273309137
1 -331585035 470560645
1 18071740 279799721
1 -88923198 715652749
1 -135861960 439923043
1 -71768388 279225129
1 147229030 268356089
1 -8880300 618544837
1 -48026382 182608361
1 -86571288 31818569
1 516160840 27774209
1 -72508042 151586
1 -758645916 315893
1 203931766 758719162
1 -179640656 2881297
1 272658230 754507843
1 -110892270 113067561
1 -117544328 100025661
1 -329448531 228293356
1 165937652 2110445
1 66524700 300007135
1 -415610712 528047617
1 -227759376 387179569
1 464333790 83894797
1 -21011800 69484636
1 78769782 10395841
1 -73663920 132813208
1 98373000 209440001
1 202940640 176827847
1 596172329 20161521
1 12081589 483789866
1 -14325807 372401226
1 549719756 160775575
1 -643010040 95067961
1 138137116 168652781
1 84049308 573753698
1 -373472541 42521593
1 -57470179 41421617
1 -152174016 390751102
1 -35778402 396523297
1 -49775242 34249171
1 362506096 815037313
1 -422842644 607789821
1 -641028704 106294813
1 -49611636 168930673
1 6056085 156399665
1 -13310128 20260043
1 -515395140 769728001
1 239976135 34094737
1 183738020 101643715
1 392616510 671222083
1 -52318224 612890335
1 -260678028 84736758
1 235582096 20948533
1 588625695 293645371
1 127962270 145910161
1 -352985220 494584701
1 562526385 424718698
1 692734662 15419917
1 -430269436 142516467
1 708030325 146661054
1 -578778600 587104701
1 586424916 59381425
1 334167078 955388779
1 -356827635 141907676
1 -657179878 27835519
1 90484967 86799203
1 203264489 429475661
1 830745800 309961261
1 -305278673 526713279
1 41049500 111491301
1 5744592 73142707
1 -288228416 660721921
1 25566816 253114555
1 -375038092 52717281
1 143528852 44001816
1 -122269423 358229886
1 112102318 230306411
1 -76653880 100783481
1 -69400361 35091071
1 -110322342 406461654
1 306577872 146651791
1 180724556 434475953
1 380616803 107852551
1 -293748916 251617801
1 230436720 71349426
1 -38384982 105127937
1 53064099 242540255
1 173177316 823260038
1 371309797 147034649
1 536278218 374885116
1 -22153656 252142051
1 -62777086 401105041
1 -121000968 144644893
1 653319821 551028571
1 -85884420 5362501
1 -540120750 208062037
1 -10940364 26219746
1 249717231 278690334
1 -388870860 538311307
1 314386448 292979828
1 -625024125 24658577
1 579690980 385536657
1 730697232 197842583
1 72125865 133391446
1 -471096120 612768087
1 506624810 46236313
1 -5266324 16206901
1 316385332 867171985
1 -142723878 345054403
1 339830280 171063355
1 -108017413 182274226
1 242062016 276624041
1 -74215105 26641246
1 -318715810 157466413
1 93765672 166715869
1 -290034612 244221283
1 -657005681 450610274
1 301659687 102194260
1 -222218640 63739684
1 -368276505 909767903
1 783835 21254625
1 -159834909 843819772
1 291059461 87527105
1 -306126968 218379081
1 91492508 623343547
1 270582378 209600496
1 337272210 157941
1 86894247 567557849
1 -674412516 155724913
1 -2702560 483544648
1 50615214 83400581
1 -349814400 240205505
1 -351900 65932279
1 11331266 763973889
1 33619251 99133541
1 8697480 416558741
1 -23026400 914833849
1 -314892628 361383121
1 8413223 331231537
1 140384402 603561141
1 -295558725 193950241
1 140700548 910150309
1 148106278 229892545
1 -229919424 61150956
1 224575708 27759361
1 936311067 372634384
1 -489044040 108642739
1 284592330 515681351
1 -209710020 335245340
1 125075900 17898301
1 64761466 273055462
1 1410381 80279641
1 -240322262 69956667
1 -559464360 279835335
1 43984300 151980557
1 -20128955 395071743
1 -46310448 11841523
1 238334385 462553916
1 -17429480 282162721
1 -163894230 135625163
1 -243252846 161926276
1 -168825231 552984578
1 -211523184 139032911
1 -12861807 121604941
1 14823312 5289531
1 -29415867 8589296
1 -603654116 151902401
1 107061416 231624845
1 -41249526 471321565
1 -90735552 190359307
1 -151944534 198340363
1 -5420104 161080226
1 34999217 605117614
1 -41710060 456487945
1 230745014 281204993
1 -523104960 362446189
1 607040430 97444373
1 340151920 12742357
1 -211431649 745158658
1 9472640 614208365
1 -334191276 224373617
1 -46729872 594572371
1 -364082789 246962089
1 -130189200 655885675
1 -1720926 410364943
1 -151638361 93173246
1 203939298 225687281
1 135673686 234152213
1 -715481128 103333341
1 -572131872 429447961
1 230011810 31736944
1 -761643050 118026949
1 -472750740 250307191
1 363538650 133822045
1 160296795 580387070
1 -44802582 247580301
1 617127525 344661787
1 503391120 80024463
1 -117455689 14829441
1 294843294 253564705
1 -97920648 103862509
1 262514640 112401103
1 72949041 41128641
1 625337900 204141873
1 59132920 37178233
1 294317821 257954761
1 562808635 172549819
1 -376236900 11484001
1 -15351516 69314961
1 -144257955 496455481
1 -142073092 597898309
1 -130332834 104333895
1 -39804164 85631557
1 -254243675 158273964
1 39796715 251176027
1 130430098 577026487
1 348507705 607598112
1 27228210 111048913
1 -67980026 506476583
1 233682750 207239221
1 138460031 310687801
1 -101867265 200103805
1 450292193 104656393
1 11128369 73780330
1 -62782128 4794135
1 -346342261 770903
1 -416679250 226246588
1 38762080 144220285
1 -822368092 196665733
1 268288740 87821055
1 286618320 262644673
1 88249581 19225151
1 456051512 302873724
1 -99789354 180732069
1 -261188228 129085469
1 308857232 861457
1 18969748 153940761
1 92832110 18149571
1 342729880 176196998
1 124279000 243278647
1 -154015677 32586967
1 -376345074 70632339
1 29690070 81018921
1 12731962 381879569
1 -125071091 98981606
1 -19699724 213770209
1 8396850 688331491
1 -167594880 30783890
1 -34398602 404576641
1 339645548 575076321
1 -9553336 247197045
1 335856318 132820201
1 164917368 358655065
1 -894813322 168766835
1 292418100 43183519
1 221890708 184469226
1 978476193 219706111
1 -10952513 413390427
1 657744150 513389425
1 454257653 20597641
1 160222848 264522202
1 34003630 341229769
1 -660997521 97213985
1 -453471480 9537201
1 -347878961 519681161
1 -150859345 75168730
1 11716520 726341514
1 -112635513 227990139
1 -543655248 110836699
1 -162715952 101769130
1 20783238 487644685
1 644575604 329662009
1 -544625250 217081386
1 242275211 374239620
1 7874352 68291455
1 131280830 342429363
1 -549212580 68557987
1 558168117 313842838
1 -12568584 398378111
1 225495575 49399519
1 -190847970 812439850
1 -346087482 137844658
1 152344504 395842896
1 366086331 104119681
1 687777234 129247075
1 -180342645 488185261
1 252642451 546836309
1 228086280 105228552
1 80051920 174222061
1 223238790 704364101
1 -266275314 247143139
1 475419582 181567233
1 43319423 283111233
1 3398122 327547717
1 -115692175 27767390
1 345012866 838396395
1 14924051 139340801
1 86445750 878541931
1 93819473 607201
1 -597605202 143551301
1 -63684250 99466413
1 -259087075 32099146
1 -144527925 330195985
1 -179765184 355653221
1 404581224 21407096
1 -321958000 600909325
1 -79008330 217298438
1 -53199932 225304129
1 -692929520 51040201
1 122142577 583311
1 768325035 622419009
1 149993750 74164337
1 100328270 699268151
1 160646976 93517201
1 -68718616 712081553
1 430023580 466830811
1 -250492212 1769041
1 -18851130 377071066
1 540438210 141136633
1 -86917728 59968545
1 10668366 308753728
1 131180796 168893808
1 -548474434 91341811
1 106693441 183140048
1 -195869625 32179918
1 65676762 98627761
1 182800579 292790590
1 -7271370 592888817
1 -50647080 110315206
1 327935763 157857085
1 -117367140 292690876
1 146752776 545943193
1 -133783638 133750003
1 -227750523 82542736
1 14287520 217514053
1 -626520630 127318150
1 264312386 61154961
1 -213588735 695612465
1 464005152 220170785
1 -320340931 191301457
1 -481692519 171219404
1 115926080 502052625
1 -41045448 203216109
1 -24022548 468526801
1 -362425789 186164221
1 114955548 43252321
1 -203322210 55948018
1 -359685963 21931561
1 -381748420 6309523
1 -221961653 472331201
1 -190616896 88202241
1 -448220160 297616833
1 -411779544 372570009
1 170933920 725098791
1 192331240 631387169
1 79673339 415968151
1 743197429 149134606
1 -228378612 5505409
1 428100114 85743366
1 622978585 571388497
1 700634336 23982742
1 -390913424 44516251
1 162577152 10462885
1 -137474232 75504052
1 97926279 58929663
1 361084480 220280663
1 11773056 829271754
1 -46384956 383382334
1 -140197708 721061524
1 -160824960 167703607
1 610302600 327873001
1 -24721550 373091453
1 868324320 5792513
1 72812704 25010539
1 368160693 369894137
1 45967104 7548049
1 535697938 163620241
1 -766722991 379797174
1 893588938 511850626
1 158000410 101533537
1 3994824 368985651
1 -95141952 92390059
1 -617450130 1895326
1 377204268 595763416
1 -21861360 208970092
1 -581292270 269592673
1 -245631840 696998353
1 653299698 80867825
1 -689473728 150348741
1 -511704699 331150047
1 513939960 609696361
1 299299078 411669043
1 -833436359 2792895
1 76554036 42959971
1 489341531 65505013
1 -1885544 299923065
1 116251576 445344264
1 76573684 399092557
1 -75995326 277551583
1 631041320 75882600
1 201896685 158039191
1 -721949155 166117240
1 -135709104 3569698
1 155348992 120193857
1 -5804176 217176001
1 517418 215283201
1 -218423169 82361425
1 23558164 591269683
1 -669124074 213443321
1 -141261936 352399750
1 -103425622 772444349
1 370441116 776465515
1 -207083520 452717721
1 -103401676 25087102
1 -24220104 65529661
1 -183284970 30736126
1 223250874 129434845
1 -586558401 66112385
1 450688018 63433217
1 277262390 199932106
1 90258966 195668380
1 -264476345 117443219
1 -595180834 549030637
1 364150200 141069097
1 20625180 199008167
1 32373195 453337333
1 -203680509 113220499
1 -36921940 258124579
1 -503885024 26568641
1 467688078 115816326
1 -125406490 378677153
1 7781410 33674761
1 70692920 23664829
1 -8105960 588626259
1 -518401950 153551595
1 965676975 652574419
1 620663274 64382716
1 280177616 48216141
1 20498804 147271421
1 -285473476 600466455
1 305173020 81002128
1 -233850426 84453661
1 18158157 46003777
1 8923840 303814681
1 -312276888 450674729
1 181600810 370496395
1 107384760 38818137
1 396488006 2291641
1 534746920 642358788
1 -638027520 599902426
1 -25043590 497223373
1 166228208 731900226
1 42928813 336034999
1 97955598 627490017
1 -173227930 67919111
1 49667420 13712581
1 -6254914 233341435
1 -13521610 39832071
1 -220965810 4374682
1 -334895280 9294461
1 -6488621 526112168
1 5442108 94761
1 76666554 456147781
1 232227387 76857613
1 -5198291 283601517
1 3376555 431302201
1 -338712564 25388996
1 -159203520 5045860
1 -13476 463093126
1 304421040 239807661
1 -553171129 423846619
1 -640534542 81278715
1 -128639665 14683457
1 99905770 17580321
1 -35689592 42371384
1 -747354431 52168608
1 107920114 427505139
1 327201336 191280433
1 324045993 44933548
1 923340408 169201951
1 67101081 310358368
1 -335841492 8109661
1 482769900 35795577
1 -647441873 854067592
1 70106040 231383131
1 437535395 80799232
1 96898516 145590299
1 649350333 141637465
1 -585291031 331791559
1 425453160 978916144
1 -255852480 44825815
1 -226494720 965188967
1 -362543103 169657184
1 449926400 527362101
1 -877760507 74359902
1 10629600 852739666
1 55958110 415039361
1 241143385 74081777
1 353274552 187473529
1 55075910 414948831
1 -156952488 201922105
1 617393128 169060249
1 -175279860 675509971
1 200798067 205144441
1 340711413 243106051
1 19711100 29179151
1 -444414816 729040517
1 7210504 540819289
1 6050304 841078729
1 230828036 24540681
1 -82479532 336123547
1 30974328 16722557
1 -254791214 249996709
1 -778673072 30013687
1 -176300731 55247751
1 -80969499 46803961
1 -96092880 48156343
1 -49355388 82114773
1 -140853112 12927801
1 -183187770 74616417
1 -375690572 725559904
1 -103821632 832654912
1 -288161930 346360681
1 11352890 781926486
1 289920735 143431121
1 -676741579 80649247
1 -39659232 132225231
1 321295592 738980529
1 -285062880 190848729
1 363450150 204258044
1 164615808 288787841
1 53379197 903303873
1 14315937 118511176
1 -858825448 456042065
1 122563870 389773891
1 -12389328 6145393
1 525146157 2811621
1 -959557662 186146401
1 -735663168 472549751
1 -295149886 10945255
1 721743399 104119501
1 31713888 190275976
1 645934335 90339907
1 -66582061 11486641
1 734601140 266129070
1 163756903 38365703
1 3861520 487117351
1 -156286127 259190033
1 543225298 117984217
1 489498192 1447057
1 -128291348 116998421
1 156292042 419576167
1 -492991077 310008961
1 50496428 99704842
1 101422456 114597097
1 70513232 207274112
1 98376408 226830451
1 209798384 796347634
1 141793028 589531905
1 -615165048 83296126
1 111158400 181536449
1 -167843624 252184559
1 -494152575 23769501
1 -32671415 392086475
1 -309924576 759303763
1 -236999800 42274533
1 -71437225 209537500
1 -68161842 134796352
1 -17626464 74305249
1 222221044 54073922
1 -58972914 21062336
1 -141247236 750395893
1 -160996160 206805845
1 338802520 683759791
1 933078992 8024578
1 158366140 165743569
1 -391376769 3331368
1 -171022040 20150209
1 408411640 23631554
1 -37058574 74819137
1 42668218 170681897
1 774020676 79231341
1 39183885 320332847
1 108561612 154027921
1 -261944138 257261221
1 -484862520 12856845
1 -13100736 334060849
1 491573149 100073889
1 363052800 591945601
1 -183638808 439028911
1 -223548737 104788675
1 91290972 230394133
1 74805549 376525304
1 -80723994 131112401
1 715176 26136175
1 -38643439 42695668
1 -70224682 63281581
1 305150595 856162630
1 -413269912 17240721
1 -168095870 572655345
1 364925493 94221277
1 600491270 101865297
1 -419117850 9517377
1 88910272 628688731
1 -2859944 34822145
1 183870862 20274087
1 -47687300 27619813
1 302979068 746696718
1 228237750 764750977
1 34693074 298191955
1 -246280636 157045897
1 -282680864 688141333
1 56344536 193672535
1 -430279564 24387679
1 838179948 55961417
1 249122889 116369809
1 276843249 853392328
1 447557838 475262981
1 -42673348 277377571
1 -291142280 207307879
1 -195526360 164513173
1 202520898 205483503
1 411889205 245687554
1 13356560 210919766
1 66753270 34774561
1 250206814 23036537
1 82717130 81778841
1 -242470320 76256335
1 517145692 90191773
1 -98363237 5075851
1 146931707 66933313
1 -432427761 258722524
1 -864336000 194660225
1 -571142084 225355729
1 -234975291 902239528
1 147602336 212900605
1 199280250 264369485
1 139359790 16916499
1 -75717730 309204157
1 215607840 464305313
1 27935488 64224163
1 -333208204 197424916
1 -279120222 70299609
1 -236586112 124259864
1 372723608 224694716
1 -329006140 43228432
1 212536584 476689971
1 -276772860 549733249
1 -942233940 74094545
1 -569931976 233749976
1 -595612866 128561992
1 -56629060 346247962
1 -40516290 330628921
1 269961993 61345831
1 -252708992 1482069
1 -71107025 527894661
1 142033320 110857553
1 864846840 147871488
1 -93032448 24002345
1 408129804 324435945
1 193975236 226608691
1 -190893969 17805736
1 199293515 54468609
1 -121613877 481846588
1 20908657 54784025
1 -50697000 133613439
1 -360084810 7683436
1 18332244 854405850
1 -280673614 720741329
1 184326624 141490065
1 -320582032 210360829
1 348621120 300803441
1 -459903932 67424449
1 -176362656 518274106
1 -241824973 202233151
1 -142326720 686664721
1 -286390428 185657089
1 -113384360 227676650
1 -731694870 61457408
1 133746240 810166917
1 214788924 149819329
1 -389880322 450041617
1 9528666 113077027
1 546904436 190542275
1 34994484 185736409
1 730100490 126955907
1 -19163768 404079001
1 -507299652 423690901
1 942738 112912661
1 136540866 115885577
1 -123741950 128524196
1 28036215 531666097
1 35687131 160641311
1 52770512 317968301
1 -7598500 287455975
1 21284802 5687776
1 214786835 686550401
1 -330574895 212023093
1 -315458183 678149255
1 -352796220 269914105
1 -196839852 152060581
1 -48394701 154791133
1 283586832 236238652
1 6570724 890196439
1 30927034 396659836
1 -5767203 118787841
1 409755957 394599028
1 -65540820 299217381
1 -134789040 693860471
1 -28885485 12410269
1 -430890528 241934595
1 -719338098 683937
1 -151102630 104218401
1 136273680 52351201
1 -460187583 311373426
1 -119853410 368997121
1 234562932 521292241
1 449538108 103842501
1 -325371642 238424231
1 211483085 309010901
1 -460748860 38517507
1 -340100418 361505261
1 -21963854 61656669
1 -112353690 150057484
1 71418910 352095581
1 -398215376 324328801
1 156382290 449862183
1 410669028 2380234
1 539639625 44215206
1 -71830260 787632070
1 166233582 248712807
1 -39898624 200735263
1 239856681 82502986
1 -678097088 319316425
1 84345625 654579641
1 -392441236 309123403
1 -68499315 508964740
1 42831576 604714749
1 249330214 251054317
1 34534514 136202689
1 264897102 70435683
1 -25733980 76100333
1 35579358 13517929
1 -254325773 66804949
1 -291162800 226933562
1 -24241653 318900462
1 135069655 52346371
1 439607803 227313313
1 132451260 283887665
1 6881753 884311051
1 39588088 23651926
1 -595631023 461519626
1 128473796 70846810
1 871609230 120162407
1 182695134 63232281
1 127334376 86369221
1 -560675432 745132441
1 382287270 224720341
1 246652830 89536990
1 693275088 1330267
1 -801327285 7020261
1 6266960 532716591
1 81775662 254572869
1 -40133456 588470401
1 -267544624 780417793
1 -29774115 444880576
1 -735738228 244731697
1 269173080 406294234
1 -583334631 93877317
1 -144695838 644355741
1 280070122 439875613
1 66341488 252881461
1 -548345287 177156001
1 -80448480 462313006
1 -241720128 7142368
1 122280852 20208889
1 162356625 324471315
1 234319267 939132941
1 -175890528 768264929
1 -516108175 104366419
1 -29680290 364559905
1 -388108336 120270360
1 44196772 13871305
1 -109061690 364220281
1 57542772 72303073
1 -828898398 187177812
1 41531595 266432092
1 190416800 131500381
1 702453804 93648038
1 -93797550 283759407
1 -56930468 51094153
1 299577166 393919281
1 -345852525 171162956
1 -159436784 329703201
1 -433492125 30178246
1 -476433297 27820261
1 109649457 262581072
1 961462140 124829041
1 128992435 79805883
1 -315235895 91579135
1 -289327620 3693907
1 -139632816 136242195
1 -717597263 383798394
1 604688640 202981675
1 -75741820 616895623
1 -344146131 681260847
1 -649643976 321983621
1 313725174 349499944
1 -35336432 104668881
1 -65606485 9050155
1 -124304895 777324164
1 259744990 417990745
1 -17631760 943011
1 21089128 525951361
1 -3087293 37181341
1 418540276 295601281
1 42834504 203089825
1 264825594 525499561
1 -729084972 503080887
1 -1288464 19946972
1 93308085 346713817
1 -29759139 14841891
1 376741104 158968890
1 -310182765 195546979
1 502548192 295336801
1 -355091452 57108685
1 368933760 185589781
1 -108881332 214538673
1 -289357460 139899662
1 421260732 170163961
1 -469133096 35301181
1 64678265 121245126
1 13818138 283732885
1 -533724694 47737180
1 -64637307 388555177
1 148262040 21746005
1 438644506 7985251
1 -23798390 191412631
1 27816312 159069457
1 122636934 129893941
1 -51109366 241411673
1 644846582 204226050
1 190831932 790403125
1 -471452547 136595941
1 -539013878 443781562
1 -343263900 285478522
1 -817854444 88356874
1 -290668272 63090931
1 -760023510 218045991
1 583637788 228016075
1 409299000 102867398
1 -127650540 109300556
1 494994026 610456367
1 -114059340 283959313
1 273405588 41055266
1 378693698 422557701
1 58182349 428067073
1 -298072782 164408786
1 214336576 413248493
1 311289376 214607369
1 -501767818 432757
1 -720476784 401401309
1 412322960 473118878
1 141658725 212613957
1 -161310204 572262137
1 -543185870 700194201
1 65472444 328241141
1 12375245 363489241
1 -327386760 263293099
1 67624444 864367241
1 -189286296 362311717
1 -438564665 18160295
1 396335484 189083859
1 -736534722 30466207
1 -185700075 740484615
1 235255833 456578401
1 229069512 202441345
1 531699268 251027920
1 -410136772 126000346
1 299873780 123132686
1 87592542 42998611
1 -430758460 165579571
1 -64307400 31761841
1 -73640 504886834
1 -488935214 169452261
1 33727260 100956371
1 -780853956 68126857
1 26965708 28979237
1 323009772 108214369
1 287599381 231881701
1 -82844853 256378987
1 -244668327 508935617
1 -601695500 48482301
1 -287966616 20823305
1 -373285250 213575617
1 -219117256 427111101
1 -768272479 99530155
1 521390245 255502465
1 157580730 773389
1 436467848 9349081
1 819312059 60801765
1 -175688676 316534841
1 443024309 417810145
1 -275058218 579710085
1 91818360 111233329
1 246588277 252253165
1 -794873592 54464873
1 235359576 870375725
1 546575424 513959653
1 89251292 241754481
1 33745868 305479740
1 -206612192 296829651
1 -208843962 151156177
1 412208664 14492840
1 -918961303 234135253
1 -446657388 879630361
1 540822420 100815876
1 -124193440 125022899
1 -509502496 149402761
1 629513808 19547489
1 -116134418 110484581
1 -10833672 396493861
1 -541079210 864491481
1 426779717 48716201
1 -440207960 633513209
1 -52005700 213010841
1 122508672 307981493
1 954055382 747941671
1 367087531 369026055
1 856733800 182503949
1 637623140 133709517
1 93762852 205785205
1 -761323170 226863601
1 360429300 49092709
1 -250753482 303436701
1 232775968 217667803
1 130143542 216395501
1 98272048 226661646
1 224005991 224163044
1 602067096 11072161
1 -255858592 316171747
1 1736000 18757936
1 441942000 568915101
1 503210200 398443945
1 -64773566 287479512
1 32517512 678365623
1 -4467120 578778481
1 279766278 237064785
1 -209234070 307645975
1 -357231175 545946451
1 300359430 184135929
1 -39148778 490717145
1 -243270671 322127373
1 239099977 288130935
1 -709848528 31600607
1 -286595713 214797793
1 -154963200 319621138
1 151088949 273310094
1 -697601960 46381561
1 432111510 64607009
1 -252819624 118710685
1 -258186168 165890674
1 -468440688 173422926
1 93760629 646428783
1 -730497624 20320301
1 -571490252 189050338
1 -469461108 9247063
1 -318700832 71374201
1 -599931435 108199947
1 -345524467 350472695
1 400817820 360575503
1 534476704 12786972
1 -595716615 530963668
1 5895014 8447313
1 309994644 147534337
1 -471692576 374347447
1 196796096 113067383
1 -272633556 339538717
1 -83997368 93328701
1 -370411084 57920308
1 158604599 43759729
1 -1365496 4442679
1 -207344422 396552097
1 -251982388 20601421
1 -36139905 14996287
1 -295995623 334567357
1 496652134 739282053
1 147397500 337502425
1 68173587 183583434
1 242509360 578055229
1 -413234929 276419024
1 -60476007 261290939
1 -490206786 150094667
1 48419199 145152151
1 -365063027 13109192
1 -16606484 529451236
1 -392655766 363791506
1 -416319940 656690685
1 -650233920 96403041
1 -74994909 285011226
1 -280750416 141279076
1 -56222718 527272801
1 -434532462 124697233
1 283103280 379021072
1 -178315126 38906924
1 71297772 10191644
1 98180916 689044462
1 28563905 66362493
1 371299010 528503123
1 -839414800 440136501
1 -425683200 410133073
1 390315937 378906949
1 437683885 358175182
1 -492699868 509802601
1 -341213607 68904768
1 -648427639 327717661
1 -31942493 502847499
1 -40567090 102510013
1 230067170 59840166
1 -619014616 240086365
1 -166441456 192893505
1 4559247 168727033
1 -508665612 608196289
1 -569420652 866698876
1 319271420 353030822
1 216072438 79250541
1 -277795536 399811105
1 -486631946 54771286
1 346602319 702136581
1 768807864 48975484
1 -245008750 163750735
1 396755611 1711345
1 430426380 863780719
1 -357980556 18259801
1 256223175 321972015
1 -537114201 519658512
1 105389820 233346347
1 -240147038 505712956
1 430560155 139049761
1 110939580 808635211
1 49266537 10221941
1 98434758 17736844
1 162492019 111309731
1 -458495703 150346441
1 -84810464 310239929
1 760417461 354676621
1 -17513496 373412291
1 533490600 255172906
1 -440531234 441588109
1 -183244098 20224772
1 41518450 340211629
1 282709572 10154607
1 643874824 6528619
1 -845378856 467691841
1 -35396847 608081629
1 -57011540 284555359
1 7555940 96500161
1 -683592467 278883145
1 183816150 88444969
1 -40378278 528084421
1 8472286 470172088
1 -46481085 330319761
1 -390672444 714790803
1 577601174 10982245
1 -442094565 4809025
1 304612238 48757701
1 195293398 144099244
1 -528117602 12321397
1 598466791 127583325
1 318218362 120186119
1 -155202432 411437929
1 -265567731 124669
1 -40070935 108580483
1 -850466820 534093819
1 -725842325 341789589
1 -38016328 240772008
1 211178660 189318403
1 234078442 186731679
1 -20107200 345315543
1 11565120 21203478
1 -336632776 338880345
1 -25751880 56328897
1 8835912 39702817
1 181807000 212584915
1 -13810440 303463726
1 -8608800 190480207
1 -168819200 277737287
1 108300780 880029043
1 4973248 363265537
1 -251375650 267885281
1 152638300 123633112
1 -694878680 216650134
1 -855090339 324085644
1 -69466500 11168061
1 32726378 3424279
1 286045021 220781313
1 -163134801 122660422
1 26087496 3348885
1 80400837 66792481
1 -666127506 431092615
1 22191350 280239469
1 -21771489 3624417
1 18289025 136423199
1 -162837388 110068809
1 -342641867 903515509
1 -279855516 83294179
1 -409546704 226021471
1 -37464030 100099263
1 283856320 92336851
1 -68994528 12053875
1 -448051303 262263392
1 -20347520 704902971
1 -525615900 145421024
1 -280929750 7789728
1 863656750 583558969
1 -676997508 431241126
1 -408576 218487581
1 558181536 398113185
1 191545380 163243393
1 12340980 175571782
1 230086239 691804819
1 -40837401 366815065
1 -113904141 842576623
1 -254459172 79830911
1 -666238686 554242725
1 152926535 4614940
1 -80443673 3698956
1 -360530921 16483993
1 114485260 160241942
1 23155587 46045243
1 243061278 59002945
1 22992354 205104383
1 -185192304 399613231
1 87080630 55838761
1 340633293 983889362
1 -286297058 394372771
1 90178180 716610181
1 -634777936 587398565
1 -516333015 96827137
1 -110501349 605541282
1 -749844171 12558706
1 166244644 481843153
1 12918096 799889271
1 73846641 64059955
1 -28341052 331104916
1 140395203 170184080
1 -765992640 334179931
1 -515594298 456022225
1 -183347640 348564141
1 840482528 554819025
1 587548274 102849215
1 -397911507 262262163
1 519543882 211559986
1 615596116 325832
1 -699936086 463313777
1 -106093975 201106555
1 -8970931 169075713
1 224062032 39912202
1 739151751 73562795
1 -203584928 519964667
1 284380182 134017565
1 -187741920 84641657
1 229982456 306390955
1 37004328 978455323
1 -49103635 370212566
1 106621977 163001278
1 -74158338 56163071
1 115571388 205398649
1 -195554919 25805321
1 -265346965 163799408
1 51121590 293885021
1 -270569992 155687485
1 -607050664 229123661
1 292958230 119416882
1 21350776 469558951
1 -66419973 4770559
1 13302942 425309403
1 -343110160 281602833
1 538780273 253858241
1 -1001040 143467201
1 -61037956 1875373
1 305735871 529948617
1 34092436 206941566
1 238828340 7815100
1 117058665 42053401
1 479434638 119134938
1 -425092995 78957877
1 -590569000 312482947
1 76680536 348131197
1 92346156 148882081
1 -619522722 108267833
1 329875000 393987841
1 442753075 154908223
1 -278175086 345748929
1 -246174032 542422181
1 -857140668 573612555
1 176823139 343642039
1 130407264 263647965
1 -164786082 103910833
1 428298013 580131405
1 -636671112 109972945
1 -212601692 4835101
1 -344391740 103015649
1 35382501 669865847
1 -948157464 37128839
1 -956508885 77903281
1 930279042 624992421
1 13199004 33818401
1 126179604 18091633
1 263182612 105792886
1 -375979752 50395396
1 17175690 209711025
1 -188429132 278798514
1 -880747077 422186011
1 -160759680 561941360
1 124587768 604700944
1 823996300 215326213
1 64431768 12274381
1 126123480 100435633
1 -78269836 981378121
1 218700443 134956576
1 -101286118 284016721
1 -145221697 7237115
1 -247408892 28962529
1 -40385000 277413501
1 736338782 134109613
1 -107239644 117580801
1 341568840 375802395
1 822416052 18315299
1 393818895 56542116
1 3581288 84594211
1 210098724 986511905
1 52247513 343228601
1 875847908 220405501
1 62602136 117504401
1 -103696578 378168209
1 134637720 112422281
1 43501640 442442041
1 140581704 23908702
1 -218960670 46859473
1 -69041722 219230991
1 -558027757 657727221
1 350898080 233170950
1 155694736 10088971
1 104258280 571510465
1 -137793920 124265413
1 -16801388 119160721
1 -238214074 3946495
1 357738672 277114585
1 203813450 335256715
1 223278250 81972279
1 225283966 157762697
1 -3745644 352062121
1 -362187720 122545087
1 -8745190 203979691
1 -7173933 35159251
1 -43798248 524431755
1 344879935 146090369
1 -883973565 166608405
1 -158422621 86148325
1 163237248 462735345
1 41041344 203628405
1 -795707360 12417958
1 244936496 99860125
1 540329892 123638801
1 91466691 57457819
1 -635969880 335428309
1 476574705 27005001
1 31835490 547518745
1 -275071628 217826029
1 199737120 236200753
1 152688456 134212167
1 66371126 329297284
1 -100768320 443466471
1 -14870687 179775496
1 -95783702 75876167
1 -558985600 126270721
1 -1859395 53931021
1 21820916 73436218
1 -21624918 340344217
1 -516531816 415459422
1 7197742 110781831
1 37946898 94175159
1 955440 504566161
1 327034134 432808233
1 238825576 198828001
1 -274685320 175862893
1 121951431 182358181
1 329049014 750744996
1 126684384 236731546
1 208207086 701957829
1 21576768 19869937
1 -76499640 340207951
1 -122249022 54932941
1 -710378440 645055499
1 184401764 26419361
1 1912160 332690341
1 247168849 208549540
1 -17328890 250524886
1 -390505326 209025061
1 -454909312 45825481
1 414415508 165140405
1 570311405 382924812
1 -60113804 180068263
1 771802614 381374857
1 -175184614 303293034
1 126351792 685599201
1 470081400 95049636
1 537019435 45708461
1 282987987 560490617
1 -803672730 9908425
1 -60873840 662349481
1 -184399995 148749448
1 -20185413 179637385
1 590476608 179742025
1 15903954 103326030
1 260947352 595465073
1 -162025920 56182230
1 -197791323 68395401
1 -293384390 59036573
1 -281867812 354659841
1 -659703920 289033685
1 34405916 5558791
1 -22598720 57420665
1 -390109650 61936897
1 132465414 99890733
1 682217325 118615045
1 863354162 145143060
1 -44615718 52145227
1 -258855597 117791653
1 -339969245 188319907
1 -83068065 831706195
1 -1440000 156676756
1 -1683864 151173201
1 264453480 262058221
1 -674720365 504742321
1 -468072716 873597847
1 -138271488 354707
1 -183635183 693950599
1 568597674 265097701
1 -20597880 591502286
1 221820748 29942177
1 -54526808 844027041
1 -310296300 379428001
1 -714864192 20286893
1 284931711 112231152
1 151887249 257286418
1 249232896 73047745
1 -745234875 48318829
1 504783936 147104518
1 134884407 35175790
1 246226965 2837001
1 882332256 10218343
1 -155991142 12005761
1 -323891802 12488761
1 13830530 659844942
1 -50544825 90684538
1 -127285664 193191265
1 -85620908 317021221
1 168555987 21519064
1 -299466160 143618257
1 -574263538 310660651
1 -207554650 27308092
1 -118589100 89051623
1 -64800 4359709
1 102447094 7122844
1 539372421 637277569
1 133950040 79255670
1 746793620 103859119
1 -301984395 352759741
1 -136689934 440027881
1 -260054288 262428600
1 -350656632 126544755
1 -491749488 368715348
1 234914624 660168494
1 109236276 542586349
1 317166234 344237921
1 -28675744 85051891
1 679903790 551099473
1 22070034 65088703
1 148927416 765509305
1 -142478772 78314126
1 -392558424 85994497
1 -81976665 730921189
1 597777003 170438912
1 -436732636 125273581
1 7952025 76777174
1 -90630284 62738221
1 439185096 64896855
1 56772690 160359589
1 168563244 693370218
1 47860438 59219851
1 -146133985 266824798
1 55685952 460134159
1 -215722395 316608724
1 -104177646 91542005
1 517073088 7711677
1 -37503792 385625519
1 -4518636 122606771
1 -15996864 67751113
1 106974 110862019
1 301357230 39447649
1 363608510 285722305
1 90032425 660659096
1 -220678458 465177511
1 836258896 332721181
1 495900082 158192151
1 -98991425 130400334
1 602059662 574708426
1 443425752 377975305
1 290768193 121240483
1 148690 606923317
1 -956417930 38196126
1 150466788 507770515
1 245838036 98667856
1 -768428472 537398422
1 340553550 202223739
1 -7654991 10619601
1 -625617708 108251726
1 -535814532 4762135
1 27977810 59612785
1 10866907 151768841
1 -129450708 226634189
1 -495733560 214657990
1 -108677264 104134031
1 22410500 47387736
1 723678250 184060241
1 -12607153 237104913
1 -377782516 259932401
1 -31896942 169649842
1 -401195592 348095633
1 -325139700 10021001
1 -148790394 332387668
1 404505000 398741470
1 355609496 353364641
1 -464894952 145316095
1 -48785416 315268291
1 -367957735 643003521
1 179275294 724417
1 -641567475 294917281
1 -224882110 7114921
1 106116643 6038145
1 254606808 183446345
1 418439875 205865545
1 53439803 68236791
1 -170694323 591738853
1 -432438435 564553874
1 -46244576 233161587
1 -159355280 6244609
1 -313589004 161871249
1 505092588 219461941
1 314743481 50169219
1 -279448234 80704885
1 630438211 272322001
1 -843244347 154506709
1 -490217115 72500968
1 -85950504 163529445
1 107817888 464293627
1 -38136740 330552817
1 10555677 61847837
1 137557344 160311901
1 69070014 38197962
1 -431941666 85046300
1 72011576 139825441
1 -323422930 91652726
1 129111251 33717019
1 133982100 21044661
1 199941750 87010633
1 -314773240 343782034
1 777656509 323324623
1 149320344 521161601
1 -97645056 563707426
1 262830213 149862385
1 471902898 483143090
1 -488340131 197271628
1 214370295 293468904
1 200490170 508191626
1 809014650 14200272
1 -27403152 399229761
1 -37855296 18597601
1 595198815 301514781
1 -348031125 324419584
1 -780355928 5751404
1 -361081191 25305447
1 -75872860 484896415
1 -606713200 2791055
1 -411147606 301141069
1 160137983 327641977
1 405013044 132888412
1 -531430482 733380621
1 67260445 220078185
1 -61152411 144251137
1 -213249868 675232294
1 467656784 392350362
1 702332864 516004369
1 325702850 291468605
1 27528810 423489969
1 -509498658 264003283
1 -359577330 152862393
1 -612594252 247097041
1 578461089 310736891
1 -565652720 68159462
1 -982257042 153175155
1 406907904 117875165
1 -76023090 780077726
1 -106693620 82528825
1 -279192753 742047391
1 -23088780 939942319
1 122068793 98376481
1 195280200 197099001
1 -319785524 39256378
1 -8855805 498690531
1 359662730 265794426
1 -198753408 480298332
1 303481140 413177458
1 -237321074 97268745
1 -923831113 17677999
1 11693780 753315133
1 38502870 643497777
1 -916300 692131561
1 -478985018 698005659
1 177519855 79743193
1 -268154692 628132944
1 853998970 62223175
1 -405829114 33563189
1 24732841 143997373
1 210444080 310335305
1 -34242595 779439469
1 -830289900 852109
1 -260376480 345979221
1 -45912825 89328901
1 21621600 260023645
