2000
1 -634 776616985
1 8780 296235118
1 -6716 65037868
1 -269 893518319
1 -7872 160372042
1 -9805 222290719
1 -1395 557428777
1 4920 60214425
1 1448 199090975
1 -2130 122951233
1 -4864 32216361
1 -2812 635436118
1 7400 232995115
1 -1580 101060791
1 3718 404165092
1 -8938 1024142
1 172 425830993
1 -2650 385657063
1 3760 32596061
1 -5028 556728078
1 -8547 106494963
1 9988 477950785
1 5828 734457313
1 -6726 12103708
1 -8800 143841049
1 5150 460914719
1 3369 718911
1 8329 107105275
1 -348 91394371
1 -2856 69908113
1 9335 40020101
1 -4788 392889351
1 -495 7397482
1 9850 413005893
1 -6323 786169949
1 3184 34699511
1 -1992 36533946
1 -2474 86383981
1 -2950 208972921
1 -3064 311653385
1 2776 124928355
1 4750 677194897
1 6430 187419591
1 -3283 677397777
1 -5312 44677915
1 6170 327196521
1 -4452 146748466
1 -7600 74722771
1 6880 269652235
1 450 174040201
1 545 55119937
1 7172 291273061
1 2130 171633503
1 -3400 615942251
1 -6950 214403337
1 3920 550032165
1 2128 23932445
1 -4901 5164467
1 -661 524311201
1 1792 229940801
1 7724 310964635
1 4660 194425484
1 4824 14830451
1 -360 493446283
1 8748 55354729
1 -9678 348580717
1 7848 287046849
1 5719 162190951
1 -5080 402629354
1 4300 12978409
1 2260 349361722
1 -5658 158480589
1 3049 198935388
1 -6990 12175361
1 8410 441628734
1 7632 564115245
1 -4158 17972613
1 -2944 5366561
1 9032 569498623
1 -9584 129245655
1 7665 528055606
1 -3283 21666745
1 2563 396697533
1 1551 548379337
1 8420 133141321
1 6992 361913161
1 -9411 155139486
1 5896 85769516
1 8394 11347009
1 -6247 26882751
1 925 183870335
1 -1010 445074849
1 -3940 5087977
1 -570 5099745
1 -3952 103940645
1 -6800 178025797
1 9976 99819904
1 -1736 424885201
1 7616 383266321
1 6510 610092163
1 9300 599187899
1 6914 182647279
1 -1136 358874341
1 -2784 700840471
1 435 10262197
1 -2206 570614869
1 4964 220844707
1 -3360 243251933
1 5216 521300701
1 4032 115280831
1 7262 553402045
1 -6320 80227729
1 -6236 353596321
1 9682 158396941
1 -1080 710138028
1 -8060 41240800
1 3228 14923997
1 2310 94869843
1 8925 118196221
1 -7760 662845301
1 -7824 372796638
1 6900 281777455
1 3088 582738010
1 -1016 44376683
1 -4146 324171541
1 100 145748221
1 5129 21521677
1 7376 107840071
1 9680 469696318
1 9339 69411509
1 -9864 618448191
1 -8323 19510492
1 5725 4714207
1 2752 743649013
1 3132 449148883
1 224 100401211
1 5850 13323639
1 2990 565745111
1 -2416 99900281
1 -910 300399161
1 1746 611155452
1 -8115 641534461
1 -9775 169591695
1 -9716 727657329
1 -1468 255464133
1 -5022 5622778
1 -8593 101153797
1 7753 472751641
1 -2597 47171301
1 -845 501495805
1 5913 193553416
1 2408 347527069
1 4084 156986281
1 -8096 148707155
1 3332 137854009
1 -4200 885037
1 9698 498207565
1 -4312 113657501
1 -8967 268446361
1 -7876 126691233
1 -8650 135365051
1 5344 67959
1 5826 714179691
1 3498 396688863
1 7578 298930449
1 -4517 252964549
1 -4923 338692591
1 3728 137040616
1 -4896 388864739
1 9620 100996409
1 -2460 113925592
1 184 742194109
1 1704 17820852
1 936 661183818
1 -5800 158816017
1 7500 151474213
1 -7680 34434971
1 -5935 171316445
1 1364 324978171
1 9152 355538863
1 -8582 679199420
1 1296 281275336
1 1540 66811762
1 -8736 143241149
1 -338 96545455
1 -1888 95000303
1 -8428 529195189
1 -9158 14087659
1 -5770 164476275
1 3224 208568097
1 6971 88651205
1 4329 730726921
1 -8920 118071262
1 6535 45729847
1 3740 294408430
1 -2838 475577956
1 4779 9699311
1 -4411 278253145
1 -8276 145408392
1 -3910 374806657
1 6704 170751620
1 -3065 473155740
1 6296 122342711
1 4400 73723396
1 -5516 518393459
1 4498 91614785
1 8340 41117208
1 9078 123466512
1 -7589 54251250
1 743 627058167
1 -5568 629194348
1 -3896 432287773
1 8298 322845265
1 -576 552469423
1 1334 147619585
1 5056 119053573
1 273 371636161
1 4853 55490965
1 -3120 626160461
1 -3772 139710691
1 5193 678714466
1 -7520 332161201
1 8930 67895158
1 -3647 165809425
1 9049 533330701
1 -4278 606353899
1 -9461 8891521
1 8270 141058369
1 9412 109291114
1 8899 854691340
1 -4510 413437945
1 9522 183286531
1 -2106 172976545
1 5754 344272657
1 -7546 211402217
1 8150 701713561
1 3885 93487822
1 -1280 566823334
1 -617 371118793
1 6224 380542246
1 -8330 187438369
1 -6276 204745871
1 -2527 33907633
1 -6194 298778317
1 -8960 14370001
1 1760 372278586
1 8402 326476991
1 -8488 181864201
1 -4720 215163811
1 888 92800669
1 1301 120302318
1 -2210 330769451
1 -7199 33908536
1 5864 62203870
1 32 264079089
1 -410 18281475
1 -4548 482329459
1 -5372 29951429
1 3082 229796410
1 1248 5899300
1 2140 68428039
1 -5308 378501341
1 -6360 58229515
1 1984 50675329
1 9726 297679443
1 8528 142632231
1 2248 748338266
1 670 24116503
1 -8953 126810976
1 -4930 111644393
1 -7584 193285746
1 6639 57241617
1 8190 138649798
1 -6988 540418152
1 2211 62907541
1 -3712 21137172
1 -6040 381289078
1 -1474 156231004
1 4256 822847225
1 6053 808058230
1 1600 156749181
1 4638 91797706
1 5432 750998921
1 -7128 32476181
1 -8487 15224617
1 0 302721073
1 5354 673678208
1 -3390 196094037
1 -2838 102118864
1 4208 851903801
1 8125 66368714
1 -8675 91611313
1 2968 946995193
1 2436 625705496
1 -8820 256072481
1 -1025 952986811
1 3133 76248145
1 -3062 32687061
1 -4640 483179585
1 2990 34913649
1 1472 123505
1 -6710 892676320
1 550 57383661
1 4125 921741136
1 -9398 446627078
1 6552 174966296
1 -8520 161934081
1 1080 605928982
1 7004 107121990
1 1720 298017301
1 1724 558473926
1 -7632 257113795
1 -3324 26847437
1 -5952 38589984
1 2056 32562113
1 -6244 647828281
1 -7884 21446436
1 -8714 22391656
1 4104 371406643
1 -9797 124850137
1 3334 383901841
1 -2464 510227020
1 -5050 40987641
1 72 449532661
1 200 112945
1 5300 780020756
1 -1144 357737953
1 2824 303650555
1 2472 170700573
1 432 32527019
1 4152 12176249
1 4116 929527205
1 910 5490908
1 9789 248363853
1 -7038 301599838
1 9272 54085417
1 -7200 557565267
1 216 239089671
1 4896 707021801
1 6947 521222405
1 3050 812348967
1 -8256 433142508
1 7350 271417294
1 -1008 307673889
1 -1152 366074164
1 -6080 209441
1 -7700 47252393
1 5248 516692965
1 -9204 146660059
1 826 81410913
1 -8614 29249741
1 -8980 10065889
1 5572 17035354
1 -4940 19593861
1 -5430 27317620
1 -4172 359009156
1 -296 76652089
1 2780 929535997
1 -3080 66992633
1 -3840 127750001
1 6901 14465539
1 569 112203631
1 -4350 624617751
1 9904 74722488
1 -2892 526223629
1 9272 368821559
1 -143 89541166
1 3575 87012453
1 1374 104099376
1 2872 73113197
1 -2727 21484981
1 2524 631188143
1 8897 45383599
1 -1900 259413997
1 -8508 11034681
1 9208 595696333
1 1876 443812501
1 8146 150816607
1 -3195 31698857
1 4944 52810591
1 -7175 234174881
1 6194 215611201
1 -2264 834927131
1 7445 1545578
1 -9223 224387072
1 6549 598402873
1 9000 265662145
1 4560 846443503
1 -8309 326121104
1 4512 100621
1 -925 452439790
1 7084 40145359
1 1952 16967875
1 -7527 170085590
1 3304 89794436
1 9429 150611416
1 6188 189121556
1 -6788 384096493
1 2112 100906463
1 5272 22178920
1 2060 188546865
1 -5605 673406305
1 -8800 449233645
1 4945 7706546
1 -9002 485519651
1 9296 222484839
1 -6028 41906380
1 -7516 65306722
1 -9272 326354836
1 -9312 461763985
1 -6970 352987735
1 -66 7047028
1 5849 202929345
1 -4048 233259245
1 -4800 205683625
1 -7010 546851617
1 298 474156475
1 -5872 38927041
1 -4608 90823789
1 -3660 255957050
1 770 128047009
1 4342 372401861
1 1350 186815101
1 6997 3432557
1 -5548 42532725
1 -7764 62128040
1 3762 83380193
1 -3228 646603533
1 8916 433357376
1 7967 269565245
1 8396 335391729
1 -6908 226436035
1 -8682 348680389
1 -5392 911828013
1 -9274 578972317
1 3100 265287121
1 -8240 153992431
1 -648 154582993
1 -2550 839512450
1 -2340 576166567
1 7672 306682876
1 -3780 572409724
1 -8842 39019941
1 7190 7530547
1 -5876 106925825
1 -3522 232775225
1 9894 278594716
1 -2512 67754084
1 8878 53569451
1 6122 13030276
1 -8000 806758000
1 5318 729462401
1 -8199 40530481
1 -7348 8859317
1 6828 349115001
1 8767 41455701
1 6725 122458211
1 -2545 241829083
1 920 357110237
1 6896 114886681
1 -4203 82520329
1 274 498292804
1 -9706 106922097
1 -9965 524749001
1 9864 705364165
1 1820 238053961
1 -1660 148753609
1 -1304 234500857
1 5750 43231552
1 5889 182271809
1 7220 20001752
1 6947 259995959
1 -488 516146743
1 7156 47398924
1 -4063 341189520
1 5300 16081570
1 -3848 80800501
1 -9961 201826561
1 1982 293469187
1 -2674 656064001
1 8700 546914564
1 -430 828604022
1 -8034 213805999
1 -1382 259843387
1 -4432 19545765
1 6004 380461162
1 -9540 221084641
1 -8188 253548742
1 -6192 211748627
1 -4973 346222221
1 5192 359405509
1 -603 261025570
1 -6328 169418710
1 -3590 17445189
1 5662 526124831
1 -6030 543225761
1 5365 64928711
1 -4175 81417846
1 -1736 190398577
1 1978 72366969
1 -4555 62083841
1 -440 172483312
1 4362 430292575
1 2978 183353089
1 9831 709593837
1 6168 471781088
1 6916 6492025
1 -8012 812692569
1 -5290 97692517
1 -3850 106385518
1 -6174 321206621
1 6849 209445169
1 7893 35055873
1 5600 5854227
1 -3729 252770911
1 -1421 170483558
1 2000 464235185
1 7311 377759993
1 440 242773153
1 -7565 118841841
1 4590 310850231
1 -7880 265150861
1 9088 881887
1 4812 538746485
1 9882 35612936
1 2550 861635733
1 1260 574508045
1 -5529 201287131
1 -5830 36267385
1 2849 63412119
1 6650 430793329
1 -3700 74167821
1 1767 9422029
1 -7035 372382986
1 -424 398269886
1 2447 702750617
1 -1177 9581643
1 4440 75792210
1 -8290 601364413
1 6426 119504633
1 740 769559416
1 -5920 66784081
1 7964 912637839
1 -8220 241386487
1 6662 547559969
1 -2550 261295337
1 -5376 320364432
1 8752 237952111
1 -224 398677187
1 4369 64603639
1 9463 40670666
1 8852 6061375
1 4619 30001399
1 -7486 555423083
1 -2266 289574374
1 7760 186696367
1 -5492 82162121
1 -825 81764577
1 -1775 219289756
1 -1738 503094537
1 -895 486062093
1 8229 366186051
1 -4364 86246224
1 908 697307371
1 160 592720296
1 -5800 784158183
1 7975 805395515
1 -129 160933312
1 5288 17253783
1 -6117 395065336
1 -5598 50075425
1 -207 184143056
1 -2025 39553327
1 -5280 967906124
1 6440 107163024
1 7152 23454153
1 -3644 702847553
1 9328 787582468
1 7250 257691016
1 -7635 764667905
1 -7136 315134961
1 -6704 9916199
1 -3263 288624655
1 3704 235700473
1 5042 381360629
1 -7906 570273481
1 -5672 847864733
1 4756 364030822
1 -7176 371702023
1 6356 182638883
1 873 448652696
1 -1580 61521266
1 -5304 571115040
1 8904 112257245
1 2338 351336377
1 2095 20534383
1 9738 211152361
1 850 132089855
1 -9300 558810825
1 -1242 153561841
1 3 407671089
1 -7370 66525031
1 5285 144052489
1 7624 95005457
1 3966 373996390
1 -197 302966401
1 -6580 31943556
1 -2945 200070849
1 -4068 305599141
1 9666 455875021
1 5472 246307051
1 -4132 145453057
1 5180 218820889
1 9411 19245703
1 -2080 125690457
1 3664 509840657
1 4836 148613865
1 -9609 247483825
1 -8240 139513585
1 7889 383110833
1 718 399228481
1 3966 350090425
1 6136 514521355
1 -6542 718007523
1 5204 601311811
1 -8818 628891515
1 -5570 79113313
1 8812 19012603
1 -8052 191724241
1 8204 127936414
1 -363 540122177
1 912 2637074
1 -7730 183882630
1 7178 799398601
1 4064 376355533
1 -80 92364457
1 7068 401721649
1 -7664 411040141
1 -6026 62585561
1 -1610 287239602
1 -8116 56808493
1 -220 244468251
1 3171 205328311
1 6119 103618306
1 1060 748331521
1 -4946 335900413
1 -7267 61914817
1 -2080 252421117
1 6974 129699071
1 3600 177989425
1 9968 44665769
1 4582 125765938
1 -7604 111920189
1 8620 81370711
1 5664 2315503
1 -6672 201890298
1 4120 304341701
1 668 474759829
1 -2624 24185777
1 849 459097552
1 7240 229585153
1 -5202 756199393
1 -9220 585075709
1 8540 20724073
1 8548 563148601
1 -2405 162778292
1 -2010 108932566
1 2819 519563920
1 -7426 26240959
1 3360 309565117
1 -6160 208723114
1 -675 325048285
1 7135 359119951
1 -240 44752716
1 8310 29580601
1 2120 899751007
1 -9292 447933734
1 5520 587266867
1 8500 90165279
1 -9340 53065
1 -6716 36386911
1 6185 377177715
1 1840 279205236
1 -1654 327572218
1 -4640 56258441
1 8850 44904346
1 -3849 127566751
1 1201 449377251
1 2634 192636557
1 7506 172617721
1 -5908 149920681
1 1432 228456973
1 9343 24187210
1 -696 894200737
1 4112 75879471
1 6808 315264001
1 -8670 99637473
1 -2552 337008785
1 9378 170526677
1 -2910 419817288
1 -4557 290608626
1 823 3447609
1 1176 472882996
1 -1420 15806976
1 2517 248169663
1 -6313 42581601
1 3801 64726897
1 7360 58714941
1 9210 912874691
1 9625 626523899
1 3504 341278078
1 9204 4135096
1 5610 209272339
1 6882 154619851
1 -8330 444819773
1 -9367 98624093
1 4457 562101385
1 3746 493020193
1 6264 352030250
1 6359 76043036
1 2704 387400765
1 8352 759129571
1 -9147 288691321
1 -2672 759460417
1 288 116695051
1 -1180 876542293
1 -4494 768255436
1 -8265 131372201
1 7306 323150131
1 2381 38233581
1 9640 574287988
1 -4464 7482922
1 -888 434838405
1 4529 412579249
1 2268 448457
1 -6800 156865105
1 -2800 529453726
1 5796 561054046
1 7120 290898700
1 5800 111646645
1 1356 376460
1 3890 435636361
1 650 52262101
1 -8799 179636331
1 -5804 51045996
1 9997 77319271
1 1582 489516875
1 -6348 605470075
1 5376 193403055
1 -3637 177967678
1 -8267 421370433
1 -1426 573032273
1 9490 225487429
1 240 17760897
1 -4200 812928333
1 1344 418309857
1 880 52403097
1 5198 235956001
1 -715 679299481
1 1950 115206055
1 -6670 105279841
1 2247 67881939
1 -2829 206162101
1 5512 56609473
1 5798 715184065
1 -7693 394988966
1 -7479 418991411
1 5120 230436181
1 676 124806001
1 6416 520586567
1 3346 596320141
1 6740 398889
1 -174 529587361
1 1085 227028154
1 3308 31998451
1 -9070 721715569
1 4352 278660939
1 4410 47946109
1 2952 770948695
1 4626 66922813
1 8634 841762153
1 2495 56810587
1 -7375 50507119
1 9200 776162555
1 -336 165289729
1 6740 22006021
1 4101 85088326
1 6000 440475281
1 9328 22722481
1 9680 643403281
1 -4125 455270422
1 -5464 83808641
1 134 249014130
1 3615 311619745
1 3270 85002857
1 9815 231105191
1 8200 19589131
1 -2188 58099569
1 4526 2574073
1 -6024 127849015
1 5776 10727641
1 7151 86721993
1 5136 616797985
1 935 40336151
1 6464 25909633
1 5888 54898473
1 5730 65568079
1 7400 25337518
1 518 18130001
1 4477 227268616
1 -7628 560281141
1 8354 60852871
1 8167 36596085
1 1616 436640716
1 4766 36873775
1 3756 309285900
1 7976 260027393
1 -3035 669300325
1 -4730 312407103
1 48 47856451
1 -5713 304904667
1 5040 558862883
1 -1536 82226719
1 6319 182174113
1 -7101 218687515
1 -6250 127768929
1 -9267 129814081
1 29 108242591
1 -1134 151624351
1 6920 751967096
1 6642 29585461
1 1763 11692001
1 -1815 27654691
1 5220 263030971
1 -2624 615394931
1 8696 160501285
1 -4424 339468961
1 -7282 37395801
1 -4597 105235296
1 -132 310435555
1 8625 49614241
1 5704 283426027
1 -2884 166506619
1 -6670 32644081
1 9080 95612626
1 4028 30096067
1 -7280 177587231
1 -8110 435969725
1 320 422195441
1 -8408 101651873
1 3677 187572316
1 -931 430596777
1 8020 434549921
1 -7320 602375097
1 -8944 101405225
1 9240 105562
1 -7050 222487960
1 -6070 510725782
1 1916 139418551
1 -4458 4977919
1 8197 286518337
1 -9918 147377473
1 -2116 228251817
1 -6233 94632385
1 -5424 162900947
1 122 598692236
1 -3140 181034189
1 3718 14168423
1 2000 71551525
1 9530 522025945
1 8304 10720984
1 1319 95158561
1 4415 8664001
1 7497 571527727
1 -858 560166910
1 995 280755201
1 1002 66871995
1 -8931 69911077
1 4820 456868231
1 3568 308853821
1 -9430 545811001
1 -8464 200160517
1 -4920 195265106
1 3080 41580356
1 -6300 185291437
1 -185 377402365
1 6602 340559121
1 -4040 9151201
1 5249 782644677
1 -6100 28055553
1 4607 617140001
1 -5295 95107761
1 7960 374951256
1 1580 63012001
1 -2866 18104226
1 -3960 203172706
1 8258 1618161
1 320 25621613
1 -4725 82652876
1 -2520 52404281
1 -3278 165987389
1 -9544 239363047
1 -8530 31264663
1 -7342 117414577
1 4230 679264810
1 -8458 132692449
1 -1448 23354312
1 3328 12006177
1 2224 98476321
1 5726 276130779
1 -7860 297350389
1 44 50974561
1 -2984 867231681
1 4750 182216889
1 9767 131845947
1 -2825 665085793
1 720 368291
1 9312 3442375
1 8060 120891205
1 9680 356098681
1 -3564 39698296
1 -2836 229507279
1 1300 243720279
1 -2628 208217453
1 -2135 2252944
1 -5012 11343501
1 -7004 240238171
1 -6687 225421445
1 -6352 579860485
1 765 738414365
1 8487 224349301
1 -3582 283084001
1 2684 113948383
1 6804 752277254
1 7936 29372678
1 -411 156591747
1 -3136 348697834
1 -4737 154170654
1 2550 773831401
1 -5345 28970653
1 9145 42226575
1 -9100 269283265
1 6038 37195729
1 -6158 950658185
1 7236 309844506
1 5816 202541308
1 -3548 186494306
1 -7620 494814589
1 3720 175313316
1 1461 218373217
1 9588 220179953
1 9077 322338643
1 62 576532656
1 -3750 21628126
1 -8100 102727621
1 8659 233414469
1 -8672 246565896
1 9291 432705121
1 7814 129193
1 -167 333167396
1 -5088 418578805
1 9790 240907001
1 1031 403550185
1 -8900 89794225
1 -1456 333137211
1 9431 688323619
1 -7680 246325813
1 -4962 42898957
1 5712 18751893
1 -4924 164593448
1 -1674 249695226
1 -9637 711921367
1 -1674 228108126
1 -1330 86226680
1 -9732 400985776
1 -8480 330600551
1 -6884 119741207
1 -4540 82471987
1 6780 722261101
1 7728 30387709
1 1457 361936663
1 1115 277415434
1 -7475 685857405
1 -386 108806446
1 -5440 11479209
1 5199 89838909
1 -7035 17436753
1 -3677 600172777
1 -2930 831374545
1 -3760 109805761
1 8039 120190521
1 -2226 24996577
1 -5624 618351697
1 -6050 717825673
1 -3048 483935866
1 -8281 41199036
1 -9672 464425741
1 5947 180422509
1 4206 647468791
1 1160 3092551
1 -9828 97813928
1 -8765 103966045
1 -3196 581734811
1 -7336 303383809
1 -2372 181539117
1 9056 129694577
1 6864 62830495
1 2288 304711627
1 -2040 105199277
1 8514 427266121
1 -1008 177469381
1 3840 363919148
1 1684 185603153
1 -7021 327793729
1 -6800 238583241
1 -8696 8195155
1 9053 18890015
1 -8928 468199245
1 4272 564290273
1 -8097 949518697
1 9392 567921031
1 5093 583011142
1 -7656 249442598
1 6190 245849593
1 -7960 408664218
1 -3611 975665189
1 -7968 49943397
1 5690 569957829
1 2955 279707401
1 3710 40593757
1 -1816 151666810
1 -1475 438853825
1 4714 125859982
1 -9848 392649706
1 -5584 528287449
1 8092 102834480
1 -5945 227988721
1 9000 556101
1 2240 26706681
1 -8114 584220756
1 3040 38482368
1 8288 191168227
1 -1470 951597785
1 2964 604033165
1 5888 266561686
1 -2390 117305101
1 7573 132152861
1 -6924 562104721
1 -7279 300875713
1 1272 353982331
1 6884 282550171
1 -300 605223686
1 4053 458767809
1 4424 11211281
1 2926 436784401
1 -3520 306915623
1 -5332 117934741
1 8120 107764942
1 -2910 825469561
1 -2200 213113062
1 2352 407025568
1 3936 28870843
1 -8912 404192943
1 -215 7469008
1 597 374208901
1 -7109 527158405
1 4310 194887118
1 1724 176714791
1 7710 237743871
1 1224 356602819
1 -4461 178211519
1 -1130 226914403
1 3766 441436591
1 -928 217486129
1 -8593 42681977
1 -3940 62466365
1 -7820 136669510
1 -6436 497269293
1 129 506490069
1 -6732 347471279
1 5200 941396785
1 -9000 117905301
1 1280 195115977
1 -8270 138890567
1 1600 809191361
1 -1224 60932908
1 7264 43661721
1 2827 45279935
1 2416 136286146
1 -6558 210500843
1 2338 329142087
1 -5591 178572318
1 4977 313585236
1 -8640 164013967
1 6574 401480119
1 -7610 693255964
1 3040 241512161
1 -2630 360223126
1 -2476 817215603
1 -5930 53833033
1 2368 721372842
1 -7316 16985165
1 2858 797981366
1 6993 35906466
1 5340 273829161
1 -6568 43118844
1 -4614 122270126
1 -5535 348644949
1 -2518 208349413
1 -1973 55712655
1 8240 66499883
1 -6206 832410465
1 2048 190346686
1 -5212 527145607
1 -9950 35845657
1 1400 258970368
1 6400 734387293
1 6032 102119585
1 -4779 280753034
1 -3520 289423885
1 1588 112592987
1 -9676 268972216
1 3930 411292995
1 -2307 157055341
1 -5104 60665691
1 -8164 115753793
1 6384 205999025
1 -5278 118495235
1 749 75469241
1 -1700 75265174
1 5020 96983941
1 3228 226265529
1 -4060 109909625
1 -1952 228107099
1 -7970 233622222
1 -4724 581818546
1 -2160 532355251
1 -2271 27653858
1 4670 138997904
1 2888 790891105
1 -190 394418055
1 -2934 254661505
1 -7010 292979841
1 -8240 897597261
1 -7048 133416189
1 -2412 182400985
1 -6856 109549477
1 4994 676683415
1 5220 470953123
1 708 486691645
1 -8404 135117967
1 -7028 632401477
1 6300 631204129
1 2394 730064695
1 6560 114642606
1 4312 466595667
1 -3520 17651369
1 -3756 615888207
1 645 439199113
1 3722 303959071
1 2760 305310090
1 9436 33600141
1 -7248 7231937
1 -5800 21655915
1 7342 143707801
1 9786 328868121
1 3994 803950051
1 -2717 168495218
1 -1733 188706047
1 -2516 441963937
1 2042 22048487
1 -6025 408730425
1 7842 322657861
1 -2235 31439359
1 1936 216237595
1 -5163 185713028
1 9496 266834737
1 -5598 440275501
1 -1941 351397789
1 7576 193803501
1 -4400 371928321
1 -200 431283421
1 -440 324622688
1 -8806 140376925
1 -6624 534525001
1 -7919 134295805
1 -9188 12900097
1 7070 99401623
1 -9916 109994351
1 8000 76630555
1 -2088 548902225
1 6852 32522489
1 -2398 252785962
1 6884 22193952
1 -6276 830939201
1 5936 356759722
1 -8371 94455046
1 -5072 806160146
1 -9336 256650871
1 896 701127337
1 -8412 250446249
1 -6697 224069575
1 -4669 250666273
1 -4224 611901034
1 5243 192844851
1 -7344 201183172
1 -7677 39203101
1 -8762 379002116
1 9491 653495305
1 -9905 46833557
1 -5344 313475299
1 4192 571333861
1 1760 431695817
1 -6190 1760753
1 320 221893105
1 -3178 24577039
1 -2620 552901359
1 7568 50434309
1 -8084 346240441
1 242 506327746
1 -9300 70333124
1 9902 167759593
1 -2672 54377701
1 -9940 205764639
1 925 60252997
1 8782 341060401
1 -3850 507454141
1 -5256 60767371
1 8326 279604598
1 -9760 435241961
1 2373 682494121
1 6372 393005563
1 -608 506739697
1 -6972 8415193
1 6800 468571963
1 8276 214084921
1 -2780 708461284
1 -4876 98171480
1 7324 68883151
1 460 764616151
1 -4695 57096953
1 48 47081137
1 -4600 586542055
1 5215 583700977
1 -5022 59917153
1 -5360 114602545
1 9167 113782901
1 -8628 306085936
1 19 13990549
1 -9090 429215827
1 645 287070625
1 -3692 313106927
1 -9680 139293961
1 -8900 21156448
1 5300 61496332
1 5912 441956294
1 -1896 160024451
1 -400 416399360
1 -3362 542521813
1 5260 311589892
1 -740 32962216
1 8840 84838846
1 -70 257042941
1 -3150 37712897
1 -2975 81961763
1 -4192 601438461
1 3556 9321636
1 4544 5062807
1 1437 4036801
1 1016 105666610
1 2632 250583811
1 -7155 633810046
1 -1320 10715719
1 -5250 154898935
1 9620 310509565
1 -9439 420360487
1 4850 460726855
1 -4314 21316366
1 -9957 87830569
1 1854 158292271
1 -7876 297190264
1 -6665 309514411
1 -548 517714539
1 -344 310826161
1 -5655 443323161
1 2707 698517345
1 -9234 10132893
1 1700 245006881
1 5954 58933326
1 -4814 582017172
1 -3190 267388741
1 -7696 198256529
1 4766 368473233
1 -9672 1106782
1 -9438 663221197
1 4200 265686865
1 -1033 599036295
1 -940 11836001
1 -3808 54034177
1 1928 381660801
1 6314 371761327
1 4824 131712384
1 -8716 151376023
1 6090 541878104
1 4384 322469162
1 5643 324299681
1 -7004 738236069
1 40 78069822
1 2716 57965377
1 -9380 640511665
1 8784 27200061
1 -1850 415282553
1 -39 327294937
1 -7430 17350749
1 9970 6887869
1 4403 895066129
1 -768 377417167
1 3656 479826612
1 -5584 29825051
1 -9420 162779221
1 4167 538261001
1 4962 62162354
1 6600 275336597
1 -6272 90442871
1 -8420 672848257
1 8823 257707891
1 2800 661869960
1 7332 183502705
1 -4677 411717411
1 1294 34756681
1 -2742 160990431
1 -8840 4028451
1 -9569 413647456
1 -8511 23835131
1 1674 83131505
1 -6177 5169745
1 -8275 173029325
1 -7952 720847633
1 -3687 281631804
1 1600 502926143
1 5020 208047718
1 -958 173018143
1 7855 174990713
1 5268 213214277
1 1088 68195623
1 5386 140747729
1 -8880 125231623
1 -4496 196065577
1 -7409 536786131
1 -6008 198222856
1 5187 657744018
1 4931 46041746
1 186 573835105
1 5420 62274001
1 5252 179635576
1 -4834 707375796
1 -4191 406334197
1 -2615 393496545
1 1272 277810336
1 -1227 221433532
1 -192 219246574
1 -2607 420320863
1 -8347 91990201
1 -8180 286541767
1 -3120 757846259
1 1140 5275936
1 8020 175725825
1 -1637 278766936
1 -8760 40138597
1 -1392 183589836
1 8346 176426867
1 -4078 387904276
1 3384 277473323
1 -6720 1752993
1 -4400 134215095
1 -1500 4207180
1 4765 52988145
1 -7211 279099679
1 8268 142275079
1 416 72450691
1 7548 242226325
1 -9355 209537551
1 -2632 185640027
1 -3557 443512009
1 -9634 623679301
1 1480 269246517
1 534 8989606
1 -6520 421141307
1 8107 317354465
1 -1650 112581691
1 5432 325975201
1 5912 43321825
1 3912 137854476
1 4530 297916387
1 7411 165410941
1 8888 304590689
1 -3418 180547537
1 8548 155308471
1 -1210 357150825
1 5070 79147445
1 7498 307062751
1 -9454 544501441
1 7547 14134617
1 -6004 585460723
1 3368 650333253
1 -5262 17696933
1 -5100 176452879
1 -2064 53547903
1 4065 469014491
1 -8744 583532971
1 -1172 89172369
1 -2838 620513791
1 1944 816511843
1 -3848 151606283
1 239 156359468
1 1705 520625467
1 7138 442221290
1 -6277 64008965
1 -1090 540764439
1 -3285 51128155
1 -5980 103444741
1 -5916 228649905
1 -3255 285863401
1 7074 42388771
1 9165 538830658
1 -1960 579727594
1 5080 214081642
1 -4496 549804097
1 9240 14951197
1 -7070 50284769
1 -96 42975601
1 -5416 568942699
1 -5285 497315313
1 -2548 610040886
1 -5876 9783771
1 9248 40284865
1 5528 975834631
1 5128 430396461
1 -5192 713505
1 -4212 146550313
1 5970 173491382
1 -2322 145704043
1 4904 537070759
1 8168 402960507
1 7580 164649649
1 2656 274184449
1 -3912 814806541
1 6750 72542305
1 5200 123568853
1 -4684 36196369
1 -2090 8101875
1 8512 150367985
1 -1402 310399558
1 -1245 40127725
1 -9522 357864133
1 -3186 60101881
1 -9920 81282877
1 -7655 364117491
1 -8808 275529985
1 -2572 517030813
1 8996 499675786
1 5555 36593659
1 -6640 595796225
1 -724 817557609
1 -1640 90210700
1 -1040 125126401
1 7366 120315700
1 -6632 65876602
1 7000 391255479
1 7600 460291
1 824 15512809
1 -860 154482329
1 6320 457424577
1 -8872 20375945
1 7880 246542716
1 -7690 202267729
1 9936 123169501
1 385 596472955
1 -714 291848912
1 6600 137514208
1 6426 27178165
1 -751 244269137
1 5690 490785866
1 -3530 363605089
1 5536 123922995
1 -5945 410930196
1 -3768 36828898
1 -1700 85822201
1 8240 32517315
1 4331 148709296
1 225 379081851
1 9601 66332641
1 -9985 442468717
1 6540 96867629
1 -2998 510630810
1 9440 89511841
1 7206 216392835
1 9707 394529457
1 9583 2800981
1 -3360 530617505
1 9609 105324618
1 8160 613238785
1 8948 663292264
1 -8396 6260520
1 3072 128944467
1 4942 448263649
1 -9531 240032321
1 6265 158071201
1 3952 60154417
1 -9746 9372106
1 -8298 606870769
1 2361 237772241
1 1856 461639173
1 6956 453604642
1 -5200 15792785
1 4575 160196289
1 8484 41215371
1 3058 107718661
1 2681 194878237
1 725 640378963
1 4675 7501705
1 -6708 469091701
1 3475 749581843
1 -6976 85551691
1 6900 271450009
1 -4462 12146149
1 -6560 221393875
1 5645 118524805
1 8010 955382026
1 -8816 233047809
1 -7818 90025993
1 2880 366365646
1 -7171 300612976
1 -5264 135358263
1 -2877 710315
1 4604 509399773
1 5420 416009359
1 1550 163432533
1 8692 18847973
1 624 35428800
1 -283 312144626
1 1493 78626251
1 -3600 112656943
1 3220 1315238
1 3720 214225486
1 6512 62736785
1 -7354 2123387
1 -9921 381311701
1 -2320 43114201
1 -7542 391324417
1 3440 107636971
1 -5250 187524536
1 -9329 198116455
1 -4254 300798947
1 -476 389512971
1 5635 505806169
1 9326 235342951
1 -2486 82749898
1 -3920 7015556
1 4848 464004427
1 -1190 214275981
1 2721 220864771
1 -5166 64265543
1 -7400 203977502
1 -2463 330560623
1 -5536 139833041
1 9985 154874182
1 -8300 44108937
1 784 247404571
1 -4727 66221512
1 -8350 70693981
1 -7944 19005297
1 6984 185489906
1 2404 288378169
1 -2248 29538781
1 8382 579831561
1 -108 113148879
1 -7560 560868015
1 770 5989509
1 -6340 41758337
1 5775 694305247
1 -1368 2980797
1 -4236 523578581
1 -982 31089241
1 -949 158641723
1 2736 131587741
1 -8968 257334229
1 -8380 393964481
1 -9024 132437735
1 9954 60939197
1 -3940 959710417
1 2558 62500431
1 8740 236070211
1 -6556 156056101
1 -4216 38041396
1 788 115760542
1 522 330639996
1 6669 236020877
1 -6370 569788129
1 9374 197017379
1 -2721 325173259
1 7725 256588849
1 8880 545864833
1 9635 824542204
1 2025 742819458
1 -176 616456510
1 -5109 835968001
1 5375 171351055
1 3545 405439977
1 -8704 245917408
1 972 383684001
1 3802 257167
1 7710 737441453
1 -6200 703002015
1 -4220 97614991
1 3520 100023169
1 -8112 633441313
1 9870 480326122
1 -7220 63427999
1 -5472 951590121
1 -2660 58980961
1 -6135 2519673
1 -2284 282992805
1 3424 149247869
1 2628 836024790
1 -6521 31758805
1 1280 263917829
1 -2210 612007371
1 -6195 351938701
1 -3050 525944641
1 -2436 205341751
1 -1450 108085895
1 9456 46741213
1 6817 110004026
1 -5468 132022665
1 6135 74414812
1 -4712 676093312
1 -4850 467722654
1 -3936 753915571
1 8700 611548141
1 -6995 33692891
1 -9532 318671196
1 7784 204507265
1 -3201 731906271
1 4569 97440730
1 6465 222920357
1 -611 322406761
1 -2075 293623381
1 3220 4177677
1 4640 533280203
1 3216 500795611
1 -1048 50756985
1 -7840 21683965
1 -3536 95991502
1 9040 27166769
1 1731 56763829
1 -4044 198621067
1 -8362 30779487
1 9784 686626621
1 -2382 725468978
1 -2006 128285433
1 211 100615071
1 -5168 94031533
1 -3216 14412241
1 -6392 531888985
1 -6692 196796601
1 3970 205623601
1 -7950 277985696
1 -30 670622262
1 -3880 141972331
1 -2800 64676494
1 -8476 691861841
1 338 76196426
1 2821 251287609
1 9214 63799319
1 -6628 27062581
1 7960 384409601
1 -7312 203704131
1 1880 673883109
1 -9504 163142361
1 304 422740425
1 -2709 21297003
1 8146 266183464
1 -2688 333478529
1 -6899 155234329
1 7709 56741591
1 2137 436799457
1 4481 307592426
1 14 696583411
1 -4500 664750969
1 861 47999953
1 -9623 94892323
1 1681 121917111
1 -7622 350762237
1 -1341 470433847
1 -426 149351257
1 5802 86069948
1 7124 141007969
1 -8480 66129078
1 -8780 13284074
1 9902 685626151
1 1912 389675773
1 7276 740166583
1 -4010 242323901
1 1960 246921087
1 6856 359141289
1 -6376 229414303
1 2079 161977057
1 7208 5753273
1 1748 160556722
1 8316 497979257
1 8988 111871276
1 358 944290733
1 -9520 36475897
1 -8640 21963156
1 -7960 264982929
1 2758 46873465
1 -166 142663345
1 6068 323227297
1 5925 516114811
1 5300 483541925
1 -9513 276429525
1 -8428 40235740
1 4992 150654850
1 9650 160482305
1 7350 393088853
1 -8844 126821017
1 -3374 76263286
1 5991 286332271
1 -3252 379542461
1 -9464 162701311
1 4380 585150259
1 -7322 97663105
1 8763 28072513
1 96 12087001
1 9496 17506486
1 1424 12058019
1 9475 1726139
1 6554 240476673
1 7523 227087498
1 -1584 218171801
1 1098 67624601
1 878 27776904
1 574 60232726
1 5360 400344900
1 4402 182717551
1 3711 460776489
1 8313 342635437
1 -1944 144609141
1 6752 160633921
1 -7344 316187235
1 -8640 778117345
1 -1993 524754721
1 8000 63956938
1 520 578610395
1 6026 614309507
1 9120 41568115
1 -9632 588959281
1 5777 127222425
1 -2685 872607627
1 -652 268150301
1 5336 164397589
1 5802 375326689
1 -9440 190271697
1 -1332 88023541
1 -5891 442656529
1 -2814 24245495
1 -1248 408743417
1 7702 597036991
1 -1416 252194673
1 4230 238872492
1 998 336327777
1 -1387 181547777
1 -3615 150605606
1 -2900 33000089
1 -7200 453907663
1 1812 92143738
1 -1159 784253246
1 1050 199878889
1 -2048 414083496
1 -8661 369476785
1 -9700 86719213
1 -7128 321562319
1 -4916 23703577
1 -8756 443057281
1 -5368 804789346
1 6586 431288581
1 -7120 377344651
1 -3444 307570537
1 1920 3657701
1 -6536 179380261
1 5834 152554193
1 3085 124488889
1 -7 107502697
1 -2096 566378425
1 -5394 21275803
1 4000 63692245
1 408 391352914
1 2944 377911465
1 -5624 980077561
1 5334 471736718
1 -4796 11229546
1 3646 407189851
1 -7339 70492774
1 -9016 524874321
1 -2941 201828302
1 -8892 97169297
1 9585 13772814
1 5738 164594159
1 305 451490830
1 -9925 47324251
1 8079 220114369
1 -7180 557708126
1 1075 25246761
1 2260 222284881
1 -50 23461051
1 9448 323173671
1 3612 764895484
1 8391 1331009
1 -8418 432366221
1 -9214 206820604
1 7566 196555249
1 3353 474709789
1 -2323 140525113
1 5078 10775354
1 8360 826320636
1 -150 20529131
1 9582 474802587
1 -7000 4533553
1 3328 8717369
1 7096 183491330
1 3928 246110116
1 -2037 199096141
1 2200 183506601
1 -9588 187856956
1 -8040 763215601
1 6706 185947972
1 -8594 267920641
1 9587 24054537
1 351 56641267
1 3770 39694447
1 -6261 37620526
1 -2428 249984473
1 -1888 234286531
1 7456 6968689
1 -1850 16662557
1 -3600 125840361
1 8800 710796936
1 -222 413857587
1 -1540 273746401
1 2275 485171116
1 -7549 153090246
1 7489 642928529
1 -5190 68371155
1 -5780 34346401
1 1810 209131105
1 -178 526034181
1 -2975 22517103
1 4560 425200489
1 -6352 22272901
1 5320 124918689
1 -5908 216982945
1 -3820 882556735
1 3222 571312276
1 8360 451446425
1 -2880 19935571
1 5908 191220773
1 4272 579577175
1 2874 87796283
1 490 434727847
1 2681 121243341
1 -9632 18240256
1 7316 335818437
1 2302 235261321
1 -9120 10791808
1 -740 103239781
1 -6658 184767291
1 292 494567329
1 8667 265484880
1 1007 243651
1 -5098 472419953
1 -6156 221927861
1 -1120 374428175
1 1593 95319793
1 -3122 260481763
1 290 934806145
1 1757 78304321
1 -1984 173413883
1 -6166 13515748
1 -8846 186001561
1 1614 72358219
1 -792 312401873
1 -9508 46703781
1 -2700 28472863
1 -7465 670202489
1 440 458713165
1 -765 11963785
1 5248 916505254
1 -2178 153124918
1 -9412 379143625
1 -9966 986584130
1 1536 864807545
1 9930 100816726
1 780 525653227
1 -5282 789096127
1 -5994 513583139
1 4872 381196187
1 -6472 105571591
1 8735 264714447
1 5980 124603291
1 1837 335884001
1 -1688 79805818
1 8902 514619423
1 -5159 563367630
1 -5426 165261240
1 9266 274311835
1 -2350 104725569
1 6860 964629233
1 -1390 809387425
1 -4639 5781700
1 -3560 865656646
1 8152 400745962
1 -4285 786562719
1 5856 183131066
1 2744 251280017
1 -3584 128629249
1 -5733 643508461
1 -906 91693666
1 2400 92907946
1 -205 99673451
1 5754 248284801
1 -5030 103691281
1 -9357 716457561
1 -1231 494337391
1 -4400 987995415
1 3840 257460361
1 -4328 148933567
1 5346 543549052
1 7283 161310529
1 -5208 306527761
1 -7496 9831039
1 -5008 95520821
1 7353 120177098
1 4055 221768673
1 -3410 203470111
1 3496 623565791
1 320 22618175
1 6029 425175661
1 1258 255646450
1 -9477 279545293
1 2208 61597089
1 -6352 150819241
1 -5628 15471253
1 5575 137622226
1 8275 409945560
1 1370 158595209
1 -230 403706103
1 -4508 505715766
1 2784 5433205
1 -1288 47055559
1 2200 333331201
1 4760 86095745
1 8798 329108197
1 1481 100803529
1 -2810 592778729
1 7528 8800193
1 -2945 117099073
1 -8529 123255913
1 8628 148578253
1 5686 23387089
1 4560 200903851
1 -3876 27917218
1 -3474 115133617
1 1632 472056213
1 -1168 726417289
1 6436 541922553
1 -8040 4229443
1 -8438 127512001
1 -993 21678596
1 8983 113040106
1 -7340 145129874
1 -9476 37490783
1 -8625 591693365
1 -6312 730124838
1 -4820 91078638
1 6332 84539309
1 5596 358816339
1 4880 102285661
1 4660 403794337
1 5680 506918205
1 2700 151458134
1 -4836 1470691
1 6453 59006923
1 -2015 335963257
1 -6186 324381506
1 4140 65556087
1 288 395995405
1 108 313153688
1 -3508 232722465
1 -8671 267623749
