2000
1 1474 2561
1 -4600 8735
1 -4896 5297
1 -1185 5899
1 -7240 6760
1 6371 898
1 5523 6146
1 8114 9329
1 3812 2441
1 1724 1208
1 -5850 4708
1 -9567 1677
1 -5303 9033
1 8768 6176
1 -3531 76
1 -9672 3166
1 -3231 7255
1 -1627 9401
1 -7716 1727
1 -4984 1611
1 92 2944
1 580 6817
1 -7797 7976
1 -8056 4261
1 -4800 1788
1 2578 6891
1 -7494 9636
1 5920 9555
1 -736 8401
1 -8056 2111
1 -8644 876
1 3485 8481
1 -6123 7543
1 9188 7439
1 1168 6011
1 4580 5117
1 -4299 4023
1 -7088 9651
1 -8837 8897
1 -1274 2669
1 9920 8269
1 4510 6198
1 -2256 1043
1 9179 3697
1 -282 8051
1 8392 3385
1 3960 4305
1 2792 3436
1 8970 2795
1 4579 1965
1 920 1489
1 -4002 2801
1 8988 2975
1 -5426 9473
1 2502 1981
1 226 5303
1 -7878 9657
1 9275 6689
1 -3516 7563
1 6320 9957
1 -1894 5789
1 -3660 8711
1 -8976 151
1 337 3795
1 -6152 9491
1 -5780 481
1 -4894 3991
1 3208 9787
1 -1984 387
1 527 2924
1 5497 6195
1 5370 4138
1 -9141 8085
1 -2010 15
1 -2085 4051
1 -228 1901
1 -9124 7609
1 -1079 4585
1 1850 6859
1 461 7858
1 -880 3946
1 5480 4426
1 -6432 2009
1 4184 5517
1 -1446 6505
1 -640 2993
1 -3760 2931
1 -9749 5321
1 -7708 5238
1 -7780 7171
1 9128 3601
1 2920 4239
1 1160 7261
1 -7672 7681
1 -604 4489
1 570 5990
1 -3866 4163
1 8664 8399
1 6384 611
1 1068 6865
1 416 33
1 -592 405
1 5558 9217
1 8144 2461
1 -4580 1121
1 -4258 3771
1 8800 2457
1 -8562 1526
1 -2365 8909
1 -5530 621
1 -4458 3193
1 -2192 2141
1 -7591 891
1 -7312 9025
1 -9988 1109
1 5628 538
1 9491 2515
1 -6000 5169
1 -9500 4081
1 -7920 6876
1 -3600 4449
1 1598 20
1 -5480 282
1 304 2191
1 9200 5227
1 7880 7321
1 -732 3121
1 6800 9121
1 -4360 4089
1 7000 6940
1 -8866 4105
1 1776 9765
1 5105 4163
1 -34 2176
1 1528 3136
1 2274 5413
1 -3167 9721
1 2130 6826
1 -9954 4161
1 5480 9339
1 -5417 4276
1 -9648 3586
1 -7684 5329
1 4912 8907
1 6203 6736
1 4705 8643
1 625 4865
1 -5185 197
1 1668 4141
1 -6814 2090
1 2640 5913
1 9710 6827
1 875 6897
1 3167 9245
1 -1152 6337
1 8633 1754
1 2640 5313
1 7756 5240
1 -7780 392
1 6072 9051
1 246 6953
1 -5803 1633
1 6057 425
1 3528 6241
1 -6810 9626
1 -9138 1201
1 3385 649
1 5440 701
1 1300 9202
1 -7400 8001
1 9743 3857
1 7068 6131
1 3482 3685
1 105 9565
1 261 1403
1 1011 201
1 -468 2501
1 2019 651
1 -5168 3459
1 5828 769
1 -1734 1293
1 -1360 5627
1 4221 2509
1 5970 4330
1 -840 681
1 -2530 3345
1 8624 5806
1 -6259 6768
1 -3008 2527
1 -4125 6515
1 2940 7301
1 2836 3943
1 2102 1501
1 7516 9469
1 5960 2976
1 -6715 146
1 8965 2371
1 -3184 9687
1 2436 3910
1 4520 9550
1 4160 7401
1 -1138 8963
1 -4129 8997
1 -6480 8969
1 -2094 3361
1 9936 5091
1 -7418 72
1 -785 175
1 -2870 8379
1 -7588 7923
1 6115 7625
1 9910 5167
1 -8638 2378
1 -4904 6676
1 5088 2883
1 -4046 3421
1 9745 6971
1 -2582 7135
1 -1200 5966
1 -847 7991
1 -5984 2081
1 4865 7798
1 -5636 2873
1 6944 1235
1 -9975 2344
1 -3238 6981
1 -5800 6505
1 6160 7906
1 8092 6865
1 -4552 765
1 1846 1953
1 -1700 2551
1 -3560 3351
1 9290 5197
1 -2412 3769
1 8671 4423
1 -2800 1701
1 -6500 5485
1 -1662 2177
1 -3797 9667
1 9088 2021
1 -208 9637
1 -2580 6001
1 -7408 4751
1 3050 6869
1 -1660 5489
1 1174 3671
1 8660 8875
1 -9444 7581
1 -9560 1652
1 6028 9406
1 754 8300
1 8317 2997
1 -8010 3801
1 8166 4027
1 -5985 8083
1 9677 5377
1 464 7121
1 4835 3676
1 8121 3250
1 -3720 4398
1 -9477 3441
1 3375 295
1 1049 9601
1 -5664 2880
1 5060 321
1 6434 4679
1 9254 517
1 -5632 1191
1 -1148 2103
1 7328 9233
1 -9056 7657
1 4038 218
1 -2556 3287
1 -5920 3449
1 -8956 3297
1 -6535 1521
1 -6500 7285
1 7000 925
1 4060 1926
1 -4425 2381
1 7640 7901
1 -6570 6035
1 -4435 1413
1 -9026 2529
1 -6572 5535
1 -8002 6575
1 7736 8381
1 5521 7258
1 -2940 9481
1 2391 1148
1 -5680 7536
1 -8906 4558
1 -2560 667
1 9732 7741
1 -5411 291
1 -740 6860
1 2208 5761
1 -4337 2135
1 2825 6522
1 8641 493
1 -4755 5393
1 -347 7405
1 908 501
1 5928 1811
1 4664 2899
1 -5112 6513
1 -1760 1981
1 -8736 3886
1 8720 313
1 4083 6077
1 -5100 8787
1 -130 1719
1 1432 2757
1 -1990 1874
1 -1694 8689
1 675 5831
1 -8312 5989
1 -8176 2105
1 -4080 1209
1 -5380 7953
1 1258 3457
1 -4710 9664
1 -9686 9494
1 -6328 5955
1 -6760 9566
1 -1028 3225
1 2522 2746
1 1957 1601
1 7110 9663
1 -572 6221
1 4416 7185
1 -3920 1035
1 9744 917
1 -8 6801
1 6264 601
1 -2485 803
1 8250 8152
1 -2112 6849
1 -3235 8337
1 5485 8191
1 9209 7025
1 6785 6938
1 3718 4347
1 -7756 8585
1 1549 8649
1 -3575 4123
1 7601 3967
1 -6798 7021
1 -5053 5999
1 -2386 9337
1 5218 2860
1 492 9409
1 -8672 6998
1 -5652 7050
1 4678 1871
1 1904 4197
1 8900 8879
1 -8178 5909
1 312 9239
1 1416 3601
1 -3376 4599
1 5679 2393
1 6512 3753
1 1924 8546
1 1276 7081
1 5116 4764
1 2030 6005
1 -4144 8705
1 -720 2564
1 -5936 1897
1 1374 8417
1 -3150 6897
1 4924 3761
1 149 5651
1 7148 5021
1 -1897 1501
1 -4540 3196
1 5568 8802
1 2362 8401
1 430 3069
1 -9316 9713
1 -6598 1158
1 1031 3367
1 -6060 8693
1 -464 6919
1 8084 923
1 -9330 2681
1 1787 9433
1 8832 5409
1 7744 3958
1 8984 8747
1 6275 2291
1 6610 6689
1 8435 3674
1 0 3401
1 6562 5433
1 6838 6088
1 1878 2326
1 7600 1188
1 1178 6119
1 7535 401
1 1545 7301
1 -4240 9149
1 7800 5633
1 -1344 8459
1 -5584 6969
1 -2345 5681
1 424 2282
1 7632 4579
1 4818 9643
1 224 6747
1 -7656 2033
1 8209 5841
1 -2157 1187
1 -8940 7701
1 1280 4261
1 8914 3577
1 -5360 9361
1 -4316 749
1 -467 5921
1 -7574 47
1 -3280 6305
1 7214 3975
1 -9840 7145
1 1310 2780
1 1582 6985
1 -1787 6561
1 -6735 2470
1 -6044 5809
1 -7048 4551
1 6524 74
1 -5511 126
1 2802 41
1 -3664 1752
1 -5973 7297
1 -1348 4525
1 -1872 1207
1 -6460 785
1 -6132 8017
1 -2896 4402
1 9618 2893
1 -3600 8931
1 -396 8953
1 6680 749
1 -832 581
1 1250 9041
1 6813 7001
1 -1495 5521
1 -9896 1601
1 -6618 4035
1 6440 3885
1 3200 7058
1 9744 5161
1 -1184 6001
1 2078 2446
1 -5676 3658
1 8710 3891
1 -5355 3526
1 -8648 6993
1 -333 8462
1 -9220 8897
1 7761 7726
1 3106 6695
1 4353 6926
1 -6405 8051
1 1615 2713
1 -4244 3886
1 6355 1593
1 1556 8545
1 -8810 5283
1 3736 9023
1 5516 284
1 2135 9497
1 -7610 6917
1 -7830 2284
1 3846 5425
1 825 3989
1 -5747 7097
1 1230 1066
1 5264 3692
1 -3054 9987
1 1686 851
1 -1504 7105
1 448 9161
1 7552 4194
1 5800 9092
1 -2757 1941
1 8664 2601
1 -6780 7324
1 -9600 2321
1 3242 7236
1 -4410 8441
1 5043 9265
1 3039 7483
1 9954 2231
1 -3173 2430
1 -6420 465
1 -9160 5435
1 6480 6729
1 -6066 3189
1 -6192 6929
1 9208 8584
1 -6150 5291
1 -8876 2009
1 1107 4540
1 -7341 1366
1 9825 5505
1 -9550 9387
1 -812 8561
1 4250 9841
1 -1802 8877
1 -9455 87
1 9520 6201
1 -64 517
1 8432 6449
1 -5988 4481
1 -9396 9847
1 4526 2980
1 1376 6017
1 -4496 1771
1 1980 3485
1 2984 4111
1 2050 4515
1 6722 8559
1 1657 8261
1 -9448 5536
1 5740 277
1 7046 1745
1 -6560 1184
1 -8484 9461
1 -3834 6883
1 8724 7249
1 1787 2496
1 7567 5995
1 -6130 3025
1 -5420 8645
1 -1480 1351
1 5449 6889
1 -4442 1931
1 4058 1393
1 8125 8929
1 -2384 2691
1 -7486 628
1 -2838 7889
1 2502 5939
1 -8200 7801
1 -4172 2373
1 -4452 4119
1 -617 2601
1 1304 4101
1 -8653 3793
1 1976 6918
1 -2650 9222
1 -7436 4401
1 -7286 5986
1 8768 6433
1 5922 5190
1 7700 8403
1 -90 8871
1 -34 9611
1 6632 6931
1 -1544 6191
1 5343 775
1 7780 7427
1 4013 1497
1 -5648 8074
1 8622 6327
1 -4343 5854
1 -6250 2568
1 5434 7379
1 -8390 3737
1 4148 9241
1 -2982 7761
1 -3055 4292
1 -6968 1334
1 4176 2666
1 -5565 3623
1 5800 5850
1 1264 6409
1 -9456 7841
1 -357 3861
1 -7618 6866
1 2912 9034
1 -1725 99
1 4242 3097
1 -9646 1137
1 -9149 2937
1 -9439 4967
1 -1512 8831
1 4112 7569
1 -4384 8935
1 3450 8908
1 5539 4625
1 -6648 3713
1 -536 9031
1 -1568 3789
1 1625 6890
1 1383 5889
1 -1642 4583
1 8152 1111
1 4720 3991
1 2157 8229
1 2370 8930
1 -7349 5901
1 9160 6865
1 -9376 2617
1 -8484 9261
1 3639 8594
1 1955 152
1 7010 5129
1 -8350 9359
1 -1860 406
1 5200 5677
1 -6776 5391
1 5360 5569
1 3080 1393
1 3926 2861
1 1625 6953
1 -3538 9081
1 6456 8513
1 -9777 7481
1 -4225 6361
1 9756 1685
1 5966 5361
1 7000 5075
1 -876 450
1 -8378 2897
1 9168 1653
1 -5824 9137
1 580 1993
1 -248 7451
1 -2686 9217
1 -9041 5700
1 1207 4442
1 -7556 5090
1 -8380 7383
1 -2097 1261
1 -5720 86
1 -3884 2126
1 9532 6661
1 5508 8347
1 4960 8029
1 6716 6353
1 3944 7589
1 8764 326
1 -9140 4427
1 2133 1251
1 -6319 4265
1 -4258 8786
1 5860 4207
1 320 4181
1 5140 840
1 -5580 6257
1 -7055 805
1 -2447 5489
1 1528 7681
1 7104 2121
1 -9097 4975
1 -5258 8224
1 -7025 7546
1 1350 8121
1 -3122 4481
1 9344 1896
1 -6782 2661
1 -8048 6209
1 1421 181
1 1644 4079
1 -7896 7217
1 -4145 4614
1 -1245 8367
1 -9417 5311
1 -4605 5464
1 -9700 3659
1 3057 4858
1 9615 8751
1 -1180 4641
1 9410 5639
1 -856 2110
1 7304 4929
1 283 921
1 3420 9345
1 4912 7853
1 1253 7573
1 -9208 1025
1 -9655 4987
1 4219 2454
1 -6196 2168
1 816 8672
1 9072 2486
1 -8512 5849
1 -9472 657
1 7275 7259
1 7000 7023
1 -6011 3559
1 4211 7522
1 -9986 7626
1 6092 7236
1 7097 3711
1 -1464 7425
1 -2566 7331
1 -2148 2519
1 4039 4801
1 -308 5483
1 -6009 2726
1 490 9714
1 4534 2687
1 -886 8496
1 -6975 2827
1 2615 4048
1 -1744 9211
1 8942 3390
1 5200 1591
1 7658 637
1 160 2193
1 5344 2653
1 5680 7205
1 -1031 8925
1 -4380 9077
1 4162 9141
1 9770 1681
1 -5960 191
1 -5843 4081
1 -3960 8641
1 -9520 2481
1 3532 8101
1 7696 9259
1 -2673 4956
1 -8977 2601
1 -6672 2992
1 7494 3251
1 -2600 2001
1 -9465 9857
1 -1290 664
1 -4703 8371
1 -6400 1140
1 -8280 5121
1 3616 2690
1 8088 1971
1 -4288 5901
1 -6012 8457
1 1436 4841
1 8546 9029
1 -8811 5876
1 -6360 5371
1 -616 8361
1 5940 5670
1 -2624 1821
1 -9308 887
1 -7300 2988
1 -7918 3451
1 -8520 6129
1 -2371 3931
1 322 3014
1 7068 5365
1 439 5073
1 7120 5391
1 1600 4869
1 -6554 5437
1 1080 8037
1 -4766 2601
1 9800 1812
1 7452 221
1 -2792 6867
1 -4608 6585
1 -5270 6861
1 1384 7803
1 126 5399
1 -8748 3307
1 -9965 802
1 7015 5923
1 -1982 2727
1 9080 3873
1 -1098 6904
1 -6276 1266
1 8362 3665
1 104 1027
1 -932 6065
1 1500 6321
1 -7059 8915
1 2061 7169
1 -7364 3397
1 140 651
1 8835 3559
1 -3944 3401
1 -4724 1701
1 3840 1344
1 -9349 3341
1 -3768 1493
1 3094 2100
1 -181 9453
1 8855 1366
1 912 4257
1 -4226 8626
1 -3998 951
1 -53 4661
1 -3410 8945
1 6600 1021
1 -2034 519
1 -8988 2618
1 -400 3001
1 -897 6400
1 4515 6839
1 5355 2101
1 -8067 2581
1 1582 1484
1 -46 4250
1 -416 9746
1 -6447 7809
1 -6832 8279
1 6304 3408
1 772 1421
1 900 3871
1 -2960 5687
1 -7850 4851
1 -7000 4417
1 -5760 3553
1 7252 1199
1 -5880 4441
1 344 3121
1 -3550 789
1 -5338 288
1 -3718 4515
1 -6308 1227
1 -6704 4341
1 5528 4816
1 -8524 7239
1 -1160 7920
1 -9990 211
1 -4454 6845
1 -6650 9651
1 2228 1096
1 4416 3226
1 -7222 926
1 -500 6209
1 8914 9735
1 3534 9433
1 -50 9131
1 5526 4328
1 4396 9781
1 3533 3749
1 638 1037
1 7298 8972
1 -6475 6673
1 970 1020
1 948 1473
1 -7296 9308
1 -184 4880
1 5772 6818
1 3004 247
1 1384 9253
1 -2935 6289
1 6492 5169
1 -1312 3082
1 -6282 5603
1 1888 7501
1 8143 4777
1 -6173 5049
1 1744 6807
1 4479 9649
1 8389 365
1 6840 6967
1 -4442 4301
1 -7376 6357
1 -7700 4890
1 -1153 2021
1 -7626 3305
1 8998 9542
1 -8736 6657
1 8820 9006
1 5405 3575
1 9740 3665
1 -616 9473
1 9719 5165
1 -8472 9565
1 1020 9433
1 7223 5781
1 2139 6971
1 8860 5211
1 -3212 1177
1 5632 5821
1 6925 161
1 7864 9247
1 -8496 9373
1 2266 504
1 -764 5133
1 -3008 4742
1 9860 5315
1 -7000 7661
1 5360 7996
1 -585 5351
1 -8218 2691
1 6786 5641
1 -1864 5416
1 -9520 9259
1 -4180 8983
1 -1270 5541
1 -8382 887
1 -4205 1063
1 -846 6201
1 -7905 5883
1 -6921 6901
1 -308 2280
1 9426 4203
1 4392 4080
1 -7714 1757
1 1864 3865
1 -9379 7041
1 5120 4161
1 948 9183
1 1204 9411
1 -2007 9489
1 -6974 2801
1 1690 1521
1 -6353 6345
1 6622 6383
1 9022 5108
1 5920 235
1 3320 5702
1 -4996 857
1 -2750 3956
1 4090 4181
1 -6210 4909
1 1903 6777
1 2624 3921
1 -4848 8801
1 -8568 8251
1 8900 2640
1 5554 701
1 -2594 8989
1 5628 2895
1 -6583 1296
1 -9466 844
1 9629 8070
1 6640 1961
1 7100 4261
1 -435 3197
1 5649 1696
1 -1565 3515
1 7404 3205
1 -900 9990
1 7920 9297
1 -6000 161
1 -7800 3009
1 8234 221
1 5634 2760
1 -1536 4873
1 -252 9937
1 -5040 7730
1 5295 4120
1 6890 8283
1 -3112 1165
1 -5294 3971
1 -1360 5068
1 4523 7531
1 -4960 810
1 -928 3169
1 -5438 8201
1 7140 6853
1 -2437 6521
1 256 1827
1 -7985 9505
1 6540 3921
1 5676 6221
1 -6318 333
1 -3162 2778
1 3829 5566
1 6000 3505
1 -9482 281
1 3150 7560
1 1568 8071
1 -4610 3609
1 40 486
1 3726 7503
1 3819 5510
1 -827 6836
1 4668 6193
1 -4020 6935
1 -4655 4209
1 -422 1101
1 -2345 1975
1 -8336 5001
1 9800 7189
1 5400 4361
1 -2972 6418
1 -3850 5348
1 -2702 6692
1 8989 563
1 -809 97
1 -8306 7285
1 -9340 78
1 -7393 2253
1 -2900 1651
1 -6520 3611
1 -9988 4806
1 3056 5517
1 -2160 904
1 -3536 7621
1 -4785 8089
1 -1810 144
1 2790 3181
1 -3952 1456
1 1906 5591
1 894 9123
1 8753 1759
1 8341 139
1 5781 9301
1 -1448 7068
1 -560 6436
1 1369 5657
1 1488 7941
1 1592 7985
1 -1969 9009
1 -91 6111
1 -6236 7139
1 -2533 8524
1 7829 2956
1 -6487 3372
1 4180 4405
1 -6652 7757
1 8359 8607
1 -5704 8612
1 3645 1409
1 3800 9585
1 1514 5595
1 9191 7744
1 -456 8233
1 1540 1693
1 5405 9396
1 2528 7943
1 -5024 3961
1 1665 3201
1 -3236 1929
1 -5121 2575
1 4496 6246
1 508 2781
1 2800 6749
1 2411 3001
1 -446 915
1 -3195 553
1 -7817 7913
1 -1855 1351
1 9268 6846
1 6192 6825
1 8432 1036
1 -8300 9807
1 -4010 9466
1 -240 4091
1 4411 8561
1 3030 146
1 -8064 4918
1 2024 5422
1 -8948 1601
1 6152 6396
1 -4260 6602
1 7826 5479
1 3441 1579
1 8755 9006
1 -7000 6137
1 -2003 9441
1 -2050 2001
1 1924 6883
1 -7572 4613
1 -111 7074
1 4870 7469
1 -6116 8053
1 2850 2505
1 -3424 1763
1 -5818 3591
1 5924 5787
1 4050 839
1 4214 7299
1 -5975 7579
1 6860 6916
1 -5560 9167
1 4844 5933
1 7729 3361
1 2135 9896
1 6523 3195
1 1633 3769
1 -9283 5244
1 3296 7544
1 461 3956
1 3034 9161
1 4257 1829
1 -97 743
1 -7210 1437
1 2136 1333
1 -220 4543
1 608 3767
1 5466 9297
1 -1532 8645
1 6826 3422
1 1640 4513
1 4336 7361
1 8454 1785
1 -5636 4238
1 -3370 6501
1 9784 1371
1 4548 2786
1 1830 2297
1 -3450 6821
1 -645 657
1 851 6437
1 -6000 7821
1 2969 8322
1 1008 1121
1 -2486 3343
1 -5278 1275
1 -928 5561
1 -9510 6621
1 -1554 7981
1 9872 9141
1 6932 9881
1 -1396 7601
1 -3812 8913
1 -7845 3501
1 5083 101
1 -2652 4658
1 9075 2221
1 -8840 7303
1 8568 1959
1 9500 8813
1 -8750 2433
1 -3828 3253
1 -6176 1493
1 6094 706
1 1880 6841
1 1084 5201
1 -7099 8733
1 -8908 9151
1 9704 4563
1 -5058 2011
1 -3930 3721
1 5930 9611
1 -1914 8073
1 -9065 1819
1 2780 3751
1 4420 6823
1 -7680 8721
1 -2666 5966
1 1958 3075
1 5782 2572
1 -2716 3205
1 1116 2608
1 7625 4692
1 6896 9321
1 -9716 7585
1 4528 5939
1 -1987 4619
1 -7977 2457
1 -5310 4531
1 -6937 9560
1 7324 9201
1 9044 9810
1 -5000 297
1 -9744 1441
1 -1028 3173
1 9259 3465
1 3976 5187
1 -5750 5881
1 -6877 4855
1 -560 2828
1 -2906 241
1 -5772 2740
1 -2229 7085
1 -3048 4472
1 5050 9554
1 -7470 2865
1 329 5944
1 -7937 9216
1 5208 5130
1 -3362 3777
1 -4278 8273
1 5810 197
1 9292 2260
1 -1957 7616
1 8910 4833
1 9798 1281
1 -9314 235
1 -2720 2753
1 -9416 2059
1 -5944 1814
1 8518 5526
1 2692 8231
1 1696 3896
1 -3025 8879
1 -4975 5645
1 -4795 7810
1 5400 376
1 5336 8437
1 8632 9601
1 4622 5201
1 -6305 4543
1 -7755 1399
1 -9332 7305
1 3845 6981
1 -2560 3715
1 5424 3526
1 9738 4255
1 -888 8734
1 4199 4001
1 -8320 3004
1 -5026 33
1 3925 8963
1 -8743 4593
1 4596 9926
1 8405 2663
1 -1376 7761
1 3374 5876
1 -2222 5056
1 5312 7431
1 9412 8327
1 -2928 2318
1 1217 2190
1 5159 1937
1 2576 8713
1 2096 4125
1 -1644 1523
1 -6602 7043
1 -5568 3517
1 -369 4041
1 6405 2896
1 8500 89
1 4916 7079
1 -130 8497
1 8361 6411
1 -9650 1561
1 9795 2321
1 -1150 2937
1 -5860 4477
1 -1555 9902
1 -8350 225
1 -5791 7921
1 -5795 621
1 -318 126
1 8440 4098
1 9565 4927
1 -7803 7452
1 -2075 10000
1 -9520 3303
1 6096 6640
1 -3302 1136
1 4628 7621
1 4800 9633
1 -2595 4689
1 -1550 8854
1 9750 5513
1 5428 7001
1 468 6605
1 5530 2557
1 -6800 892
1 -4720 7741
1 -8844 7161
1 -9210 4531
1 -5309 1652
1 -7574 3253
1 5344 1089
1 6813 8215
1 -7590 2578
1 7392 5905
1 5412 6323
1 -6420 1572
1 570 6126
1 7538 25
1 1630 5201
1 8440 4681
1 9427 6117
1 1170 8051
1 -7494 3771
1 6118 8393
1 9966 7161
1 5200 3943
1 3104 2371
1 -9830 2313
1 -4538 5382
1 -6763 3309
1 -5312 2259
1 9213 2200
1 -7567 2391
1 2120 1896
1 -9438 2767
1 -4915 7606
1 -539 4456
1 1752 606
1 9396 6271
1 2376 6417
1 7032 4641
1 8262 8817
1 -7081 999
1 -5936 2037
1 -7264 4077
1 -5750 291
1 -4612 8861
1 9987 1221
1 -5910 2206
1 -275 1441
1 628 5501
1 5632 6291
1 9173 8764
1 1405 435
1 -400 3822
1 3800 2876
1 2326 1813
1 1632 9054
1 -2244 4746
1 7308 6198
1 8704 8505
1 490 7137
1 320 5901
1 -9440 7114
1 8589 7309
1 5034 2817
1 -6288 5121
1 3063 2806
1 4027 5630
1 9580 2406
1 -369 6481
1 1419 6701
1 -2725 6682
1 5474 6545
1 1760 1645
1 9900 7596
1 -736 9672
1 -1611 3657
1 -2704 4662
1 -6280 2591
1 8887 932
1 8922 8272
1 8426 1541
1 -9576 7001
1 6865 9119
1 3620 4614
1 1540 4727
1 4048 5233
1 -7078 8257
1 -6458 3031
1 -6169 7376
1 6604 5516
1 6975 6869
1 5313 9855
1 -3449 5586
1 -4685 1789
1 -3073 1441
1 3919 1465
1 -8300 1623
1 -9084 7025
1 6724 379
1 3282 169
1 7250 2052
1 1230 9498
1 6600 5561
1 -8920 7651
1 -2326 5838
1 5746 8893
1 -9080 2681
1 2560 1376
1 5407 2547
1 6682 4128
1 130 9554
1 -5759 7939
1 -9000 2495
1 1184 9881
1 -334 351
1 9695 3085
1 4700 3236
1 4264 9640
1 9774 2357
1 1179 3320
1 2117 3745
1 2595 3933
1 -4360 3096
1 -1756 5101
1 3066 4876
1 -5266 7853
1 2378 9761
1 2150 5056
1 278 8431
1 8568 9564
1 -2000 7521
1 -1024 9735
1 -2952 6811
1 -1927 2628
1 5394 6841
1 -8564 9121
1 -9831 4898
1 -5723 4381
1 -3950 6737
1 -1316 7579
1 5580 4091
1 -936 7189
1 8905 9821
1 -7711 4551
1 5380 7853
1 4630 1298
1 -4325 4377
1 2143 7321
1 1325 7402
1 260 9021
1 6791 218
1 4835 5051
1 -9356 5361
1 -7500 157
1 -6230 51
1 -8352 5749
1 -7023 2646
1 -7250 4417
1 7336 1505
1 6435 9851
1 6822 5745
1 -7157 3875
1 5968 6280
1 -5100 7943
1 -2395 8552
1 9294 1033
1 9437 5921
1 1488 1421
1 9845 4741
1 -9639 7005
1 2358 5589
1 -9512 1633
1 -7700 2529
1 1044 8529
1 -2598 8873
1 455 372
1 -5370 2323
1 -2905 3562
1 6174 4229
1 8608 7905
1 5275 8429
1 -5361 8036
1 -9747 7853
1 -2544 7761
1 -9260 4709
1 8604 1551
1 -8169 3898
1 -4315 4141
1 -40 9473
1 -838 166
1 -1960 2801
1 -6712 8086
1 -4556 5131
1 4720 2761
1 7399 3815
1 2652 3809
1 -6938 2193
1 -2283 1665
1 384 1237
1 -8596 2589
1 -9049 561
1 -9664 7981
1 222 4433
1 5292 3294
1 2840 5465
1 -7856 9151
1 8680 7137
1 -5860 8021
1 9036 7593
1 2272 6251
1 -7378 3041
1 -4100 5281
1 4380 4537
1 -540 3053
1 -4392 8369
1 -8444 1569
1 4230 8252
1 5440 9576
1 2271 8408
1 -5216 8501
1 5550 7751
1 1737 8070
1 640 4802
1 -6210 6605
1 -1260 1125
1 310 9003
1 -1305 737
1 -678 8690
1 -1739 9163
1 -6452 6347
1 -4850 4753
1 -3095 9681
1 -358 5860
1 8800 2036
1 1121 2477
1 -3488 5446
1 9140 8029
1 6300 1851
1 6016 5065
1 -4880 2193
1 3424 7865
1 -687 9601
1 7391 4181
1 -4750 3707
1 2821 6985
1 -1566 6697
1 8940 4657
1 -5790 3073
1 -7088 1876
1 7356 3119
1 5432 3129
1 -4812 3009
1 -7360 6513
1 -4632 6967
1 4096 3771
1 7352 2553
1 -4543 7945
1 -2682 8717
1 7982 4301
1 -4712 1873
1 -1345 3489
1 3963 6169
1 -6615 9968
1 3206 9124
1 9432 9772
1 1230 6161
1 -5320 4586
1 6952 9709
1 -9416 4424
1 1872 1177
1 240 8251
1 5720 177
1 7468 6216
1 1930 5191
1 9818 6049
1 8715 5415
1 9833 9222
1 8558 899
1 -2215 7952
1 2101 7875
1 3832 5411
1 558 4567
1 -4616 2869
1 -7592 9651
1 -9692 5319
1 9954 4860
1 -2577 1394
1 -4 3429
1 1192 1441
1 8408 5311
1 9815 48
1 7600 6129
1 988 2993
1 7132 7077
1 5042 2801
1 -7181 7741
1 6449 7001
1 -2747 9993
1 -3344 151
1 -1978 6515
1 3996 6865
1 -4340 8082
1 90 4616
1 3620 7251
1 5880 831
1 5652 4968
1 4356 9783
1 -2558 961
1 1736 3126
1 8800 7665
1 -6624 3929
1 175 8735
1 -8888 5866
1 -5665 8281
1 6539 8892
1 -3779 9365
1 6788 378
1 -6241 6746
1 -1184 5425
1 -5520 2141
1 9232 9553
1 1784 8589
1 3715 5991
1 4602 7493
1 -1870 7377
1 9592 5658
1 -4286 9546
1 -9836 1361
1 2548 3151
1 418 1173
1 1664 3805
1 -3176 9205
1 3935 3341
1 4510 8801
1 -5387 3865
1 9568 7251
1 -6598 2033
1 3288 6201
1 -8076 5281
1 -2890 137
1 -3100 7691
1 -6092 7221
1 7552 8387
1 -8778 2901
1 1532 2008
1 -8432 6004
1 6248 3902
1 -5158 8145
1 1818 9341
1 -1440 2049
1 -6732 7361
1 6349 6081
1 3940 9233
1 -9793 6916
1 -4080 3597
1 4343 2309
1 -3168 9054
1 -8386 3168
1 -9708 8961
1 5136 1671
1 -7634 365
1 -8060 9026
1 5110 9144
1 -6572 2881
1 -6296 1385
1 -1491 2466
1 -2580 541
1 -8525 905
1 -9916 3627
1 5208 1217
1 8160 1071
1 6780 9379
1 -1924 2336
1 4664 8026
1 -3045 9630
1 2701 6801
1 -4176 4705
1 -3868 2978
1 -5545 6429
1 5888 5789
1 2308 7256
1 8075 1229
1 7710 1977
1 -8234 8929
1 -1992 3843
1 -2750 9466
1 5680 1751
1 -3936 1070
1 9575 8625
1 -1871 8829
1 1872 5857
1 7340 2126
1 -3051 3233
1 6248 5026
1 2175 3831
1 -1360 6197
1 -9712 8142
1 9552 2385
1 9841 7751
1 -5360 5328
1 5434 2373
1 1674 4177
1 5764 4993
1 -2860 4321
1 -2045 9146
1 -810 2071
1 -6770 3155
1 3068 9291
1 3225 2521
1 -8067 1301
1 5237 9441
1 9292 3727
1 -1876 5697
1 -5950 8497
1 1515 9475
1 2048 451
1 -8636 158
1 3136 1676
1 -8360 2631
1 -6212 1511
1 1177 8609
1 -3976 7041
1 354 8545
1 -8172 6596
1 7757 7133
1 -8326 6821
1 -655 8013
1 -3660 2776
1 8895 8511
1 -9944 3601
1 -4277 639
1 1120 6241
1 -2695 273
1 -9529 609
1 300 1761
1 -4808 2850
1 8660 7201
1 6740 5701
1 4548 5293
1 -757 5743
1 7284 1265
1 -3206 2876
1 -3000 593
1 2595 4001
1 -9520 6083
1 -9200 9478
1 -2310 5409
1 -8276 3889
1 1805 3961
1 -2521 6689
1 -5326 7561
1 232 9197
1 -1557 4077
1 -1450 9739
1 6016 6961
1 1460 2625
1 -3529 5658
1 9728 1676
1 3970 3126
1 1980 6241
1 -1242 9667
1 9650 3891
1 -4040 5687
1 8655 8913
1 -2200 8405
1 304 3543
1 2472 897
1 6864 3557
1 6250 3793
1 -2568 6761
1 8760 9557
1 -7647 5393
1 -9512 1492
1 7910 993
1 7406 3801
1 -9258 7243
1 8068 1327
1 5224 1430
1 -7680 1408
1 -3064 8193
1 -6819 3602
1 -2730 6061
1 3345 2770
1 -8420 3561
1 4600 9857
1 -1868 2182
1 -3976 3481
1 4362 8647
1 2362 9249
1 -348 9713
1 -3211 2324
1 -9106 8533
1 -6104 7051
1 -8488 4819
1 9712 201
1 1545 9329
1 5040 5606
1 -6051 6409
1 7000 9641
1 6272 1021
1 -696 1966
1 1869 4958
1 -1900 1948
1 -9190 4217
1 -2794 3072
1 -8704 9729
1 5326 9976
1 -3591 2689
1 -624 222
1 4632 1647
1 -4043 3751
1 -4508 2622
1 2738 690
1 1860 7765
1 -6726 9026
1 -1204 6258
1 6450 8210
1 3840 953
1 -9592 4180
1 -6550 8115
1 7608 3921
1 -5360 95
1 3733 7865
1 -2975 5955
1 1510 4401
1 -3428 8680
1 -9892 2359
1 -2933 199
1 7124 2691
1 2790 4993
1 -9580 1737
1 -2960 3521
1 9204 2934
1 -5196 1801
1 4864 3729
1 9540 4815
1 -8696 9523
1 -7450 9351
1 273 3993
1 6798 1121
1 -9650 8609
1 6079 2024
1 9120 7659
1 8904 9869
1 -5106 2947
1 -583 6453
1 3115 7501
1 9733 5891
1 -8400 5159
1 -4400 3921
1 3433 4817
1 6718 3215
1 9385 3205
1 -9305 7520
1 3406 9496
1 -8098 1005
1 -6633 6729
1 9676 6957
1 9273 97
1 2260 8992
1 3965 216
1 5984 4582
1 6420 6067
1 6627 8811
1 -8084 7441
1 -7744 6853
1 9614 3399
1 3900 5741
1 6439 7506
1 1236 4009
1 4718 2121
1 -7355 3169
1 560 3825
1 -3385 2221
1 -9178 2745
1 5900 8596
1 5353 5545
1 -576 7920
1 -6110 3804
1 5548 4097
1 -772 5411
1 5285 611
1 -3891 3781
1 8604 8054
1 -4080 5371
1 -5199 2791
1 -5136 4205
1 1580 7339
1 461 7305
1 -2985 1521
1 -8622 1121
1 -9466 5930
1 -2400 7818
1 4248 5525
1 -321 2461
1 8796 5041
1 -6264 1491
1 1102 8226
1 -9264 4341
1 -6116 9091
1 4361 4432
1 9368 1233
1 2000 937
1 2136 6363
1 3960 7139
1 -32 8015
1 6434 7067
1 -4982 1377
1 -2940 8433
1 8688 2411
1 -1524 5758
1 5921 2099
1 -4136 6001
1 -7121 1281
1 -3026 1737
1 -6440 2926
1 8110 6253
1 -9500 8561
1 5280 8544
1 -7650 9996
1 -4120 9957
1 1470 8401
1 -8500 6945
1 5416 5495
1 -3614 6993
1 -2728 3153
1 672 410
1 -4582 4291
1 -632 5441
1 -6868 3281
1 7848 9009
1 7200 4550
1 1477 4473
1 -5760 5066
1 -7418 3811
1 -1955 8845
1 2750 3441
1 9136 3245
1 -7264 9694
1 -3032 2813
1 3080 4245
1 9406 2825
1 -9344 4001
1 -4520 4999
1 5184 8524
1 800 6041
1 8800 231
1 -4912 1116
1 7975 1546
1 1832 6257
1 1624 6568
1 7845 1945
1 2561 185
1 -4448 3091
1 -1934 1874
1 7522 1669
1 8996 8306
1 7390 6381
1 5168 1265
1 9456 9076
1 6816 4581
1 -5970 5649
1 1622 5351
1 2810 9377
1 2144 3569
1 8297 6701
1 5998 3394
1 9945 7329
1 -8570 7711
1 -8619 287
1 -1136 8241
1 -9225 7335
1 9344 2356
1 1653 5585
1 7384 1590
1 -3750 6813
1 2138 8961
1 -1824 1005
1 5880 3137
1 700 7161
1 2293 7455
1 -1966 861
1 -1249 9267
1 3505 4601
1 -9464 6093
1 1815 9259
1 8453 379
1 -4040 1542
1 -8372 4659
1 8337 9816
1 2452 4281
1 -5297 7016
1 -3542 9040
1 7867 9761
1 -7625 946
1 -1204 1009
1 2982 9525
1 6368 6920
1 7968 7801
1 -5355 9301
1 -4224 4847
1 -1854 817
1 5065 1529
1 6752 2193
1 -4912 2061
1 9660 2757
1 1402 8199
1 8300 3904
1 6240 6393
1 9449 3905
1 2218 4447
1 -628 7025
1 1137 61
1 765 5753
1 -8292 1070
1 -6470 8910
1 1275 4834
1 -6247 4929
1 2912 3056
1 3944 4351
1 -820 2565
1 6432 3048
1 259 9361
1 7804 7689
1 -1064 3329
1 3988 5141
1 -976 7875
1 -1040 9649
1 8532 7260
1 -7151 1413
1 4696 5581
1 5743 2345
1 5136 8689
1 7564 9007
1 -3400 9359
1 1612 9933
1 3185 9981
1 2648 870
1 -289 5107
1 -1320 7521
1 2201 4680
1 5012 4583
1 -2420 3283
1 -8460 232
1 2990 6872
1 -5226 4776
1 2720 4428
1 -9636 3614
1 5327 6217
1 3252 6076
1 -7544 4117
