2000
1 -9744785 1577
1 -4044964 8903
1 -1452320 9879
1 3644450 5223
1 8471536 2993
1 -1080760 8528
1 -8629803 7465
1 4288432 3565
1 9115160 7451
1 825790 9061
1 -4011508 7371
1 -3869480 408
1 6214249 2786
1 -9614000 6985
1 1067120 7979
1 -9038606 1601
1 2552512 2301
1 986255 5569
1 1585323 7709
1 1005985 9409
1 7807180 3553
1 4969238 3017
1 -7622336 4735
1 6087454 607
1 -3774182 4247
1 5239718 583
1 -5461250 2507
1 9423488 8965
1 -4677820 3725
1 -6205208 833
1 -1662077 935
1 5998950 4744
1 465492 9866
1 7569445 5171
1 1030834 1545
1 2721380 701
1 -5611920 7365
1 -6852400 8161
1 2414330 9689
1 -9852174 5771
1 -4797261 118
1 7495924 6753
1 6286350 7025
1 -2383933 2489
1 2494448 7133
1 6184632 5103
1 9994204 8121
1 -6771896 4652
1 -4967573 5611
1 3318600 5993
1 -6492915 8769
1 3171998 2717
1 -7759293 9406
1 8026704 2242
1 4537104 675
1 -875444 2473
1 7652760 5894
1 126982 3391
1 -8685904 9258
1 -2888000 317
1 8075800 7991
1 -9956200 9917
1 6450612 785
1 -8113083 5878
1 337548 746
1 -455535 1614
1 3020378 3493
1 -736540 3193
1 47430 977
1 4708715 1865
1 3316039 2713
1 -6597290 6816
1 -9713648 7856
1 -9963860 9656
1 -6997720 3041
1 -1051480 6001
1 6445100 2559
1 6143112 1001
1 -5754594 4723
1 -4546256 9615
1 -8957216 452
1 -192142 2585
1 -4524190 26
1 -8640400 1753
1 -7064320 9901
1 7512704 4165
1 1793300 7511
1 -8075776 1679
1 3296945 1081
1 -6661571 1857
1 -991841 4283
1 -4911564 5943
1 3872000 5321
1 -1955608 4285
1 -1672580 8305
1 -8723773 407
1 1550460 719
1 -1239659 3425
1 2700372 3570
1 6218120 516
1 1854191 9804
1 7081777 7249
1 153130 1348
1 -357338 3943
1 -2771075 6141
1 1032770 9011
1 1275312 1447
1 9203680 837
1 6579500 479
1 7856581 6013
1 -3585584 2204
1 8483976 983
1 -9617426 1113
1 309809 3151
1 4644288 6161
1 9982862 5775
1 -440672 2819
1 -8194780 4273
1 -7309105 726
1 5374512 5212
1 -55000 2241
1 -1466770 9445
1 -7274464 1044
1 -3302217 2482
1 283302 7736
1 703599 9349
1 -3607336 7201
1 4000154 5376
1 -3456032 6464
1 8883432 5804
1 -2994129 7985
1 5262062 6209
1 4535975 341
1 -7536125 9479
1 2387339 3009
1 -8132290 2270
1 -5098100 6637
1 9198886 4609
1 -7795245 1409
1 3779229 7023
1 -4696843 3065
1 -1734144 9842
1 -8224630 5366
1 -1051600 1427
1 -7156823 8457
1 7831720 6873
1 5315595 5151
1 -3325207 5285
1 246704 8651
1 -4370140 3623
1 -5974396 4056
1 7865322 3594
1 -4128212 7177
1 2428651 3463
1 7495951 5591
1 8025963 9304
1 -3315790 8806
1 -649213 7391
1 1383865 309
1 -1852171 8401
1 -1929159 5022
1 -4945778 4301
1 -4711308 8101
1 -3625489 5921
1 8103042 3681
1 9332588 6425
1 9710680 6102
1 -808480 5851
1 -9306876 895
1 5401856 5941
1 5224924 7032
1 4467892 4620
1 7215836 2015
1 -4480364 7405
1 6166016 9259
1 -4393744 5448
1 -7893025 8653
1 -8918868 4646
1 5803976 497
1 8984415 945
1 8743466 8291
1 1497258 7473
1 -5907670 6151
1 -2981474 2264
1 -2117964 9741
1 9125905 51
1 -5803452 2257
1 5053155 5413
1 -4565705 2757
1 5564800 4417
1 6496248 7285
1 -8632198 2317
1 -4217600 9569
1 -1977178 161
1 1459280 1449
1 4891893 7063
1 5718700 842
1 8009872 2559
1 5256379 5341
1 8758110 6809
1 -3924448 9938
1 -9705926 8993
1 9150666 4621
1 -3035024 7679
1 -7442820 6012
1 6413604 5825
1 6771328 9324
1 -9868250 3081
1 6911210 3781
1 -8815566 8943
1 -8160650 7059
1 -7869314 2325
1 6213820 5216
1 -686412 3009
1 -9051918 4735
1 9947240 4001
1 5195184 825
1 9452450 6221
1 -7762176 1317
1 -8981300 7071
1 8655548 4376
1 -6008271 3225
1 8701212 5481
1 5182819 1617
1 -3250735 2597
1 4896877 119
1 -459595 5543
1 -2342455 5356
1 -5737808 9999
1 -7264608 5081
1 2774654 3273
1 -8557441 5517
1 -5343000 1865
1 5341520 7229
1 8078840 9401
1 -3268763 6551
1 2734720 1671
1 1785702 2017
1 -6585578 7979
1 -1068734 9865
1 5715710 1272
1 -1414960 620
1 -1238349 6363
1 6545650 9577
1 3293056 8901
1 -1219349 3216
1 -6426160 1866
1 781550 253
1 4192460 7629
1 -8359880 2805
1 5803036 5137
1 6795344 8931
1 -5095672 4772
1 -7959088 7813
1 -3485177 7073
1 2458973 9787
1 -8251190 2241
1 4921657 5889
1 6401515 8861
1 6335510 1285
1 6768870 2677
1 -5499626 3513
1 1594236 1837
1 2993679 161
1 -2801084 7161
1 -1311588 7374
1 1148386 1839
1 2593810 6833
1 9584634 5201
1 3398104 1241
1 -9782360 483
1 7506200 8689
1 8107354 8490
1 7333038 1858
1 4580339 6081
1 -7722646 4225
1 6460502 2606
1 6072327 1112
1 -1287820 551
1 -2855881 1835
1 -6313671 4181
1 -1221156 2859
1 8400693 8791
1 1326451 1221
1 4226910 3361
1 -2657772 9761
1 -6802776 1274
1 1917945 4525
1 7860144 7753
1 -4721400 6396
1 -7931658 9636
1 -7243920 9153
1 -9130860 2125
1 -959568 9293
1 -1328904 51
1 -3049782 7840
1 9653429 8843
1 4941000 932
1 5975972 911
1 8235280 1384
1 3503515 3266
1 -2239619 1462
1 -5898343 9348
1 9254036 7747
1 -2915042 7725
1 6035834 6285
1 -6194127 117
1 9804572 4585
1 687600 4913
1 6245075 9770
1 -9109928 5901
1 1715088 8805
1 8552154 9601
1 -8588478 5669
1 -7989136 7170
1 -6878360 865
1 -483885 4295
1 -7194520 7821
1 9203023 4401
1 9873898 7001
1 -7879670 3853
1 9569129 4889
1 459482 617
1 2650185 1541
1 2704256 3865
1 8615882 8881
1 -6747407 2962
1 -8514800 5476
1 110688 1651
1 3573500 7559
1 -7544406 1901
1 2929632 1676
1 -7345600 4709
1 -5905820 8088
1 5261372 885
1 -9572060 3839
1 -209366 3818
1 6941044 9026
1 -1042239 7069
1 5347843 1999
1 3760476 3707
1 -3743679 2161
1 -9800010 2649
1 7245817 2599
1 1887996 5347
1 -7820680 7025
1 2616584 8669
1 3751662 8541
1 8157510 8849
1 -9705552 9961
1 -9499200 6436
1 -5790 7987
1 -3762490 8551
1 325050 4529
1 -9550437 1447
1 -7128856 3113
1 503926 297
1 4045562 2678
1 8541700 6806
1 -1893008 9431
1 4613295 937
1 9414754 314
1 186300 3626
1 -7029323 5272
1 2264490 8675
1 -9602686 3033
1 3271688 3001
1 6496450 1738
1 6562712 9659
1 3727975 2325
1 569356 3985
1 1220480 6281
1 8895985 2937
1 2914798 9661
1 4868924 3101
1 -8744172 4573
1 -8977250 8802
1 -7604850 9931
1 7431376 4816
1 -7250280 3709
1 -4230950 2976
1 -2998132 9091
1 -4254788 4817
1 9605472 8670
1 4162301 2937
1 -8761005 3202
1 9461980 8303
1 -5864394 8439
1 -8010994 3029
1 591826 5109
1 -9128462 6801
1 -2669644 350
1 562912 683
1 5990240 2797
1 -6380475 2096
1 893910 1622
1 3112392 2280
1 5529137 6661
1 8376296 8387
1 7692807 4001
1 -7941864 2501
1 3373488 8373
1 -435043 7971
1 9487352 2339
1 -5727375 9381
1 5202119 960
1 4758024 9086
1 -4874437 8687
1 -264670 6535
1 6233824 6691
1 -6944980 1019
1 7390020 9105
1 6294020 2502
1 -2826261 2997
1 934384 2945
1 5577840 4161
1 678156 2417
1 5098542 9289
1 3533166 7564
1 2501280 8103
1 1050267 3749
1 6204505 8973
1 -9738800 5596
1 7345930 6492
1 3833568 2321
1 4102460 6443
1 3629633 4267
1 -8135422 4308
1 820918 8247
1 5365836 1027
1 -5227422 6373
1 -1899385 4403
1 -5978930 1881
1 -2692989 1489
1 7978752 2209
1 2832632 2675
1 -8251883 8317
1 5699950 8795
1 5037181 9180
1 9836191 3321
1 -8418921 3108
1 -662400 7725
1 2438396 8405
1 4836560 6392
1 1766025 5245
1 -5496273 8776
1 178784 2827
1 7773674 9569
1 -8111000 7611
1 3350774 1765
1 -2821940 1845
1 -4180557 594
1 5838394 1197
1 8273815 6913
1 4587808 4629
1 8896341 8601
1 3029200 6256
1 -6162765 8561
1 3814733 2033
1 1391636 9737
1 4038048 7497
1 -3946890 1251
1 -6241542 4729
1 1873301 8102
1 8187715 5153
1 8085182 1305
1 -6767180 6689
1 -2947105 8129
1 -8908384 1451
1 5298786 5331
1 -5615980 2689
1 -8673908 2836
1 8042138 2959
1 -2200150 6375
1 -9382332 6785
1 5534081 5169
1 -2351398 5148
1 -3948531 8681
1 4250811 1673
1 -7696460 1415
1 8655152 9668
1 -7493375 6211
1 415520 9760
1 4412660 2303
1 -3028872 4432
1 -3836672 4001
1 9705620 3888
1 -5261952 6176
1 7060000 633
1 -8530264 5137
1 -2082476 4636
1 5575916 9585
1 -1998565 1285
1 -365440 3921
1 52457 178
1 -6963330 2710
1 5784680 2501
1 -4941560 6915
1 -9538533 2649
1 8036100 3649
1 -9013570 8238
1 3564014 9437
1 -2563120 9951
1 -2569789 4057
1 1806817 7061
1 4812426 1343
1 2196150 9001
1 107955 8501
1 4081280 6709
1 5512276 8781
1 -8633449 1681
1 3397504 3516
1 225920 4031
1 -9395668 5959
1 5953050 3120
1 -4177306 2016
1 -4629495 3164
1 3128913 1959
1 3603284 3088
1 8570813 3533
1 6121663 4323
1 -1934443 6977
1 5970108 7873
1 -4756678 9229
1 -2748170 458
1 -3432679 117
1 5854753 3477
1 2097960 2856
1 -4774688 6139
1 7160200 6345
1 -1902523 6721
1 -3656106 8081
1 -9454200 4
1 -6838335 816
1 8394782 321
1 9762620 4369
1 4317080 4758
1 7991932 4127
1 1472990 2861
1 3170582 6141
1 7025161 4621
1 -8902844 3729
1 -5318440 4322
1 -4251584 6217
1 -3612064 2189
1 -9434736 278
1 -5500553 8323
1 -688162 3278
1 -3610004 5582
1 -6069776 2296
1 -9524064 2914
1 2094200 6696
1 -474565 8831
1 2721708 151
1 5663894 6911
1 701492 9952
1 9678776 177
1 5520770 3957
1 1171680 7346
1 9843341 514
1 9415140 5151
1 4699211 783
1 -7604915 481
1 8058500 5282
1 5447258 8017
1 -3769804 8311
1 -8886556 4056
1 -6743004 446
1 5272015 8091
1 -6282080 3971
1 1438503 4690
1 -4251980 6602
1 -834253 4759
1 6835933 6449
1 2749190 8497
1 8830406 9617
1 -5571882 8751
1 -9697616 9377
1 -8566900 1450
1 -9300737 6485
1 3458900 1228
1 6584480 6606
1 -45696 6280
1 -5816438 784
1 -1523824 2662
1 679040 4267
1 -2308507 1159
1 -2448800 5688
1 -1249795 517
1 8950400 3499
1 -9915390 3313
1 2088000 3617
1 1841482 4591
1 9968930 321
1 -2215936 4993
1 2336880 1741
1 -3457488 4401
1 -8022614 7151
1 -67823 1944
1 -4566450 1285
1 9467396 7175
1 2488775 5504
1 -3976128 8221
1 9753213 5658
1 -9896232 1793
1 -6441880 5341
1 -1731615 6576
1 2631462 1374
1 -7828726 1228
1 -2704672 8181
1 2113600 497
1 744854 526
1 7080329 3081
1 -6925279 3735
1 -6051416 9561
1 -6869485 2280
1 -2181155 3199
1 -6895730 7057
1 -438680 3601
1 -1202698 6355
1 -6270116 7617
1 2876328 2939
1 -8930579 5344
1 -1913614 1291
1 9189430 5540
1 1985760 3891
1 1153696 7784
1 -3527721 2431
1 -1687916 6575
1 2337339 9675
1 2252379 6612
1 5480662 5501
1 -761690 4845
1 6612124 6841
1 -4063806 55
1 7456370 7389
1 -3452140 7781
1 -320768 6646
1 -5769636 4481
1 -7000066 5561
1 9716850 9062
1 -314210 6201
1 -7836641 3289
1 9262710 7897
1 -5000380 1399
1 6485072 4169
1 -9119649 7351
1 -1131352 7206
1 -6690483 7681
1 6303344 2876
1 -5636864 169
1 -4238928 6670
1 8302800 8001
1 7234510 4813
1 -514083 9879
1 -6124859 4057
1 1225624 501
1 3425168 5876
1 -6494139 3352
1 4631450 2649
1 8349018 7226
1 1612962 1609
1 2885156 5001
1 7587472 2999
1 1101826 1826
1 -5796900 6335
1 5719872 1791
1 2820296 1249
1 -3316660 5726
1 -66716 3691
1 1617990 9141
1 8481458 2338
1 1050640 8183
1 -518530 5687
1 -7826842 8741
1 -3892320 5034
1 6512037 9935
1 -8355247 4601
1 -4867060 7741
1 3366658 3588
1 -9982604 1202
1 8909000 2075
1 2979700 6837
1 1006390 9987
1 2177176 793
1 5658730 9530
1 7469830 1497
1 9930385 4537
1 5699100 8245
1 -3315672 9673
1 8015392 4773
1 4626372 3029
1 5149272 9545
1 -3977253 5273
1 -8086791 9545
1 -6742560 5028
1 -367488 2117
1 5167321 4895
1 8489134 201
1 -3433938 6161
1 -341321 9893
1 -9536345 3747
1 5960122 8155
1 3786083 8583
1 2807044 817
1 -3670090 321
1 4671570 6305
1 -6398021 5457
1 8317914 605
1 -8019750 112
1 57640 9061
1 1341991 3697
1 -7091936 7373
1 -2417853 2419
1 2204582 6902
1 -4925616 9231
1 7492041 8192
1 3344247 6121
1 6704180 2256
1 218325 2865
1 -4256000 9465
1 9540188 7279
1 -4750984 5731
1 -2342080 743
1 -2898556 7801
1 6194449 6799
1 7077857 3319
1 8219155 5825
1 2192046 9327
1 -6621525 4704
1 2070816 1297
1 1781196 9699
1 -2493107 8408
1 -4697720 8228
1 9447987 1073
1 -1064316 2498
1 9461800 7676
1 6455108 7596
1 -6269983 7905
1 -9777868 71
1 -4220168 1773
1 9674950 9471
1 -3681655 3167
1 -9174058 1736
1 -194640 8078
1 -4415696 7684
1 -9780555 4103
1 -2104864 6281
1 -6011876 861
1 2525825 4401
1 -7852296 6929
1 5374604 7316
1 9321138 4186
1 -5284008 1241
1 -2272613 6391
1 -4548726 7812
1 6474728 1161
1 -8391104 3791
1 3134910 3633
1 5089504 751
1 6500395 4201
1 8121612 1521
1 -4182625 9343
1 -5887949 7169
1 -1708544 4985
1 4856461 1772
1 -4811910 5709
1 -2415110 621
1 4539825 2481
1 1935468 83
1 -5462862 3247
1 2107241 4151
1 -3190264 2774
1 1452320 1259
1 -1042453 1362
1 9277530 8929
1 -1098215 9286
1 -314247 8926
1 5007890 2829
1 4472864 8681
1 -268392 7629
1 2889984 9229
1 -754726 9745
1 -8805800 9251
1 -7443655 3939
1 9839950 2493
1 -3535747 8399
1 -2482520 306
1 897345 3521
1 9164928 7031
1 9263296 2576
1 -5060974 4929
1 6433843 8951
1 2342350 2659
1 -657268 2451
1 -1993720 4296
1 -1806889 2193
1 -1943930 8721
1 -4242548 4770
1 -2236800 6601
1 1391660 4919
1 6064596 6857
1 7768096 5714
1 4808415 4189
1 -4803344 8941
1 8342452 1521
1 5197065 8060
1 4640402 1920
1 627848 4559
1 -4941216 3953
1 6012752 1912
1 -9162776 2531
1 -4687888 986
1 -6327198 8716
1 -7078436 3213
1 -5093605 3137
1 458608 2369
1 6238820 3770
1 -8488543 1561
1 9108726 351
1 -9579760 9328
1 -7452000 4960
1 7742620 8141
1 9946605 1553
1 5262856 5341
1 9726407 9817
1 -6976798 8615
1 6112147 6155
1 8985150 231
1 4166213 5066
1 6887300 6697
1 1120944 1361
1 649032 7832
1 -7211008 8721
1 58696 2601
1 7700953 4936
1 2381914 551
1 -8425203 807
1 5780788 5635
1 -7246720 3156
1 6627744 5032
1 9373324 8921
1 -3860304 9227
1 -9720484 4077
1 -6810920 8367
1 -5445961 2651
1 5576195 4747
1 3127852 8640
1 5391598 9072
1 483805 9585
1 -704500 8418
1 5267895 5473
1 7021728 2273
1 2403397 5290
1 5035690 2531
1 3163579 7365
1 8195216 6899
1 -7722784 376
1 -1559015 925
1 6278504 8723
1 575000 5161
1 -8792761 48
1 -8297420 3381
1 5669904 3721
1 7028905 4593
1 -1955650 3356
1 9828293 4461
1 9183997 4473
1 8778627 5257
1 -614985 5769
1 -2312720 4351
1 -1790890 7056
1 6157026 4977
1 -4474354 5554
1 -7969450 3659
1 6028326 6846
1 -1244482 9641
1 -4088650 3309
1 2909310 5001
1 -8793556 300
1 -8633350 1237
1 -9429014 2516
1 -371004 6490
1 -4425564 8097
1 3863840 1676
1 -2702380 3841
1 -6094601 5301
1 -3049435 5434
1 -2296268 8851
1 456176 3439
1 -4700196 8813
1 4254880 1601
1 5589154 5313
1 -4517457 7257
1 -2321134 7469
1 -7359822 4241
1 -4688656 9638
1 9537090 7781
1 2913536 7111
1 7441077 4202
1 -9364703 8189
1 7634546 4024
1 9168984 3541
1 -6273408 9261
1 -4725202 776
1 -3192360 8985
1 -3532480 3451
1 2655500 6983
1 7001893 3012
1 -5530595 5586
1 7152810 6213
1 -2850588 7021
1 8860720 7273
1 5179220 2949
1 -8433683 7689
1 8425005 5076
1 -4491365 3961
1 -6976798 3441
1 -6703164 2485
1 -4971374 5145
1 1188940 1501
1 2967442 395
1 -6270728 3355
1 -4806080 3050
1 -1155584 9214
1 -7794944 9809
1 2669782 5161
1 -799062 2432
1 -453600 3531
1 2370230 2721
1 2611440 969
1 760296 5813
1 9985372 1931
1 -360114 9121
1 8966828 1342
1 3691032 6044
1 -4777520 4643
1 -3446052 6757
1 -3824924 1462
1 4671665 3807
1 -5305815 4501
1 -4277043 6121
1 -3980535 5800
1 938792 443
1 9477334 9118
1 2854260 9475
1 -3734888 3569
1 6232926 3461
1 -7796680 2335
1 7059400 6569
1 -5172872 3438
1 706266 3661
1 -8970300 9650
1 7186556 345
1 -8672640 9451
1 -641101 7265
1 -2631790 2589
1 -2893242 8229
1 3428348 9307
1 -2696288 9197
1 760324 713
1 3894339 2305
1 7055050 9569
1 7525341 3069
1 6527916 6551
1 -7039332 8021
1 -675820 7489
1 2020532 2849
1 4103866 2282
1 6632533 7617
1 -6759040 4901
1 4006350 1121
1 9281823 6593
1 -1296970 3939
1 -5562333 2625
1 -1227734 6109
1 -3751370 158
1 5417514 7941
1 -1204916 3117
1 -6077049 8005
1 3693552 8075
1 -3303825 2134
1 4994291 1005
1 -3529698 568
1 9790128 4856
1 6318608 8216
1 -5598348 861
1 6952374 4101
1 4537439 4684
1 -8073090 1271
1 2402676 7415
1 9089834 7851
1 -2096360 8515
1 -4837680 9137
1 7183784 2413
1 9084224 9033
1 -6431108 7831
1 6651288 6778
1 -4192934 809
1 -7129865 9280
1 5664058 6023
1 -5550776 6561
1 -2269121 7735
1 7223040 2666
1 -4232060 7919
1 -2058730 8393
1 9691656 5658
1 5864652 4437
1 -3408771 6544
1 6990615 3543
1 9696397 1136
1 -4617112 4995
1 -3063125 5109
1 -2697894 7006
1 5166768 8541
1 -5070656 591
1 9821144 161
1 -3227608 9723
1 959563 9001
1 -3592264 8918
1 -7534288 6461
1 499952 5041
1 -3375610 8649
1 -3072502 2241
1 -5078504 5816
1 -6360574 2881
1 8311436 781
1 -9445930 701
1 -1167006 1089
1 -5724460 7490
1 -1297968 213
1 9036787 8567
1 9760374 1569
1 4322219 5413
1 -3272911 6243
1 668220 6451
1 4858495 7658
1 -99844 6687
1 9051499 1066
1 -4846810 3037
1 -1503538 7539
1 60774 6251
1 -2770379 1801
1 -5618944 6735
1 -5142890 7601
1 7226936 8835
1 -8496738 9991
1 1368044 4606
1 6516406 455
1 -4126010 7607
1 7591128 2807
1 -8932594 7745
1 2011185 2221
1 -8500186 2843
1 -8642160 4261
1 2225231 691
1 4051455 2077
1 -5966213 2001
1 -7373745 5809
1 -7886083 676
1 -7053248 3713
1 9688994 9621
1 780598 3851
1 8138546 4101
1 -729542 7569
1 -9068580 1141
1 -4929600 4281
1 9784370 3997
1 -9381998 4141
1 5814928 1494
1 3192588 3762
1 -9991198 2445
1 -1894522 3256
1 -4255953 7529
1 9340819 2097
1 8127680 5231
1 514171 4414
1 2079890 9076
1 3208098 6041
1 -3838906 238
1 910875 1173
1 2152580 3575
1 -1774840 2237
1 1711292 6241
1 -4029874 9255
1 8551080 3183
1 811290 7969
1 -5061680 3142
1 -2315190 1441
1 1291595 4718
1 -9962486 339
1 7719505 8161
1 -1949650 4513
1 -6622366 9811
1 5577792 3843
1 -7037400 773
1 -8431560 7809
1 -7698656 9249
1 1576072 8299
1 5973043 6851
1 4186078 4467
1 397618 6332
1 -6130842 6511
1 -9623320 9050
1 4913359 9433
1 1329874 2996
1 3217560 4343
1 2470470 8051
1 -4381163 6191
1 9678588 6522
1 -1115229 4553
1 -4382336 4527
1 9216582 9028
1 -69043 3728
1 6375625 95
1 2845892 8577
1 5292280 4617
1 -9205228 7611
1 -8087180 71
1 -1688371 2401
1 6485411 1094
1 5672930 5203
1 -493780 9921
1 -1199501 5061
1 580472 9600
1 -4164896 1667
1 5824954 3599
1 -8386304 5944
1 -1304600 7911
1 -1141090 5389
1 -4920610 3512
1 -4331079 7126
1 1398825 9963
1 -4980848 1433
1 -2019989 1857
1 7871286 3721
1 -7383719 5691
1 -729977 4673
1 -6648480 2237
1 -5601209 3817
1 2249740 5061
1 9170033 941
1 -3200844 9811
1 3406932 7633
1 -4812544 1496
1 -8083022 4925
1 7171830 3579
1 778703 6529
1 -3032175 6381
1 -1846576 4801
1 -2178702 2096
1 9960704 6421
1 -934104 9273
1 -9275564 7501
1 3432281 7352
1 -8794882 6657
1 -6046210 6499
1 -9370980 1299
1 6212618 501
1 -1085182 3615
1 3149766 482
1 -1619528 3184
1 6145885 299
1 -2934764 5605
1 -3516278 1
1 3484608 5187
1 -2380972 9335
1 7231326 6956
1 -9908516 5704
1 -9698043 5545
1 -2674027 4601
1 8545792 4086
1 -5035584 3537
1 1677552 1441
1 -2981320 2469
1 5498676 9285
1 5086352 2475
1 952564 9568
1 -1728699 9511
1 -7788968 755
1 7658738 2694
1 -1377978 1118
1 1659020 3695
1 -5212045 2455
1 -787266 8053
1 -4895931 8276
1 8515536 7681
1 5032984 5679
1 1810327 6151
1 -5513282 8068
1 2443982 8484
1 1612214 25
1 8600178 3887
1 -1542103 1609
1 -7808806 609
1 -9934131 1603
1 -8511328 7147
1 2076672 5504
1 -7541977 1129
1 -66488 5221
1 -5806680 5751
1 8431623 899
1 -2732056 4665
1 -4284674 1705
1 9621100 7641
1 9834759 6614
1 1481300 7913
1 -1937744 8377
1 -2542050 130
1 -6025033 315
1 7348122 6101
1 -9394950 1505
1 8765658 8661
1 -5807122 8599
1 734150 5521
1 -2528796 3569
1 -9665800 5094
1 -7302100 455
1 -7228988 7406
1 -1795088 445
1 -2394230 6826
1 -2284079 1345
1 -5475840 9671
1 4885397 8807
1 -2205754 9583
1 6479061 4368
1 -368731 6691
1 2618461 4653
1 -5120048 6412
1 -4736925 1881
1 -5301676 3571
1 -377944 3701
1 3679210 471
1 2658212 5385
1 4688 2341
1 -4309932 3449
1 -7599199 204
1 1289640 1686
1 -2022718 212
1 6378746 4333
1 6700125 2032
1 -2515397 1056
1 -8594474 7629
1 -3592828 9630
1 -6681010 5704
1 -2183908 354
1 4276058 8461
1 81696 9751
1 4300020 6331
1 9064070 2385
1 -6723483 7799
1 -3648828 539
1 -4799832 7877
1 -9363955 1609
1 5295252 1757
1 -4858936 7944
1 -5502837 4516
1 218000 9343
1 -6407896 3025
1 9427342 9970
1 5913276 6251
1 7080751 161
1 -2178004 1696
1 -7138399 2919
1 -670268 5265
1 6089812 5353
1 7425949 1558
1 -7388564 5527
1 6647268 3991
1 6344820 3361
1 -4501290 5785
1 7952084 7396
1 8584079 6781
1 -3919310 1901
1 8615040 5909
1 -7019978 451
1 6243767 3233
1 2470168 7954
1 -6112496 9036
1 4961115 2449
1 1541504 7820
1 -2465753 1359
1 -5001460 9345
1 2387046 8689
1 -4838655 1761
1 -5860124 1541
1 8307704 5741
1 6741117 6093
1 -9037308 8244
1 4733975 6070
1 -1721164 676
1 -9994598 8921
1 6845808 6369
1 687186 673
1 -7805568 3533
1 2397569 7691
1 4694768 7665
1 -7912264 8737
1 -1509139 5359
1 -9724328 7676
1 3167048 7566
1 -15232 6635
1 -2403569 2647
1 -5684850 4821
1 8304638 5209
1 924384 8548
1 -6804029 3801
1 -2793182 2789
1 2022700 5089
1 6669785 7154
1 -4120912 6511
1 6907404 8393
1 -8947357 731
1 9870460 3955
1 3438108 9943
1 3668786 8277
1 3448738 6247
1 -1909455 8621
1 6880978 7242
1 2424240 6145
1 2409880 2127
1 -731963 4611
1 -895830 2308
1 5781248 8287
1 -8064726 922
1 -7629568 2889
1 -2721896 1001
1 6356310 2696
1 -3731021 8562
1 -6345688 1169
1 3036687 5745
1 -2245019 1426
1 -6867462 4185
1 -9288450 1805
1 -3482435 9869
1 6347150 8463
1 5517365 6176
1 -4550224 793
1 7499970 7028
1 7857392 9004
1 -6593279 4295
1 2005243 4376
1 3169200 4065
1 -3999635 7896
1 -7495098 1455
1 -1117314 4376
1 1412984 9761
1 -2527446 1006
1 -3443364 3631
1 6112172 1105
1 -7179572 7676
1 -6857712 367
1 2685712 7361
1 -3772348 563
1 3259444 7751
1 -9487738 8246
1 1278356 6689
1 -6040000 6225
1 1391721 7001
1 -1044303 9359
1 -6324928 7313
1 7508224 4827
1 421484 1503
1 -1669916 829
1 -7844830 2065
1 -8316194 2601
1 -5147384 915
1 3914456 6131
1 6302224 8701
1 254112 792
1 -4607912 9383
1 -1919170 3755
1 -6187218 9825
1 -7340067 8627
1 -1224242 5969
1 -6143445 5451
1 -7052336 7709
1 -4548148 1071
1 7177549 2506
1 7159396 9681
1 -4891737 1651
1 2649458 7561
1 580692 7121
1 -7552597 4528
1 586780 7741
1 183618 9746
1 1836882 4841
1 8081380 329
1 5509696 231
1 3652997 6459
1 8688104 7811
1 2827627 6897
1 1176336 3971
1 -6182198 6841
1 -7366924 816
1 -2731576 1261
1 -437660 7801
1 8254096 8644
1 2747800 217
1 -1170558 5906
1 -4477437 5505
1 272406 2229
1 -7062226 1506
1 4959625 5722
1 -3301943 1753
1 -9589192 8741
1 -737517 2616
1 8711729 337
1 8673108 3269
1 3984682 3727
1 -3311628 5413
1 7502214 2356
1 -7558988 9773
1 -7736198 69
1 -4284034 5441
1 -9073928 9129
1 -1227124 5301
1 -7816080 8881
1 466895 9466
1 -479664 240
1 -833978 2904
1 -4923980 807
1 9589252 1501
1 6347056 5583
1 -4914735 4357
1 -5205890 6214
1 -3774147 2924
1 -171325 1473
1 8303650 9111
1 2249088 321
1 8869311 401
1 -3162979 7701
1 8513966 653
1 -9712373 4968
1 7935430 4705
1 -236375 10000
1 -3638420 310
1 6808848 6235
1 6978567 333
1 -3902640 7591
1 4161736 6551
1 -7589769 4522
1 -3340698 8409
1 -1491150 2381
1 -4850341 9115
1 6649280 5265
1 -339118 2497
1 7535254 6845
1 -6854971 6794
1 -7204095 6993
1 -6236881 3355
1 2660768 6407
1 -5622980 779
1 -7135412 6586
1 841888 6036
1 -6568535 4893
1 -3877913 4144
1 3645045 5126
1 -4993392 8841
1 -8276840 5391
1 4833164 2811
1 -1070228 9086
1 8029394 4817
1 -5274873 7231
1 -8242610 4729
1 -9409824 8124
1 2038687 2985
1 -9922187 9775
1 -3134435 2141
1 -373699 2833
1 909407 5009
1 5391858 170
1 -6018849 8731
1 588560 9674
1 4140384 9103
1 3030360 4785
1 -3468014 8539
1 804258 5789
1 4898225 9285
1 4513403 341
1 6920106 2873
1 6192637 905
1 -2565149 3741
1 -1274943 1649
1 -2901930 2081
1 2888320 2793
1 7906650 3855
1 3046340 2591
1 5979045 876
1 9506880 1190
1 6347356 1025
1 3519600 7619
1 7681158 6741
1 2794430 7401
1 -1208881 5661
1 -6323232 6551
1 6306980 8261
1 -7029652 6456
1 8987142 176
1 -3236228 5445
1 -3911040 956
1 -667448 1801
1 7421662 235
1 -753519 6458
1 3881944 3473
1 -3456715 4489
1 -1682818 326
1 -797568 7581
1 6901630 3983
1 -6577397 7689
1 1160784 587
1 -5044914 9136
1 8121261 9461
1 8007000 9687
1 6843750 3006
1 -985746 6691
1 8088408 3761
1 -2976938 1047
1 9794030 7497
1 -2541943 4245
1 2858604 515
1 5426912 6581
1 436821 9271
1 -1563786 8336
1 -3466967 9638
1 7386675 8497
1 -413813 6074
1 -2958615 3929
1 7803112 7862
1 8403022 7698
1 -8191920 2033
1 -2449280 5467
1 -5573871 7729
1 658088 7311
1 -6052396 6291
1 6799050 4048
1 5056204 6221
1 2208523 7392
1 6030630 8814
1 6977650 5825
1 -9693936 768
1 -4543776 4593
1 8906560 9938
1 1280384 8251
1 5888700 4662
1 5783179 8041
1 -8350912 7209
1 8230649 8241
1 8119904 1883
1 -6149256 5231
1 3335500 899
1 9211358 3965
1 5098530 9795
1 -8080388 5255
1 -6638171 2761
1 2426179 5946
1 -5266560 9576
1 -2570568 601
1 9522896 7
1 -4842120 5606
1 3891584 7393
1 1139296 4716
1 -4843411 1281
1 -7092719 5054
1 -8448208 5037
1 4214225 9017
1 -4381575 2209
1 -1273250 1710
1 -6678918 8511
1 -4810566 5782
1 -7268929 7053
1 -3707880 887
1 1727382 8238
1 -1793520 8793
1 -8528448 283
1 9275238 9901
1 -6523688 9957
1 538483 6587
1 -9623165 530
1 -9813428 331
1 9867683 1841
1 773739 5764
1 7119704 2115
1 -536015 2865
1 -9898368 6785
1 -6928076 6391
1 8233875 6161
1 -5405456 2777
1 3424736 3429
1 -8781881 8593
1 -918880 1729
1 -3991232 1409
1 2423184 3509
1 7767926 4969
1 -1342336 3904
1 -4491769 2887
1 3173255 4567
1 9624563 2625
1 8337208 8481
1 5304800 5251
1 3271652 5189
1 7972710 2391
1 6524363 4261
1 4211990 5807
1 -4628286 4400
1 6303707 3523
1 -5921525 3897
1 -1453100 769
1 1918280 8993
1 3576800 751
1 5438218 2546
1 -7495032 3787
1 9624829 5673
1 5790054 9493
1 -2795904 80
1 5346654 9655
1 -8914842 623
1 6715644 6961
1 3576560 3682
1 -9044508 265
1 781738 7351
1 970180 5733
1 9578118 5677
1 -5211840 641
1 9003414 3726
1 3170808 7472
1 -9076988 6377
1 -7448164 4961
1 8098113 4481
1 -80175 6081
1 -1258608 8182
1 4258160 5982
1 -9830338 8681
1 5164574 4603
1 -1113516 3561
1 -4995666 8541
1 -8403800 2225
1 9305024 3102
1 -3358899 8261
1 -8448106 3817
1 -171240 6449
1 3119890 3457
1 7215718 6639
1 7085112 4569
1 6456650 9433
1 -4196514 4299
1 -9267440 8046
1 -7963539 9002
1 2590360 1393
1 -9560060 2221
1 -1359296 6034
1 -1954554 4731
1 9417472 853
1 -6800384 5321
1 -2946840 5787
1 3598448 6877
1 2756388 63
1 1961799 1105
1 -3744904 8623
1 -113600 4093
1 7728532 8001
1 -6639600 2816
1 7775600 7879
1 -3029450 6661
1 3801216 3723
1 -8647296 4873
1 9741753 2751
1 -3013658 1581
1 -3730775 9721
1 830482 4673
1 -9272092 5451
1 -9997340 139
1 9089412 7717
1 989888 5205
1 7307460 4269
1 9510971 3589
1 -8541520 25
1 1181166 2426
1 -7507688 925
1 -7865986 4377
1 -4875600 7446
1 -7487936 5759
1 4396827 5435
1 -3353796 3564
1 -8013060 9202
1 -9828745 3505
1 61893 8981
1 7066972 8761
1 789288 6957
1 1850560 4496
1 -2606784 1193
1 1354566 865
1 -3998676 8958
1 1313860 5048
1 3924415 7937
1 5378908 3571
1 -6131750 6377
1 1801344 9881
1 3655726 1288
1 3246952 6051
1 -9164536 1193
1 5893280 1211
1 -8297653 5877
1 3330768 5953
1 782264 2209
1 9782599 6228
1 3263346 6761
1 -3552962 8001
1 646466 53
1 65820 8661
1 -656398 4454
1 95391 2862
1 1703704 4255
1 9919168 7479
1 -9857328 7921
1 -367180 9841
1 -219955 883
1 -7340944 557
1 -9253184 2405
1 5849372 9999
1 4372600 8933
1 4953185 9000
1 -3425920 3431
1 7002032 7612
1 -3375976 869
1 -9027680 5286
1 7731620 7601
1 2045282 7376
1 5109883 9372
1 3716600 5639
1 -9447929 687
1 2031984 5880
1 -1038220 2497
1 1708192 8843
1 3510840 3601
1 3638370 299
1 -7541940 6755
1 -7480845 9580
1 -2860840 7057
1 2066738 2872
1 -1721958 688
1 -926848 301
1 -5448036 6741
1 6043622 7086
1 527787 4061
1 6195110 3641
1 8695000 9551
1 890395 7301
1 -2335694 857
1 -1387772 6031
1 9333180 3641
1 6197814 8619
1 1983400 5889
1 9840925 4224
1 -1643152 51
1 -2520225 2761
1 8298710 2632
1 -7870320 4575
1 9484480 4337
1 -7552648 7521
1 -5725485 8945
1 -3490100 8576
1 2731656 5837
1 5826866 5840
1 9718832 4215
1 -9773044 1
1 -8185616 1409
1 -2113201 7603
1 4825820 4289
1 6042512 5049
1 1306655 677
1 753318 5313
1 6441816 5457
1 5060256 8732
1 -5067577 8956
1 3859636 7543
1 6198000 5373
1 2505085 8407
1 1278453 5656
1 8963469 3221
1 -3174420 8256
1 -3859718 3983
1 6608276 7525
1 4411756 2056
1 -2349506 5325
1 -6415288 1930
1 2596089 8631
1 9335040 6971
1 -2455790 2385
1 9611228 9953
1 3879036 1831
1 -4753872 5434
1 -6548216 9458
1 -7703040 5398
1 6614722 999
1 -8723224 5391
1 -334950 7366
1 7639268 2261
1 6303896 5315
1 9896735 3441
1 -4745948 9761
1 -951495 6547
1 -3033488 2431
1 9308390 3826
1 -9944265 7051
1 -8968443 7901
1 -579390 7325
1 -6666500 128
1 -5766368 7637
1 -6625180 1956
1 3865635 3241
1 7876264 4111
1 -4964824 4805
1 9648420 6745
1 1892575 241
1 2414665 4417
1 2159260 9145
1 -3293530 7524
1 940560 6553
1 8017608 2749
1 5434390 5169
1 1559478 6215
1 -3885770 5124
1 -4828140 9664
1 6355442 3493
1 900270 587
1 -1152000 3224
1 -7249430 4657
1 290534 5179
1 -8917 480
1 -9510194 1501
1 4762846 8329
1 1882242 6651
1 6387211 1441
1 5796790 6109
1 2319669 9521
1 6879576 4242
1 1741610 6486
1 -135469 951
1 -6083751 5081
1 196850 6773
1 -3570390 7691
1 3354463 3730
1 -6543807 445
1 -540000 9500
1 1795340 9435
1 3240873 1276
1 5814830 6936
1 -7516005 3451
1 6744662 8113
1 -7865632 9437
1 -6127012 5521
1 -167040 4647
1 531316 2795
1 1618516 97
1 6725854 2003
1 9002858 7081
1 -9365754 1435
1 -388360 8730
1 -6551974 4103
1 -2839710 3889
1 3685368 6286
1 9314584 5533
1 -9995240 6043
1 -6358080 7681
1 1679500 8113
1 -8576770 7233
1 2735963 769
1 -6057743 4235
1 -8579516 3624
1 6660560 4001
1 6322740 3833
1 7713606 7211
1 4611126 3151
1 7125924 4873
1 -1999782 1783
1 -4562472 2459
1 1411700 8871
1 5666989 8480
1 9541713 3200
1 8333990 9321
1 -9688420 6567
1 8996574 777
1 -4209493 8922
1 1296374 9657
1 -1422704 2903
1 -8084904 5302
1 5688440 539
1 8874240 4501
1 -4324407 753
1 4347670 7968
1 4577880 3376
1 -9159404 7885
1 -5013212 6215
1 -3503150 7251
1 -6538688 9001
1 7886294 9572
1 -6967250 2877
1 789812 4453
1 -9756640 4043
1 -3688218 1828
1 2470699 5765
1 1938996 2033
1 -6067636 3913
1 6058200 4151
1 -5544576 3544
1 -8255356 3301
1 3037814 8561
1 -243281 3344
1 -4748020 9611
1 -5840288 7968
1 -6939094 9173
1 2558744 9633
1 -6232520 8341
1 2942298 3929
1 -2990750 7231
1 -4035180 2641
1 -3945856 9321
1 7499846 8691
1 -4742048 5572
1 -7273028 7761
1 9489100 4696
1 -9316480 6521
1 -974320 9909
1 8815618 3626
1 4032372 3323
1 1248023 2529
1 -6873864 9525
1 -7355444 2385
1 9279530 9865
1 -7105948 8255
1 -8118165 753
1 144195 9940
1 -7268804 7929
1 6514668 2806
1 -2734440 9795
1 2278312 8117
1 -8261934 3041
1 8301555 9351
1 -3188770 9646
1 3420891 1711
1 -5015682 8129
1 -8362222 1286
1 -3770365 2631
1 3090395 3039
1 8891125 3144
1 -9174670 9127
1 4924522 785
1 2679638 3310
1 113672 1345
1 2346748 9895
1 487235 4097
1 -5020783 9453
1 -7442784 701
1 -2219500 3575
1 -1039130 4321
1 -6639706 7861
1 -9673652 5485
1 8912336 1941
1 2395250 2565
1 -7251074 7345
1 9932847 2001
1 8522328 4604
1 -6800636 8633
1 9661886 8105
1 -2807322 5016
1 2184864 1569
1 2377292 7137
1 6172192 7205
1 9710000 401
1 -5858968 5931
1 -4231898 5159
1 7261120 7585
1 8042030 8135
1 -8481850 2679
1 -3487099 9337
1 9729447 1373
1 -9993964 2492
1 8967800 9302
1 8781120 4449
1 2479520 6509
1 -1299616 4777
1 9002282 2967
1 -5834920 161
1 -2228306 136
1 -5201079 3325
1 552060 2593
1 -9253464 2423
1 -578 4745
1 -1650088 6100
1 -1323335 5841
1 8421565 9961
1 3350692 7869
1 -499588 7401
1 9641892 4373
1 4220352 1804
1 4052828 6537
1 4668656 6919
1 963712 601
1 -5961600 6713
