2000
2 -32 59
2 -40 19
2 28 73
2 90 49
2 -6 1
2 78 1
2 -13 9
2 -48 26
2 0 63
2 20 73
2 -88 77
2 18 96
2 -60 94
2 56 13
2 75 21
2 29 47
2 -36 77
2 92 61
2 0 77
2 -24 76
2 62 11
2 0 86
2 80 91
2 13 65
2 47 17
2 90 50
2 35 43
2 -72 73
2 -40 76
2 14 56
2 -44 61
2 41 61
2 11 21
2 0 13
2 -92 1
2 0 59
2 15 45
2 -90 71
2 -88 1
2 -77 45
2 42 44
2 12 31
2 -24 93
2 -45 1
2 -99 1
2 -22 49
2 56 34
2 -74 62
2 -2 8
2 -25 46
2 9 71
2 0 6
2 88 65
2 36 55
2 -24 21
2 -90 36
2 24 71
2 64 71
2 64 17
2 62 77
2 4 45
2 92 11
2 46 43
2 20 1
2 16 88
2 50 85
2 -26 6
2 20 91
2 58 91
2 56 89
2 -65 81
2 68 29
2 -60 35
2 5 7
2 28 29
2 -84 52
2 77 96
2 -52 1
2 -28 41
2 26 32
2 -56 73
2 48 29
2 -4 81
2 98 1
2 55 1
2 -13 48
2 -80 73
2 -45 33
2 12 20
2 44 41
2 68 55
2 -22 88
2 0 49
2 63 9
2 20 77
2 24 86
2 8 89
2 72 47
2 84 14
2 -80 61
2 -6 41
2 44 8
2 -8 53
2 50 9
2 -56 25
2 4 58
2 25 59
2 -75 61
2 38 31
2 -32 27
2 -20 57
2 -84 76
2 30 19
2 -76 87
2 -90 42
2 99 39
2 -36 5
2 28 36
2 88 83
2 -16 53
2 -76 1
2 -16 57
2 64 18
2 12 1
2 -20 6
2 -24 81
2 67 73
2 42 97
2 -20 5
2 0 19
2 23 46
2 -50 70
2 2 41
2 -20 41
2 0 73
2 22 33
2 -95 8
2 -6 13
2 46 71
2 -10 97
2 -27 17
2 -60 70
2 20 87
2 0 19
2 35 8
2 3 13
2 98 23
2 91 37
2 19 23
2 -35 44
2 -72 5
2 -84 28
2 0 17
2 -12 93
2 11 1
2 -48 69
2 81 61
2 78 7
2 30 6
2 0 57
2 0 20
2 -68 64
2 80 99
2 8 54
2 30 51
2 -80 16
2 30 34
2 -43 1
2 -96 66
2 27 58
2 92 76
2 -40 29
2 47 37
2 -92 2
2 -51 49
2 89 11
2 13 19
2 25 51
2 -8 11
2 24 76
2 88 46
2 -13 36
2 91 87
2 32 5
2 60 63
2 -96 81
2 68 81
2 65 88
2 42 11
2 -24 1
2 -80 13
2 -73 65
2 -90 49
2 84 1
2 54 47
2 65 91
2 18 75
2 -36 41
2 3 51
2 -68 37
2 32 73
2 -10 31
2 44 81
2 14 53
2 -12 61
2 -32 33
2 60 17
2 44 1
2 12 96
2 44 31
2 8 55
2 -66 61
2 -50 81
2 70 56
2 36 59
2 32 71
2 52 14
2 0 67
2 16 69
2 36 28
2 46 72
2 -47 71
2 -82 93
2 75 38
2 -80 26
2 -36 61
2 24 1
2 16 53
2 -8 51
2 35 97
2 75 61
2 40 11
2 52 21
2 -50 1
2 92 21
2 20 74
2 0 13
2 -2 51
2 -40 65
2 6 41
2 56 65
2 48 97
2 60 74
2 -32 20
2 77 98
2 -52 75
2 40 1
2 -49 100
2 -75 24
2 48 39
2 72 51
2 4 34
2 -4 29
2 10 1
2 0 65
2 -92 76
2 79 65
2 -88 76
2 -80 91
2 -44 65
2 40 67
2 20 42
2 -92 37
2 -64 6
2 -68 49
2 4 55
2 69 51
2 -75 13
2 0 19
2 -60 68
2 54 33
2 8 61
2 -64 22
2 -58 12
2 -61 14
2 -73 17
2 -52 39
2 -35 9
2 94 71
2 5 57
2 23 77
2 62 17
2 5 61
2 -43 97
2 -79 85
2 -80 6
2 48 89
2 22 20
2 -50 11
2 -86 71
2 -59 72
2 24 1
2 0 56
2 72 61
2 -76 39
2 52 32
2 10 97
2 -56 30
2 -35 21
2 10 9
2 32 99
2 -77 65
2 -29 85
2 4 55
2 2 55
2 81 46
2 65 27
2 -50 20
2 80 9
2 -26 56
2 88 3
2 -8 85
2 -40 91
2 75 61
2 -56 61
2 -2 44
2 -33 99
2 66 64
2 -12 43
2 55 63
2 88 5
2 -70 13
2 -90 25
2 95 61
2 40 89
2 -80 21
2 48 57
2 -72 68
2 80 21
2 -4 29
2 -18 3
2 -84 32
2 0 37
2 -14 37
2 40 99
2 -42 79
2 -70 83
2 10 45
2 36 5
2 -26 57
2 84 91
2 -6 51
2 75 71
2 2 41
2 -88 41
2 -20 11
2 -16 1
2 86 59
2 -20 45
2 70 5
2 -75 29
2 -39 23
2 76 91
2 -12 62
2 13 17
2 67 26
2 -22 77
2 58 11
2 -24 78
2 12 30
2 -83 81
2 8 93
2 -45 65
2 15 33
2 -90 61
2 -61 10
2 -88 41
2 32 90
2 -64 57
2 -70 31
2 0 5
2 61 39
2 26 93
2 -89 1
2 10 46
2 91 83
2 28 3
2 25 51
2 -11 23
2 -97 96
2 -12 17
2 65 51
2 54 37
2 -50 18
2 50 17
2 92 34
2 25 67
2 -46 77
2 -96 2
2 -36 81
2 85 1
2 44 11
2 -64 94
2 -48 62
2 8 17
2 50 86
2 -94 1
2 80 57
2 -7 11
2 14 41
2 86 79
2 -68 69
2 91 65
2 48 47
2 -49 23
2 6 57
2 -36 36
2 -16 63
2 36 9
2 -10 56
2 40 97
2 20 97
2 11 61
2 90 9
2 -12 1
2 -79 91
2 -90 1
2 -8 41
2 0 77
2 98 93
2 -89 64
2 52 73
2 59 26
2 -60 55
2 -48 81
2 50 26
2 22 83
2 64 38
2 78 51
2 -34 79
2 -30 21
2 -52 5
2 46 6
2 -93 11
2 -4 75
2 -20 34
2 68 1
2 -80 9
2 -78 73
2 -24 4
2 40 85
2 -68 21
2 77 60
2 -49 48
2 -8 51
2 -50 88
2 2 19
2 -60 45
2 32 94
2 -30 56
2 44 40
2 48 75
2 28 41
2 56 41
2 2 81
2 -90 78
2 -66 61
2 26 11
2 -68 63
2 45 87
2 75 91
2 -38 33
2 -38 2
2 -54 33
2 8 33
2 34 41
2 20 36
2 20 61
2 -76 13
2 -30 17
2 20 11
2 -80 46
2 -84 45
2 8 72
2 -5 81
2 -74 19
2 -16 91
2 44 97
2 98 9
2 -81 1
2 -86 77
2 52 65
2 -66 29
2 -25 49
2 0 1
2 35 1
2 12 84
2 96 11
2 81 25
2 3 31
2 88 7
2 74 15
2 60 89
2 39 44
2 56 91
2 60 41
2 -42 14
2 -42 71
2 24 26
2 -28 83
2 30 11
2 62 83
2 72 87
2 -82 85
2 -60 23
2 -48 63
2 11 49
2 95 28
2 -80 1
2 79 17
2 84 1
2 82 61
2 -40 31
2 40 65
2 -43 93
2 -74 41
2 -88 58
2 -54 33
2 -32 66
2 17 26
2 44 44
2 -64 33
2 40 59
2 96 88
2 -60 61
2 90 49
2 44 13
2 10 33
2 52 63
2 47 86
2 -84 49
2 60 93
2 92 1
2 -46 50
2 -47 17
2 22 1
2 51 11
2 -92 25
2 36 45
2 -86 33
2 -42 87
2 -29 57
2 30 55
2 -36 15
2 2 95
2 -12 85
2 -46 31
2 -82 32
2 -82 1
2 -15 9
2 20 47
2 9 6
2 -55 19
2 -25 66
2 -52 51
2 86 13
2 25 75
2 19 61
2 -92 69
2 24 61
2 8 37
2 38 78
2 -49 1
2 38 67
2 -60 56
2 -8 25
2 -80 23
2 40 14
2 -28 21
2 22 65
2 -3 33
2 50 15
2 -85 82
2 -38 81
2 63 69
2 -4 5
2 67 68
2 -2 39
2 8 63
2 -25 57
2 44 26
2 -84 89
2 40 65
2 -75 29
2 59 1
2 83 15
2 53 81
2 -20 4
2 58 77
2 -38 1
2 -10 9
2 0 11
2 -19 81
2 -25 29
2 41 70
2 -20 99
2 68 71
2 11 85
2 38 18
2 -19 9
2 30 13
2 0 34
2 52 21
2 -95 29
2 24 81
2 -84 41
2 -31 57
2 -58 4
2 2 85
2 27 65
2 -31 23
2 0 56
2 0 51
2 -92 1
2 50 23
2 2 48
2 81 85
2 36 13
2 -89 76
2 88 86
2 10 63
2 95 51
2 -72 29
2 20 31
2 -4 39
2 -30 33
2 60 27
2 60 37
2 46 57
2 70 69
2 76 5
2 57 90
2 35 41
2 -67 90
2 -91 41
2 -20 10
2 34 33
2 20 69
2 72 33
2 89 61
2 -32 73
2 11 64
2 -40 76
2 30 21
2 -88 82
2 89 49
2 47 41
2 -18 25
2 -90 71
2 -19 13
2 8 57
2 -81 1
2 -85 1
2 -60 91
2 -6 1
2 70 62
2 -64 86
2 56 41
2 76 39
2 -23 38
2 32 1
2 78 4
2 -38 1
2 -84 11
2 44 77
2 46 41
2 81 71
2 60 17
2 80 89
2 7 23
2 -86 77
2 -50 9
2 21 25
2 -32 37
2 32 41
2 20 4
2 72 41
2 -89 85
2 -39 81
2 27 93
2 -48 89
2 -77 49
2 -64 53
2 0 35
2 -20 43
2 94 37
2 22 99
2 -70 99
2 -82 26
2 -5 91
2 -30 91
2 30 49
2 0 5
2 -60 21
2 42 51
2 -98 21
2 -50 23
2 53 41
2 -8 51
2 93 67
2 -62 79
2 93 1
2 -69 43
2 -13 31
2 0 97
2 -66 92
2 -32 89
2 0 61
2 -40 35
2 33 89
2 -80 31
2 34 13
2 -25 47
2 -85 72
2 51 14
2 83 25
2 -70 51
2 -92 41
2 -70 14
2 -20 61
2 69 55
2 65 3
2 -48 46
2 50 7
2 -88 37
2 32 21
2 -72 31
2 53 81
2 90 33
2 -96 57
2 78 61
2 67 17
2 26 17
2 -14 17
2 76 16
2 -34 91
2 -20 1
2 -4 17
2 25 71
2 91 5
2 -33 57
2 15 5
2 30 93
2 -60 69
2 -95 13
2 20 45
2 -28 63
2 -40 48
2 -10 81
2 56 57
2 18 96
2 92 5
2 -82 69
2 -84 99
2 -78 98
2 -12 35
2 -64 81
2 0 26
2 -5 52
2 12 23
2 40 45
2 40 73
2 -58 15
2 -8 81
2 30 66
2 -28 17
2 88 53
2 0 83
2 -46 81
2 30 1
2 -30 51
2 95 91
2 -57 99
2 -28 47
2 1 31
2 -71 90
2 21 31
2 -84 41
2 88 9
2 -96 61
2 -44 36
2 -60 27
2 -49 25
2 -84 73
2 -50 60
2 -68 81
2 -8 27
2 -89 97
2 -21 96
2 44 77
2 -12 98
2 76 34
2 75 39
2 -20 65
2 71 72
2 38 53
2 -53 41
2 -94 55
2 -76 73
2 0 45
2 30 5
2 -14 1
2 14 89
2 -5 99
2 56 66
2 36 51
2 -30 55
2 -68 21
2 -24 27
2 33 22
2 0 97
2 -8 31
2 73 29
2 56 26
2 76 83
2 -24 17
2 -90 51
2 -10 86
2 -57 61
2 -64 78
2 -84 23
2 -92 57
2 96 35
2 20 60
2 95 13
2 28 21
2 16 21
2 -90 1
2 1 57
2 8 22
2 -80 1
2 -35 83
2 -30 21
2 94 95
2 -93 19
2 -72 73
2 92 20
2 83 22
2 -80 13
2 -69 36
2 -88 5
2 -80 47
2 42 15
2 -88 28
2 -4 78
2 -60 69
2 -65 5
2 52 79
2 0 91
2 -18 51
2 -56 41
2 36 36
2 16 41
2 32 35
2 -41 58
2 42 46
2 -82 82
2 72 85
2 -63 79
2 25 46
2 77 15
2 64 81
2 36 77
2 65 25
2 10 7
2 -32 53
2 34 32
2 96 97
2 94 21
2 -30 85
2 38 11
2 68 37
2 -76 31
2 -10 95
2 61 21
2 0 36
2 58 81
2 80 1
2 58 1
2 96 17
2 42 71
2 15 73
2 -10 37
2 54 51
2 0 16
2 -24 45
2 70 9
2 -22 69
2 -46 53
2 28 21
2 50 57
2 -80 51
2 26 5
2 61 1
2 2 21
2 -13 25
2 -91 29
2 -75 61
2 -20 33
2 -84 69
2 8 85
2 84 55
2 92 36
2 24 15
2 -25 56
2 -75 61
2 -1 92
2 12 26
2 -35 39
2 21 23
2 -28 41
2 69 21
2 50 57
2 -2 96
2 -60 76
2 -52 6
2 -52 14
2 81 1
2 37 4
2 -92 22
2 88 3
2 96 89
2 91 49
2 55 19
2 80 89
2 -1 35
2 12 76
2 0 85
2 1 61
2 -60 1
2 20 26
2 40 1
2 -94 21
2 84 92
2 -66 9
2 -96 24
2 70 1
2 90 37
2 -92 51
2 -69 29
2 -70 5
2 80 81
2 -28 2
2 48 41
2 88 81
2 80 87
2 10 63
2 -79 36
2 -20 39
2 -60 5
2 58 15
2 70 73
2 -45 17
2 0 41
2 -98 71
2 8 87
2 88 51
2 -5 93
2 0 17
2 -38 91
2 0 30
2 96 65
2 -4 41
2 -48 6
2 -53 82
2 -42 33
2 0 93
2 56 98
2 48 8
2 -28 61
2 92 42
2 88 31
2 60 11
2 -44 61
2 92 81
2 50 43
2 32 41
2 60 96
2 73 17
2 24 86
2 -81 73
2 98 1
2 29 17
2 -79 73
2 -74 60
2 -32 21
2 -2 69
2 -72 83
2 91 51
2 20 93
2 -65 70
2 94 73
2 -53 80
2 97 37
2 -16 35
2 -92 76
2 -26 51
2 71 51
2 -2 81
2 -40 91
2 58 70
2 74 21
2 96 31
2 -96 81
2 -3 77
2 -25 27
2 0 29
2 0 81
2 -5 20
2 -9 89
2 75 42
2 -12 21
2 -24 26
2 -48 15
2 -78 34
2 -38 13
2 88 51
2 -15 32
2 48 53
2 -40 25
2 28 59
2 -50 57
2 19 81
2 34 42
2 20 63
2 52 75
2 13 81
2 16 61
2 91 19
2 44 1
2 94 31
2 -50 98
2 72 93
2 -28 87
2 54 1
2 12 88
2 22 6
2 54 59
2 -67 69
2 -15 73
2 13 42
2 20 25
2 -27 79
2 -20 29
2 75 49
2 70 31
2 -10 3
2 60 77
2 23 55
2 86 31
2 61 36
2 86 1
2 -68 51
2 -52 21
2 -23 11
2 -47 92
2 -25 51
2 0 40
2 86 98
2 -62 23
2 -73 85
2 -56 1
2 -10 13
2 21 41
2 -92 25
2 -16 9
2 -34 81
2 -2 83
2 -82 86
2 -66 1
2 -90 97
2 78 97
2 -54 65
2 62 62
2 -9 71
2 80 100
2 0 81
2 -13 94
2 10 56
2 50 1
2 30 86
2 42 19
2 58 21
2 -74 63
2 -33 91
2 -60 77
2 60 91
2 -28 72
2 -86 92
2 -52 62
2 -46 31
2 -59 56
2 -92 21
2 -50 5
2 2 36
2 60 65
2 74 11
2 -90 26
2 -64 17
2 -80 40
2 22 64
2 0 29
2 8 56
2 -10 15
2 -35 21
2 -26 63
2 43 19
2 32 7
2 90 31
2 0 65
2 -31 71
2 -80 1
2 44 1
2 8 11
2 62 84
2 22 81
2 -8 73
2 40 19
2 86 63
2 -99 91
2 -16 92
2 -65 29
2 -6 27
2 0 1
2 70 11
2 -60 73
2 35 1
2 50 97
2 56 17
2 -32 51
2 -68 69
2 -60 45
2 0 86
2 -4 79
2 98 45
2 57 85
2 80 50
2 96 55
2 -61 59
2 -60 11
2 -92 23
2 -57 53
2 18 51
2 -28 59
2 -52 37
2 -44 46
2 68 1
2 -98 31
2 -63 15
2 96 13
2 48 69
2 25 100
2 30 53
2 -60 69
2 68 55
2 -65 25
2 -85 35
2 92 51
2 46 91
2 24 10
2 76 50
2 36 22
2 -76 1
2 0 53
2 -38 91
2 -37 81
2 -78 53
2 -64 51
2 -25 97
2 52 95
2 -12 86
2 28 31
2 42 17
2 -52 1
2 0 33
2 53 21
2 0 61
2 -80 54
2 46 1
2 64 65
2 -29 98
2 0 66
2 92 27
2 50 1
2 -69 28
2 0 17
2 38 55
2 44 1
2 44 29
2 -24 51
2 68 77
2 55 15
2 17 76
2 -56 17
2 -6 47
2 -43 81
2 -48 84
2 0 46
2 0 21
2 -51 61
2 74 71
2 -32 11
2 46 41
2 12 38
2 76 71
2 80 1
2 -65 1
2 65 77
2 70 6
2 12 88
2 64 56
2 -50 23
2 40 33
2 90 65
2 -62 61
2 -92 19
2 -16 81
2 3 70
2 27 1
2 0 53
2 -21 5
2 -24 37
2 -16 1
2 76 17
2 -35 25
2 40 21
2 0 26
2 49 81
2 0 39
2 -37 1
2 -74 8
2 -92 42
2 29 79
2 -34 41
2 -63 21
2 -83 13
2 -70 65
2 -24 97
2 44 45
2 12 81
2 72 25
2 24 36
2 68 42
2 -97 21
2 -60 21
2 85 87
2 -30 53
2 32 76
2 -48 82
2 0 83
2 75 37
2 10 18
2 -54 25
2 59 14
2 -49 95
2 -32 1
2 21 6
2 -39 57
2 -68 48
2 4 5
2 80 33
2 -20 73
2 90 1
2 0 6
2 19 73
2 60 69
2 72 97
2 -31 27
2 42 41
2 59 33
2 -4 65
2 -56 59
2 -75 41
2 74 55
2 13 76
2 -86 33
2 65 32
2 -66 1
2 2 41
2 -88 1
2 -9 69
2 -40 57
2 67 91
2 -77 33
2 -72 40
2 69 69
2 70 53
2 40 66
2 3 76
2 -85 17
2 -56 51
2 -92 49
2 0 91
2 -36 41
2 -36 99
2 -60 93
2 -5 93
2 -56 80
2 -33 11
2 88 73
2 -16 4
2 76 57
2 40 57
2 60 72
2 83 49
2 26 98
2 4 65
2 56 62
2 0 31
2 61 32
2 33 15
2 65 99
2 66 25
2 -24 73
2 4 37
2 -51 35
2 -76 43
2 82 33
2 57 5
2 -64 72
2 -68 41
2 -60 61
2 -5 42
2 5 41
2 -24 85
2 -36 12
2 74 16
2 -51 26
2 95 93
2 66 46
2 41 35
2 -51 81
2 -50 22
2 -70 32
2 -97 53
2 -56 82
2 -80 47
2 0 13
2 40 37
2 20 29
2 -85 15
2 66 57
2 0 79
2 -90 28
2 -7 9
2 -41 21
2 59 56
2 60 17
2 -80 15
2 -56 11
2 -25 31
2 96 76
2 -24 18
2 93 93
2 73 86
2 -56 73
2 24 7
2 -27 53
2 -60 69
2 70 14
2 42 25
2 -20 23
2 -26 35
2 52 65
2 50 21
2 46 43
2 30 21
2 90 97
2 -72 86
2 -72 43
2 -50 5
2 -24 95
2 84 57
2 -50 82
2 -36 26
2 -86 77
2 -7 1
2 0 77
2 48 6
2 74 60
2 24 1
2 -82 51
2 -36 35
2 -32 21
2 36 15
2 -1 11
2 86 61
2 72 9
2 13 34
2 -72 50
2 90 63
2 31 97
2 -50 48
2 3 59
2 72 5
2 -60 86
2 -42 55
2 92 7
2 0 9
2 0 41
2 18 26
2 -36 27
2 -42 99
2 78 21
2 -60 2
2 -78 73
2 96 57
2 -57 49
2 -61 1
2 12 1
2 16 24
2 50 13
2 50 63
2 -50 85
2 15 9
2 -42 6
2 24 37
2 2 24
2 -34 51
2 80 62
2 -65 77
2 85 85
2 36 83
2 -80 40
2 45 25
2 72 61
2 -20 85
2 -74 29
2 -56 46
2 -90 43
2 88 59
2 64 57
2 72 86
2 -82 7
2 93 74
2 -70 3
2 -68 35
2 -24 57
2 -38 21
2 -60 59
2 60 51
2 88 41
2 20 31
2 -60 54
2 47 74
2 6 59
2 -97 81
2 -32 33
2 48 61
2 -82 4
2 -95 1
2 88 26
2 76 37
2 -75 80
2 -70 28
2 24 31
2 -2 19
2 -56 11
2 30 13
2 0 57
2 52 38
2 95 51
2 81 85
2 -48 89
2 60 25
2 58 56
2 39 69
2 44 69
2 -20 31
2 24 26
2 92 7
2 -16 41
2 -56 86
2 -98 1
2 -48 49
2 92 82
2 66 85
2 16 96
2 6 65
2 -84 6
2 0 59
2 -40 17
2 54 70
2 75 23
2 -52 96
2 -96 65
2 40 71
2 -80 98
2 76 90
2 -35 65
2 80 48
2 -26 81
2 -48 53
2 68 77
2 -15 56
2 -22 41
2 0 31
2 2 43
2 -50 65
2 43 26
2 88 45
2 -83 93
2 96 21
2 -60 77
2 -5 77
2 -43 96
2 -44 49
2 28 53
2 41 21
2 75 81
2 52 51
2 -92 41
2 -80 51
2 -76 63
2 47 77
2 30 61
2 -62 49
2 40 75
2 -16 27
2 -28 16
2 84 73
2 69 11
2 -71 81
2 0 91
2 50 41
2 -74 51
2 -95 29
2 28 45
2 -50 65
2 0 73
2 -57 3
2 -50 74
2 -24 33
2 -24 1
2 38 17
2 98 79
2 -50 35
2 -57 51
2 -4 74
2 86 57
2 -74 44
2 88 30
2 57 33
2 -58 42
2 11 39
2 -97 47
2 -37 19
2 80 41
2 62 23
2 48 73
2 -68 1
2 -64 94
2 18 71
2 -8 78
2 -52 25
2 50 13
2 40 21
2 -73 9
2 50 100
2 52 76
2 67 61
2 -70 41
2 87 57
2 11 91
2 -95 76
2 58 94
2 40 65
2 0 21
2 -70 61
2 0 26
2 60 9
2 -11 93
2 63 29
2 -26 71
2 -85 65
2 29 83
2 68 42
2 40 41
2 0 96
2 92 75
2 -44 26
2 52 71
2 36 93
2 64 1
2 -53 1
2 -23 58
2 25 65
2 9 66
2 -88 23
2 -79 33
2 82 5
2 -67 21
2 -90 11
2 95 17
2 -45 96
2 -60 77
2 50 73
2 15 61
2 86 9
2 -90 43
2 76 36
2 90 51
2 44 85
2 44 48
2 -3 9
2 50 92
2 12 69
2 39 41
2 16 25
2 -72 25
2 36 26
2 -72 45
2 -21 45
2 -20 1
2 -30 35
2 84 42
2 74 26
2 -20 83
2 0 1
2 -72 66
2 16 85
2 52 86
2 -40 39
2 0 25
2 90 23
2 0 47
2 52 7
2 28 25
2 -45 84
2 78 78
2 -62 51
2 16 82
2 -72 85
2 -6 26
2 -50 1
2 3 51
2 42 73
2 -16 80
2 -20 61
2 -42 76
2 -36 8
2 35 59
2 -44 81
2 96 61
2 90 46
2 93 75
2 30 33
2 90 97
2 -35 65
2 -44 21
2 -81 63
2 0 77
2 42 84
2 -22 13
2 89 54
2 -64 85
2 15 17
2 12 49
2 -50 18
2 88 63
2 36 44
2 -76 21
2 97 49
2 0 75
2 -32 93
2 93 5
2 12 41
2 -55 81
2 32 21
2 -89 16
2 -84 51
2 4 6
2 86 100
2 17 91
2 12 71
2 -64 91
2 -95 23
2 -48 11
2 36 87
2 -3 9
2 -25 61
2 -77 51
2 -87 25
2 -10 41
2 42 96
2 -12 17
2 -78 59
2 47 55
2 64 33
2 30 16
2 55 78
2 -86 1
2 -43 31
2 66 69
2 -48 91
2 -99 13
2 -22 1
2 60 46
2 36 92
2 -6 91
2 -60 61
2 -10 29
2 -24 79
2 55 35
2 31 91
2 4 52
2 -84 23
2 40 17
2 20 36
2 96 41
2 -20 59
2 -49 21
2 -94 33
2 60 31
2 -30 35
2 88 4
2 -80 71
2 75 98
2 -25 67
2 -14 89
2 -72 5
2 72 68
2 0 49
2 -50 31
2 6 51
2 -43 63
2 0 87
2 -71 1
2 -40 61
2 16 93
2 -25 74
2 34 53
2 39 51
2 -8 44
2 -71 18
2 -95 85
2 76 9
2 80 81
2 0 93
2 14 21
2 66 66
2 -45 19
2 36 89
2 32 33
2 80 55
2 -80 9
2 24 99
2 -44 16
2 -40 93
2 25 89
2 -21 92
2 -44 51
2 98 51
2 -80 51
2 14 71
2 -60 31
2 -76 23
2 60 91
2 40 96
2 -72 38
2 52 97
2 48 9
2 36 29
2 -17 95
2 12 63
2 -67 83
2 84 29
2 -20 74
2 36 23
2 -58 65
2 -31 55
2 -10 72
2 -70 65
2 40 44
2 -98 85
2 -50 23
2 -25 17
2 92 47
2 44 33
2 -44 60
2 -8 37
2 24 21
2 -8 13
2 55 83
2 92 91
2 -92 38
2 -16 26
2 80 80
2 -38 49
2 -72 21
2 9 37
2 -40 21
2 87 89
2 41 78
2 -40 49
2 98 49
2 12 25
2 -92 49
2 0 34
2 63 46
2 -68 41
2 60 32
2 -79 61
2 -63 31
2 32 21
2 -20 31
2 45 22
2 53 21
2 -26 41
2 50 1
2 88 61
2 -90 17
2 -24 65
2 -89 32
2 27 61
2 31 69
2 27 21
2 30 49
2 89 66
2 -65 37
2 -40 40
2 40 33
2 -3 51
2 -70 56
2 64 59
2 -50 42
2 10 69
2 -16 8
2 -10 80
2 0 37
2 -40 82
2 84 73
2 8 96
2 -60 21
2 17 9
2 -20 100
2 76 97
2 16 53
2 -40 61
2 10 15
2 -52 51
2 59 18
2 17 29
2 50 40
2 85 57
2 -87 13
2 -40 16
2 6 69
2 35 85
2 1 63
2 -66 93
2 -20 67
2 66 65
2 -43 72
2 -55 69
2 -25 9
2 56 49
2 36 7
2 -32 2
2 -88 59
2 55 2
2 43 12
2 -70 12
2 -53 60
2 31 71
2 51 71
2 0 2
2 -48 61
2 70 87
2 -27 41
2 89 30
2 -44 70
2 16 43
2 5 41
2 94 42
2 -40 21
2 76 81
2 -62 6
2 -18 24
2 -10 33
2 -86 77
2 -72 25
2 -90 71
2 -60 80
2 84 3
2 -85 77
2 96 81
2 14 1
2 0 73
2 32 43
2 75 81
2 -50 81
2 38 17
2 -75 49
2 77 29
2 -7 59
2 72 40
2 98 62
2 -95 11
2 -76 100
2 -59 26
2 74 77
2 -62 94
2 -81 100
2 -57 33
2 -70 45
2 -24 97
2 -80 65
2 21 37
2 30 92
2 -96 95
2 -10 31
2 28 76
2 -18 80
2 36 29
2 31 90
2 16 9
2 -54 54
2 98 53
2 -80 93
2 56 93
2 9 11
2 0 87
2 -80 21
2 -4 9
2 82 15
2 -90 69
2 86 94
2 40 54
2 60 86
2 92 93
2 8 87
2 74 68
2 12 37
2 33 84
2 -96 24
2 36 17
2 99 92
2 -58 99
2 20 55
2 -55 9
2 42 70
2 -28 73
2 75 73
2 8 39
2 4 45
2 -84 73
2 -50 85
2 -84 49
2 52 89
2 9 32
2 30 51
2 3 79
2 20 1
2 77 53
2 -17 96
2 93 56
2 -80 57
2 58 33
2 60 64
2 -32 86
2 -67 91
2 -43 76
2 -78 89
2 33 61
2 30 85
2 5 81
2 -44 51
2 22 83
2 -96 87
2 -58 23
2 30 98
2 -40 49
2 98 85
2 17 19
2 -24 95
2 45 37
2 70 47
2 -60 52
2 -6 11
2 68 91
2 91 36
2 81 17
2 -4 74
2 56 46
2 28 61
2 6 23
2 0 29
2 4 8
2 -28 7
2 24 61
2 -30 18
2 -56 70
2 -5 16
2 -72 1
2 1 51
2 -75 65
2 -32 66
2 -56 11
2 -30 35
