10
  46
  16
543513
624421
  35
  53
  26
  12
  44
  26
165235
414122
  53
  35
  61
  36
  51
  54
331623
124545
  36
  61
  26
  42
  52
  51
443265
312616
  54
  23
  64
  13
  32
  34
145165
421321
  65
  54
  63
  26
  65
  52
413634
524653
  14
  61
  32
  21
  63
  21
454266
135153
  43
  21
  56
  24
  65
  43
313126
623514
  62
  45
  51
  42
  54
  11
352651
441522
  63
  63
  34
  62
  61
  32
264516
432434
  55
  11
  65
  32
  22
  24
665534
353344
  61
  12
  65
  11
  63
  44
165522
365212
  33
  11
  64
  45
  15
  56
314414
236163
  23
  65
  42
  52
  66
  22
334412
654233
  16
  55
  14
  51
  43
  42
163435
646511
  16
  32
  55
  22
  64
  65
321126
535513
  44
  32
  26
  41
  14
  12
623165
234451
  26
  43
  65
  53
  26
  64
523314
536521
  41
  13
  42
  65
  25
  61
424362
462131
  35
  64
  15
  53
  56
  34
214625
361653
  41
  25
  41
  32