15996077784078518
144115188075855872
4950801067324723
-1
288230376151711744
4
4
-1
4
11657233328271104
288230376151711744
72057594037927936
8
576460752303423488
18014398509481984
4
4
576460752303423488
97210438646759424
4
36591746972385280
-1
2
-1
4
4
2
8
10
4
144115188075855872
4
8
4
288230376151711744
4
144115188075855872
288230376151711744
144115188075855872
-1
288230376151711744
576460752303423488
2
4
576460752303423488
9007199254740992
19885730016325611
288230376151711744
14
576460752303423488
2
19843985858101248
576460752303423488
36028797018963968
-1
8
144115188075855872
3792584605012200
288230376151711744
25793737856778240
-1
8
-1
26188839945477646
72057594037927936
1
144115188075855872
8
576460752303423488
144115188075855872
2
64118511127286318
8
72057594037927936
72057594037927936
143844111638062998
3
576460752303423488
576460752303423488
42924933948375040
4
11
4
288230376151711744
8
21762895641575424
144115188075855872
288230376151711744
-1
4
2
4740372584464384
4
2
4
576460752303423488
576460752303423488
8
288230376151711744
72057594037927936
144115188075855872
2
576460752303423488
4
288230376151711744
288230376151711744
7
72057594037927936
4503599627370496
-1
18014398509481984
288230376151711744
2
-1
4
72057594037927936
4
576460752303423488
8
288230376151711744
4
288230376151711744
288230376151711744
288230376151711744
288230376151711744
288230376151711744
100721123439673344
102492075894767616
72057594037927936
288230376151711744
2
4
8
288230376151711744
288230376151711744
144115188075855872
72057594037927936
68271517056676919
2
8
288230376151711744
144115188075855872
8
288230376151711744
4
144115188075855872
288230376151711744
144115188075855872
8
144115188075855872
72057594037927936
-1
1
-1
4
144115188075855872
4
51791395714760704
2
288230376151711744
41914468229247258
288230376151711744
7
6
1
72057594037927936
-1
-1
288230376151711744
14
39497661386457088
38007624797043969
-1
2
4
2
39391513747740691
26599385299156992
2
72057594037927936
18014398509481984
72057594037927936
8
4
2
1
576460752303423488
95800907145029676
23776460236093956
576460752303423488
4
288230376151711744
9007199254740992
1
11
4
2
-1
144115188075855872
2
288230376151711744
4
8
-1
2
576460752303423488
288230376151711744
8
2
2
-1
19639292202933019
4
-1
4
4
4
-1
3
-1
72057594037927936
8
4
58265320179105792
1
576460752303423488
144115188075855872
144115188075855872
-1
18014398509481984
-1
-1
288230376151711744
-1
4
1
7
8
23987476280572291
288230376151711744
144115188075855872
288230376151711744
18404476836957510
8
36028797018963968
288230376151711744
288230376151711744
4
3
288230376151711744
288230376151711744
2
274850440637058080
288230376151711744
144115188075855872
288230376151711744
12
-1
4
-1
4
-1
1
576460752303423488
144115188075855872
576460752303423488
49593747182122061
4634778926870748
72057594037927936
8
4
8
-1
288230376151711744
288230376151711744
-1
36028797018963968
6
83486098285658112
3
1
18014398509481984
72057594037927936
2
22278304601997312
72057594037927936
17153286085935104
576460752303423488
8
8
4
-1
8
-1
4
4
72057594037927936
2
72057594037927936
8
-1
8
-1
57420895248973824
8
288230376151711744
9
144115188075855872
18014398509481984
8
144115188075855872
576460752303423488
23506709057241088
18014398509481984
4
-1
72057594037927936
576460752303423488
2
8
-1
576460752303423488
17549871177153281
288230376151711744
144115188075855872
25431945081736780
576460752303423488
-1
576460752303423488
4545671248762020
288230376151711744
8
4
4
2
144115188075855872
288230376151711744
72057594037927936
8
576460752303423488
8
4
-1
-1
3
288230376151711744
576460752303423488
2
4
2
-1
8
576460752303423488
4
72057594037927936
8
4
576460752303423488
109108469753008483
4
2
-1
9
144115188075855872
-1
4
72057594037927936
576460752303423488
576460752303423488
4
-1
4
288230376151711744
8
4
8
72057594037927936
8
4
8
72057594037927936
-1
288230376151711744
4
2
4
144115188075855872
4
8
576460752303423488
4
4
576460752303423488
144115188075855872
4
288230376151711744
2
288230376151711744
4
4
4
2
72057594037927936
2
-1
162129586585337856
288230376151711744
576460752303423488
288230376151711744
288230376151711744
144115188075855872
36028797018963968
6
144115188075855872
576460752303423488
288230376151711744
-1
-1
288230376151711744
-1
576460752303423488
7
288230376151711744
288230376151711744
144115188075855872
4
-1
72057594037927936
8
4
576460752303423488
4
96235761822451356
4
4
143207947715268722
288230376151711744
288230376151711744
576460752303423488
8
576460752303423488
72057594037927936
8
216172782113783808
36130226966626304
4
8
8
48425928640912837
16358935194887448
4
144115188075855872
144115188075855872
8
36028797018963968
7
144115188075855872
288230376151711744
576460752303423488
576460752303423488
2
4503599627370496
13963713583014633
4
288230376151711744
-1
576460752303423488
-1
4
14
2285721465389056
144115188075855872
8
2
5
-1
8
576460752303423488
8
576460752303423488
2
288230376151711744
576460752303423488
8
-1
576460752303423488
144115188075855872
144115188075855872
36028797018963968
8
288230376151711744
8
8
3
51369183249694720
144115188075855872
4
576460752303423488
4
8
