500
22 351913711249727383 7
123421337175295616 1091007719442371292 173100285745764496
20 99016021346494441 9
181163476221016432 51911612152623670 794058438260621426
668757030642120164 496535804032155369 345783457115561109
386994806455608772 1020865911011304879 7
891859415627997241 1075921931541579787 7
284220439310363948 634962421776401408 9
861799816388494932 25835044040950746 4
25 283541594513317330 4
199921669170579921 1145290151257809056 322404825608781964
169746613560250489 1104909048313484818 76289840132971416
162857198624061970 499113888222822900 10
18 965440172317292031 762561201836157599
25824143758039025 117022622711202763 25976217120233705
204722229798902923 673260568358903075 5
315640075788189530 212254769748723968 6
979699726554091880 1055658569749133517 610236790034605803
9 872385803011081192 98838120322974538
905676713240894862 559929776520403624 6
5 146788104093106823 3
681647167937708892 872136934511187997 662236161407394146
828613989537144640 1114367361064642281 1
351475557079198540 607280836760928670 433447105827775553
177633117737735671 581781499029782164 4
935279491304242339 1040741939020538367 7
829428008693273475 531097676646759392 2
779655226290563603 270914285947455716 8
113769285167193071 1136502087228070273 3
523281319827690079 74162624352694867 5
1066966171210394693 368033708102751438 283454269380592454
659803008281834595 852175108600382749 5
377038899712707020 162793030498188848 10
867306957999097174 1012746084380368781 5
1025487408875722706 980238265034958875 317753913535859185
693836395932161913 982531236756340515 7
847125488201902252 841032463641395486 212831922940295300
843432606044996865 619040399630448671 314373262505712763
51150031544081059 456039752931911843 235698588164908137
511531463105240680 139004982330908769 6
863044478585054251 782069991247702887 449786629965015087
9 942387947017765978 763064818170478140
1034710667588026962 203771913283890066 2
400437529222258079 422724571414145073 7
9821335218763444 1141930449206422854 737766360992967986
1062508602355190252 578965101897193313 15586808896963745
30 596571900489768301 9
852372022968630844 962405871236619932 474309540151728264
87323106190615708 1144343454643400019 5
434399654710883737 946372231413776815 608894398183481349
908400866650909303 245429771952729017 3
13 239179142803531361 9
135119393222925117 1107964389495246889 851478120933416339
180841684396073009 204648046528753191 48196593331158853
787865718154566532 149341582742997798 429399214119367325
635007365140269967 796932788511291622 10
817481182352515778 949650671298120101 207228704709536727
29 107645258625492365 5
546204848218627389 600391642898421644 549575001313350366
19 467152965053195644 4
995048169572711152 928918341893294799 178145544803136098
711114021796753242 639473966495187480 8
373449615555368650 214104155176213160 249031083673347690
28 733287518473374072 2
29 584188572783634019 124362081607364935
374553779191597364 29696295161120911 1
591708839773975850 516455965334013843 160678167719327627
738722523342265155 240917146768480974 10
591839340046883071 666254112638434131 632229363337897601
243845343899792344 355712002163212763 185941465677000873
299332079672032690 524743732094435691 1
16 1025896178036581078 10
380653325678852647 559935211830592878 10
101471821944960708 178731844745254508 137115602698329008
1070618963225770126 1108199094546746135 98727284222469557
4 575376446552251989 5
377059772831227324 841069922702725525 1
458553462389811613 1117915911220144227 896391074034474169
23 850325749533631913 604694038099557973
17 691178387521375444 6
876901980265767832 106186108117714483 7
57685534397379538 578208568093576534 8
1027784498256456371 915970089904566803 5
868129251487707884 1109261611222209575 352671390969346387
308054968039674472 806351585358065442 10
15 306607563538935714 2
293800493731560444 1013474655169872176 280184607000221072
146378748551198675 1147483995561471237 444898210836426665
177628574906731127 268526207963812882 9
636850929746158967 1057480404774872037 7
947376337581993323 755495319302037127 3
19 85436994613232666 6
843949741591714257 141496983600827211 7
558748862578973888 855916077260745279 1
1104370207178068765 275158910933023998 6
14 811241154275140745 689816081432270565
26 1115294301618310689 913767115957161971
791114360536363889 189904138183337556 8
15 831197091405616565 488726025798130665
754384510311636450 757046328507125514 138348372329752192
4 303545080926062812 246150123182091928
1089532619676673810 670033983847163527 3
989278964044632523 920075266248870686 733596320387605532
1143260365293593498 1079923021951877099 7
785873556922174648 575405138039129179 531372204953853611
1087421838076390265 876004432998008003 509138355874070383
73015351939573649 468777149198149533 5
739563614673659972 805288858179450395 141623211368319247
192028530831016063 130212179290909118 4786645301826884
342744974467261377 1141363287693416269 4
577862657647325874 441734486929165778 23138490965571756
638652046556936371 1101516324915923293 428330239245603375
656998033353001383 461613734518276400 2
1040298546494320328 214310680166826738 232234328433789712
392172184181632622 1113621530019279704 4
18 485911665547045902 73952880356024536
855014981949180342 614838911804701297 7
1135489696268164253 890318644651266540 751149156272714314
376613363190263344 607714824313103682 10
871643535091001355 1099936150329037912 348143551627813834
810592457531658386 620456142988076871 7
263511422927137538 537265257196132466 499388885417135124
401919786181762248 1015851493800325202 416592289124004944
158136472194171221 854307216401043733 355406001097337609
823696640946572640 857298164869528074 552936738725120016
449814640039931262 982499691446442069 528014051953139907
11 1068350354421896884 46332221544631570
7 628340622086173325 7
792992211802982091 684414517691121729 109577041298449641
328385497828281706 450321128110076967 341522035077755361
730284902042421173 762933519201021413 3
604100467219180793 803269825805267106 4
642564953640592420 576971254948000634 10
25249866162259834 435044391096697019 388996436310518519
968116057712633379 930548038961129288 425446364214485678
831124410578312375 859612760831652760 164256366598769662
416937322037281517 504664930973765089 95657420298070643
16 1092344272906830700 4
713824835045272618 984678833993472893 1
1023055655515101468 685114520444019600 8
759578112654236188 916635863646619055 374644957075505363
337236608448722470 1087866701370267020 222113930192656578
97221209906528352 341754771203323812 8
94359658129522678 942041679062270748 339359122897260738
353718129808976405 944090233941538797 7
878198039563210791 324791206909664491 246469210982208607
336798819284406886 1103659337240945526 400088366329023424
449495342222135510 1049264832940914342 185807051766536510
603628336406579256 274532585719685172 10
592511970839333023 288812466208256787 153962527693183325
258900541833292366 331232997348334212 112731420610691688
2 252125235555941310 6
1029876926300747340 474661647726207803 1
512604561441652497 675515588144202765 2
769808350864198215 904724531351562069 5
758620885646486022 524468306847436273 198577520493672653
518219467300954999 1081050138669535746 6
7 315673074873649634 6
1114011010742621098 497179963759121927 3
1012448051661237919 743732710772204359 557674916985747603
14 586802555209461599 3
572452918433038647 885876432983071742 467681390407198016
143219403386644295 917102186621280667 3
181778652368152611 1044319992494673963 5
341760026370948211 260589420012478017 1
1142991440993499834 1011656961307146081 139148012165952163
571529543827995179 651694800986672360 672147487349843340
3 9164819254742487 1049648927400751623
386380390362242771 529016248080899205 295035662351705803
21099966811644588 289433993577606961 7
25 950115121410435809 3
18 684137246346791421 5
371628078592580443 357806098839904114 3
335601711715284394 37346896512614999 3
792747386202283861 409457554620406438 6
952743784745874224 508189249586674840 2
29 1105334340729819236 8
27 693418387175876501 1
173606148277892002 271245946846884059 3
826837992834484705 537970459560225158 127468376933322714
468673667042331274 502449144186928545 21594489144301419
464565707739970587 712320484994655975 140851472420360211
723072298351156276 1009144049284912649 9
607564185304473479 818070271183122976 6
628240487333284520 749112357155465608 2
1044604073410355980 694503791711299529 1
29 814095406919938495 606547626459293533
10 958009071450296746 8
22 523082125194067016 6
20 954150686711630334 686102342156983326
433526611239682995 25571033796513526 6
716541287647679882 1006282462031276628 511002368077780672
1115301739896241951 101533641789246942 13726902912964818
966019731341336772 624442574827079459 1
106257393928607097 1149682707802094979 3
171629139784600309 353838504315078273 7
935098631190787425 923354611026326600 2
1075098105038126002 140985518125873491 8
667934439983992907 993203051745217837 147698328232457359
711208062070037407 777423129097586695 1
572019498021413302 1030244246088356047 363337723793892163
338874378783430327 107989591790425466 4
860685833485606107 1067918319598004884 10
1041071317370284557 1064517372212022433 4
396281903120828991 11826699713219087 3
305559733559754625 1143950427433121991 1087687400368159657
21 676155729065869754 522629027728226996
475533351423703655 450730398079716432 10
554329184373613058 76541800624962090 2
947401917492488366 1026540153026513367 3
27 714774246280921680 9980416834294367
28 549900181682124500 10
261576146732757604 782715566873862309 5
353381687129182320 343080856929707155 6
192924414870656876 19688016367942764 6
354384232506665097 959944502657564156 6
906565123012905767 209695340623970061 5
2 797681927469138822 746737669508330148
301069753788748507 657066210158542363 1
13 837733360424940862 1126144825539871835
282967948367405499 349629881241580317 103089466491660523
800610981856883615 601115718350584829 9
919487759438706919 574823998310144322 6
17 960785822458319713 3
411070216988684866 6344526433700671 1
688183930700881927 1145078825298606634 919191297195088388
247707559433989926 390893672545459804 153308810503761400
1042840301378253794 668404050192492596 216644924460443798
671721032963411250 77428435849470757 414144012830601180
1037032828627577866 747580910962699853 21317054133496335
17 533427049840548606 283759178958689969
701224579297129519 181038538939444732 246702031853041020
324357290541377592 1108294892767272956 498822634408777868
794750921526085950 390138329536546206 450359661598791676
560242916582307616 719975047611522657 5
1075657798395270054 363369744741782219 1
26298041517080284 183537261051702023 1
316601005740668322 455997025834524095 9
26 623674383294879530 8
594946944567411075 1110360364840349327 506507883285810329
274908125774899818 805819809292328603 225393471425634625
1022095753640486514 1113419369634545844 303422591932197216
29 515735875662725293 1
519225649430188741 969429499881181368 10
50961529688910648 476933341950674982 63288374693725552
1017686977287825974 1046825162551860172 359608791303372990
719002581846148111 707905312051790551 571964530828728015
557448726905703549 593024489437496816 6
272410910780049196 744163553402224851 3
14 673787350705535140 379704098216409454
29 858458114830683390 494474657652426322
951365364057863726 388226215049559094 2
3 774467651789179746 277383760882437152
242939706802298291 818302814424826841 403903515254428875
846378828800682804 335569438289856818 147442090264840454
27 816763224667471455 489961030139472469
50835397465729044 605711567238720508 8
450612694202568340 1102749865398014352 3
116285184385359983 159616068633578944 4
1088620921268598994 232667243030690167 10
341476687360274239 250370352217480168 6
647221427985161061 113113172229152547 1094127175931117722
1124460470122048846 80302424679413877 1
785978419425621246 904407549499836015 630815024614231541
253389219110278563 741965207909925655 201418171375060959
583224695764018118 1072666277013443919 970609218082586639
12 595124966185464719 5
30 139043367806122403 9
273286815101747174 702927974984109270 129426104759497916
924739749866684525 964070693892540264 10
1050052502314936482 892195897426040590 6
530214275940634008 773432055548148093 9
212460397518393240 403849002844625406 3
7 704138889977547204 299431194234632832
309512761928874878 755867837885962930 437761515466413224
10 327908320241614677 762947175523296816
26 393526774775337847 41775733524053303
140397429948365094 713347669935305402 2
13 1015241933788633866 6
160935313708968779 419319053378172385 3
489231356253926685 53243432077270163 1
846527460101410212 862681128251316067 31760863202555455
259542613901264234 543139689197435308 122450199173026636
404373421506229568 10115567568997240 2
29 624809727745494495 1
239238288025935016 147482597737433608 72089281290055054
23 380883895828640880 10
748417941432757914 1058379297999796437 753088161589216459
908774141636453820 650182480934602564 10
926609347752130212 601843955116825408 10
750715895041148203 395248157337451840 6
1090554614165835537 376309044957877490 9
476447712753943816 201395760320405635 9
238249459857774765 65428714011245286 1095597267717687527
243027117237163046 46726674306282708 6
303184853179365088 696146201665841713 5
285367865358841447 938526325347945574 117854822484188044
806935082050516368 86241791489055202 2
504198463034256036 960262948383699481 132195217147967479
1069285886313698826 32431623484760183 9
5 454531269331445760 9
558217798916375041 475430836254127852 8
357106898252880140 80787841300496664 866883044018797599
15 833351394857650510 6
585290056640108389 735939794754463653 9
898448827516459760 1021067652182270785 363358608900289257
114862768655315512 978357423558147135 9
501676006695017574 429059100203853039 259370407855336997
1002612837743332890 438602982432009929 18477070806237367
1114450833881210289 1035425266770251972 8
1033502821208307555 619778000137421340 279609367973099052
781783544349036412 1030664063276131078 1001952282263450370
19 430426717608528744 10
700522346841105908 697625973161000269 31752074490646663
917917288694026514 902769326818938582 6
640457986187351479 1007057180101623748 1045041545675125788
145558527816527742 374535375883895886 93738829228472224
280329094216903071 1067243503462405306 858347539767010406
886859707472972283 854477610366067074 2
32645658842630799 102534517902154056 10
129803043603231270 310069541286216818 178908626715657143
392849807590072787 824173884888907370 650728265074935844
28 491396392960291841 7
11 1150895371445670904 394074649075294218
1071807650730395394 668452443217892099 265622731774909261
25 614490188968810886 4
1065922455079348811 986734170969696154 670574896294185582
17 276379118947669163 826871990390429958
818615741672662909 972459897019895455 943028202733914373
30 136370137462860595 1
21009498658020179 579045956830385628 545286672813087336
810039630133488454 932289176474639457 9
247690686200427471 584496270414412491 5
1043883798555793731 587959313387924174 6
678739005117616626 973305875323225293 3
1077240159180295115 1099828873410718833 188683915486918583
247964264281955070 947826864804870093 330449006861104561
28 1112380865112180671 84413723023389785
514580065701303045 690235057299136901 9
745886991896963416 1059864486132108034 611437126779860674
690587323445291579 686920909708115723 9
306234829186007466 900838163269798117 5
2 221730697432870751 9
449505348823880594 1019234179035663721 8
230593677700028581 539304768118962090 2
8 592020346028533416 301086086182106600
29 1121282600738491631 1053988731834036515
575610888190280453 877383666897064754 2
763243975353089571 36692303814025310 6
800419673248491951 771480217458706813 3
298350674248688831 565969637454900739 6
349981401580504763 933763920428582840 8
567591893468823968 967533168714185689 748179876141767651
968326477427890476 543233817854337475 5
710200917364500891 555508308491012196 123245507723092928
732484517456729838 781121489008000040 10
966483341168501130 1014005633815522242 6
823390149730966405 1133935361417629160 636179790560880846
10 1091084697530084821 1
582118339328324285 277749897906939049 5
415799339036581937 571899384752420357 3
30 114922126548429101 333438382002782282
72182921544489054 635936673490095060 10
243909118217707044 253511602465712301 161848430494139845
756141285051256819 538390200687003584 204696917119462263
205198939825560458 225956465819933702 4
70733693815862001 1007740952501293765 137404127605168121
21 1140077623689473413 650981963551287971
948995390065728072 1136617319137802532 761370392259561314
629041643426600778 598293108450971578 4
21483456922142274 8563145776170011 4
512125577311253610 355410695782375363 5
22 751700498279914933 445432318418796913
159520828338069177 910651927809559824 8
241539452647210086 965952182984127661 7
954703865060502266 462799739577047376 8
469370166992039269 1020037436582574750 126025668852402392
395857755295455863 1103747742314951392 8
1060581041555691831 1141206308457740379 5
765647561634017160 583008659193690854 10
7189444622380352 1034194517369289494 82746642946791660
526484342516922570 1085217021930329504 791238810495321917
195059505066080151 625191727891779705 454235559375327095
883721431503954547 498758811292382833 5
427387931854071984 734837293063432469 1
319862158580067866 51648527451047564 4
471670818635301488 234385008369188152 194732321967536214
942542758694494321 384461679775016273 5
1086742733459107293 835749915951070109 9
24 969163365822884264 804662829243665792
846411600347062190 794535732459753571 7
756543248927909452 873208179530586464 6
431356151546083759 1055453791282703798 934114892011661028
1002613730982871410 893640793219592150 170418170842332666
503182345493893562 659577253127601721 5
263760327226182549 648983852232113165 291870665245993237
253223318968486962 435600168921823405 1
1040739993466870704 951823199663237834 557577512010387804
259679289090959380 695559669407995368 4
551112820394495979 78842927585931580 4
425333871456541497 3954786167007999 5
636905954970677428 924915767141039460 2
888537876349284476 867696287135846299 104106905109324935
1037230407105830922 869143011997470535 3
19 1144782383627918527 4
5 684224499432261647 5
19 745355415642602460 487021124677926842
29 749514871091601953 599033050301861859
249233647838247043 835997967547226679 516473544448909969
30 601030497298815930 471432502132446766
1117948381145036240 913449721003939583 268459091623901235
228001862256963285 778242175960565103 49153277189476003
214921307646356534 1084348162473317391 1
320462608194669064 1110886942654424507 206803469421995175
16 619810940991286008 609188984196442120
148253028509582450 582015105047005509 335367271024459651
293290440779702710 465404208425650183 817625979616424365
422998733277072117 933709723991658821 10
516965131158788984 587563817032541666 442114243384881934
2 1110058125357683921 648965992732121139
1062401788818016868 780487485962423152 748383223223146206
152480599212094476 1040550583434709507 3
428117428367884231 704967154930800543 406461028885400491
1053007119288480222 645280152407097592 475322412118216052
695879820466865441 686926367621064356 239082511978262306
277041729275258527 345537517425279350 6
8 112492550029249684 667537968569669431
804325645164816690 164462298665672417 88881658950503395
1120822841301170072 156906368775200297 9
973778225693134311 346743796126563603 5
558099401761526624 876978249009158920 693290943923423226
665822402108271616 283328020083567614 6
8 769886094579610843 7
974842338700274363 678756494776318534 4
410204830172087724 306085209866706641 5
6 859247686291612326 2
979758763741191152 798338993145082941 531428289595154669
740689861375755965 1027616767739125594 370877007431592518
513144261114508508 798637995314976076 623947659682050562
677250252559733287 750700661378884909 9
164884797585341422 1015288234635633093 633494170489515525
1027680762652680380 456264254458688235 85164245530521503
135836337027661266 608759351590234407 9
5 893475059406172777 5
19 650431464434952417 7
237382301494936501 756384267458041773 3
666371690891548080 65978910100072672 8
872883450904631094 942109368349012644 8
14 677963000972779709 3
12 196307222338649348 8
901364749587225750 85604775373504468 6
793413349271583199 541502659141067997 238702252698315307
1062615904461861288 358357961692201207 218073938666980459
675418272325177887 915057818703031622 10
23 560271155869704910 54295068965609776
69851824705387707 427665183664632091 7
1065431152934306969 503642615181541617 229175673008545197
880476467262153926 776234284074986326 450966623467354854
40310836874074895 750630151003380335 735747436091761643
1018798451419915121 1125997442134346815 1018986458835258609
1092310110201149091 1115011553521490337 1
831000241024075582 537206192561850492 8191770966288896
6 83782281498087786 8
564126274386691028 779529299928161894 4
655562497190199124 1126471128324245809 350805526116035641
45380586385395739 14314974141720504 1078830321749996468
1137682065783658630 710559508365408278 614154220677004428
94738325872182655 188638833837722859 657819681116157763
721285814818962541 258177533233683342 6
6909497568874676 95061182850453282 8
23 50291310858464001 9
474322280845987872 686918646714315242 179406093268648908
1137281358728875944 209603035460136920 8
303381835772159612 514582822136737145 1
111547085050739131 469620394954604543 5
12 783255093631086855 1054428434309039647
975933491235328766 256746077554314181 9
46497573513961387 1079233313837040684 812597451504351810
139214174701962408 816568110306561854 8
278732979685679745 808316217445195688 640038185789834270
306695104173982511 72711200027924520 2
26 382734425238558778 316549980037371106
13 1045049114088220924 999351533214761506
1002968076061286681 120549610388636656 10
22 386855659176978656 156860424149771625
405751056686944979 1127096111722846239 755412051752702677
672157522846060102 737991994388465929 171291709770337649
216085264991305788 864192266290315592 147565574416024394
486579633134110392 928080503725406426 46035333064161020
1043740087888205906 999972414351705202 10
1069682523188548783 640919973518262181 573192279792638641
749310484669002723 91259057434470418 10
308642011413068025 1116821849772277325 9
341204730767426317 719260773620683785 1
7 314641566452575642 2
134745742422857132 856217867926998327 161077279922661789
1070953411891364611 887202230491391531 7
393531627081968002 1001020082198322850 632079842384749640
935663271070397153 43859994822291735 5
996631715266117500 966358138175920422 10
