75 11
1 1 1 1 1 1 1 1 1 1 1 
0 0 1 0 0 1 0 0 1 1 0 
0 1 1 0 0 0 1 0 0 1 1 
0 1 0 0 0 0 1 0 0 0 1 
0 0 0 1 0 0 1 0 1 0 1 
0 1 0 0 0 0 0 1 0 0 1 
0 0 0 1 1 1 0 1 0 1 0 
0 1 0 1 1 1 0 0 0 0 1 
0 1 0 0 1 0 1 1 1 0 1 
0 0 0 0 1 1 0 0 0 0 0 
0 1 0 0 0 1 1 0 1 0 1 
0 1 0 1 0 1 0 0 1 1 0 
0 0 0 1 0 0 0 0 0 0 1 
0 0 1 0 0 1 1 1 0 1 0 
0 1 0 0 1 0 0 0 1 1 0 
0 1 0 1 0 0 1 0 1 0 1 
0 1 1 1 1 1 0 0 0 0 1 
0 1 1 1 1 0 1 1 1 1 0 
0 1 1 1 1 0 1 1 1 0 0 
0 0 0 1 0 0 1 1 1 1 0 
0 0 1 0 0 1 0 1 0 1 1 
0 1 1 0 1 1 0 0 1 0 1 
0 1 0 1 0 1 1 1 0 0 0 
0 0 1 1 0 1 1 0 1 1 0 
0 0 0 0 0 1 0 0 1 1 1 
0 0 0 0 1 1 1 1 1 0 0 
0 0 1 1 1 0 0 1 0 0 1 
0 1 0 1 1 1 1 1 0 1 0 
0 1 0 0 0 0 0 0 1 0 0 
0 0 1 1 0 1 1 0 0 0 1 
0 1 0 0 1 0 0 1 1 0 1 
0 1 1 0 0 0 1 0 0 0 0 
0 1 1 0 0 0 0 1 0 1 0 
0 0 1 0 0 0 1 1 0 0 0 
0 0 0 1 0 1 1 0 0 1 1 
0 0 1 1 1 0 0 0 0 1 0 
0 1 0 1 0 1 0 1 1 1 0 
0 0 1 0 0 0 1 1 0 1 0 
0 0 1 1 1 1 1 0 1 1 0 
0 1 1 1 0 0 1 1 1 0 1 
0 1 1 1 1 1 1 1 1 0 0 
0 0 1 1 1 1 0 0 0 1 0 
0 0 0 0 0 0 0 0 0 1 1 
0 0 1 0 0 0 0 1 0 0 0 
0 1 1 1 1 1 0 1 1 1 1 
0 0 1 0 1 0 1 0 0 1 1 
0 0 0 1 0 0 0 0 0 0 1 
0 0 0 1 1 0 1 0 0 0 1 
0 0 0 1 0 1 0 0 1 1 1 
0 0 1 1 1 1 1 1 0 0 0 
0 1 0 1 0 0 1 0 0 0 1 
0 0 0 1 0 0 0 1 1 1 1 
0 0 1 1 1 1 1 1 0 1 0 
0 0 0 1 1 1 1 0 0 1 0 
0 0 1 1 0 1 1 1 0 0 0 
0 1 0 0 1 0 0 1 0 0 1 
0 1 0 0 0 0 0 1 1 1 0 
0 0 1 1 1 1 0 1 0 0 0 
0 1 0 0 1 1 0 1 0 1 1 
0 0 1 0 1 1 0 0 1 0 1 
0 0 1 0 0 1 0 1 0 1 1 
0 1 0 1 0 1 1 1 0 0 1 
0 1 0 1 1 0 0 1 0 0 1 
0 0 1 0 0 1 1 0 1 0 0 
0 1 0 1 1 0 0 0 1 1 1 
0 1 1 0 1 0 1 0 1 1 0 
0 1 0 0 1 0 0 1 1 1 0 
0 0 0 0 0 0 0 1 0 0 1 
0 0 1 1 1 0 1 0 1 0 0 
0 1 1 1 1 0 0 0 1 1 1 
0 1 1 0 0 0 0 0 0 0 1 
0 0 1 0 1 0 0 0 1 1 0 
0 0 0 0 1 0 0 0 1 0 0 
0 0 1 0 1 1 0 0 1 0 0 
0 1 0 1 0 1 0 0 0 1 0 
39 48 42 30 56 29 61 36 90 64 42 
62 68 35 22 2 73 72 47 90 57 66 
90 22 51 57 35 62 1 80 34 10 63 
12 37 20 99 27 42 54 39 58 20 17 
31 10 1 85 66 67 22 1 16 62 86 
9 42 87 64 75 27 1 87 81 86 14 
57 57 69 62 65 16 76 57 41 51 61 
80 98 78 70 17 80 90 21 89 23 74 
69 13 89 25 84 58 94 68 66 70 30 
42 38 9 30 96 43 93 77 20 44 34 
36 45 12 9 87 86 62 74 35 65 69 
48 24 7 52 92 73 11 6 11 50 68 
5 21 50 29 21 41 53 41 72 44 85 
86 93 28 1 82 15 99 58 2 50 41 
66 37 47 26 53 17 43 76 42 97 1 
38 92 21 72 88 35 73 27 65 56 64 
79 51 41 49 68 41 67 41 53 94 27 
70 26 53 4 94 92 98 53 39 63 11 
48 70 4 50 71 56 61 46 4 13 98 
83 78 51 93 73 81 90 17 25 88 30 
88 31 74 23 89 65 7 75 7 96 88 
45 71 56 77 86 29 86 42 31 52 12 
49 82 56 66 52 30 4 92 4 39 90 
66 9 63 75 90 75 27 68 61 31 58 
53 74 37 95 72 43 6 78 88 83 5 
13 86 94 88 48 3 9 29 90 71 79 
83 63 74 97 59 33 39 25 58 13 86 
73 91 14 78 94 81 39 46 60 3 43 
69 94 60 82 61 65 45 6 65 7 78 
60 39 68 34 84 88 54 32 55 32 59 
27 16 43 43 1 28 22 26 50 7 39 
97 5 39 32 25 40 26 89 76 48 26 
35 62 46 73 20 56 9 90 15 11 2 
1 38 95 32 90 87 81 74 87 76 23 
25 24 88 60 41 70 1 28 86 80 2 
38 60 29 98 99 17 51 53 73 98 91 
64 37 69 23 79 48 28 71 56 11 21 
51 32 78 25 87 81 26 56 82 18 56 
50 47 19 32 96 67 96 57 29 45 34 
40 84 62 15 5 45 56 99 92 64 15 
51 92 23 26 50 34 41 15 78 41 67 
50 73 2 89 73 21 13 79 64 13 46 
51 5 72 70 56 52 2 55 48 88 17 
35 19 29 83 36 19 37 59 80 67 33 
99 31 58 32 16 71 24 11 89 19 69 
83 27 83 48 54 79 12 38 53 22 75 
26 58 41 29 69 53 74 46 68 77 97 
66 54 69 91 89 73 58 70 61 19 18 
17 70 67 62 87 41 42 49 27 87 76 
96 54 53 47 95 53 8 24 15 80 66 
99 48 70 2 64 57 76 2 94 72 50 
29 24 30 94 46 61 79 36 54 67 91 
65 20 57 6 13 95 53 77 8 16 21 
17 54 75 41 99 80 70 96 80 30 57 
31 6 82 50 53 50 86 67 81 41 25 
41 31 72 36 83 89 15 21 34 4 84 
75 53 48 9 19 81 1 45 38 6 5 
72 11 7 61 6 20 57 45 41 7 73 
44 22 67 54 62 39 17 95 82 42 21 
74 66 46 90 18 96 66 13 62 24 14 
44 13 23 57 45 23 94 67 32 53 59 
8 23 34 66 96 19 45 40 33 54 93 
20 50 90 33 94 97 18 13 14 10 2 
26 90 89 37 3 56 30 72 52 20 44 
98 47 94 70 85 68 25 94 47 26 81 
63 80 19 67 96 50 29 60 93 83 35 
94 10 95 8 87 65 58 53 58 88 28 
10 73 47 93 63 63 63 93 11 66 22 
78 88 77 98 39 5 63 50 14 45 1 
7 29 85 19 57 7 54 28 42 70 60 
73 64 31 5 72 65 61 44 13 63 89 
91 23 42 57 99 38 71 78 16 76 19 
24 61 83 53 46 51 37 88 21 89 25 
1 74 65 20 89 90 35 1 96 79 65 
74 50 95 35 25 38 60 18 42 89 30 
