100
1 0
2 58
3 67
4 11
5 52
6 18
7 85
8 45
9 34
10 7
11 9
12 92
13 1
14 73
15 55
16 75
17 27
18 42
19 35
20 74
21 64
22 89
23 97
24 76
25 46
26 2
27 4
28 77
29 59
30 68
31 36
32 10
33 78
34 29
35 40
36 20
37 48
38 66
39 8
40 61
41 5
42 22
43 21
44 39
45 71
46 56
47 15
48 28
49 33
50 37
51 81
52 65
53 88
54 17
55 13
56 12
57 32
58 95
59 63
60 84
61 43
62 94
63 60
64 14
65 53
66 69
67 31
68 30
69 54
70 49
71 79
72 57
73 70
74 62
75 6
76 19
77 91
78 87
79 72
80 86
81 83
82 25
83 96
84 80
85 26
86 44
87 3
88 47
89 23
90 98
91 41
92 93
93 51
94 16
95 24
96 82
97 90
98 38
99 50
100 0

