1989
1 0
2 905
3 1972
4 1295
5 1620
6 343
7 1026
8 249
9 321
10 14
11 1566
12 587
13 1403
14 403
15 258
16 1313
17 129
18 365
19 216
20 727
21 444
22 442
23 1485
24 1837
25 1658
26 812
27 821
28 374
29 613
30 1840
31 396
32 1583
33 1859
34 1931
35 1813
36 566
37 1449
38 1443
39 190
40 1850
41 448
42 1725
43 609
44 665
45 1155
46 958
47 1739
48 1213
49 42
50 724
51 1019
52 810
53 1921
54 1580
55 1290
56 1025
57 1648
58 1462
59 1952
60 293
61 726
62 422
63 1024
64 832
65 1308
66 1551
67 642
68 1250
69 202
70 594
71 538
72 1856
73 1285
74 831
75 1434
76 1304
77 1678
78 243
79 764
80 1288
81 350
82 1302
83 1165
84 862
85 531
86 1781
87 246
88 942
89 1114
90 2
91 1450
92 1907
93 408
94 834
95 704
96 178
97 1399
98 1832
99 951
100 631
101 413
102 1183
103 1915
104 70
105 1654
106 411
107 1826
108 1055
109 1797
110 425
111 629
112 1003
113 892
114 1224
115 762
116 1887
117 1701
118 1410
119 1532
120 1031
121 1508
122 1604
123 111
124 1196
125 1700
126 274
127 1190
128 867
129 102
130 1423
131 206
132 54
133 1305
134 1762
135 751
136 1634
137 29
138 487
139 1276
140 1490
141 1113
142 567
143 895
144 1052
145 344
146 1046
147 1744
148 363
149 1372
150 1572
151 10
152 767
153 1934
154 52
155 384
156 932
157 1357
158 435
159 772
160 1689
161 338
162 1586
163 870
164 1960
165 1618
166 1900
167 1460
168 462
169 1803
170 1316
171 1418
172 930
173 340
174 612
175 954
176 91
177 1524
178 296
179 280
180 1736
181 1078
182 679
183 809
184 1622
185 369
186 1500
187 1277
188 379
189 1696
190 1831
191 1363
192 1848
193 1452
194 1872
195 1465
196 1487
197 1727
198 997
199 1677
200 819
201 1650
202 1511
203 1750
204 1919
205 240
206 803
207 1397
208 1251
209 172
210 684
211 1299
212 1664
213 217
214 622
215 783
216 345
217 1602
218 1927
219 1674
220 364
221 1387
222 1661
223 968
224 850
225 1918
226 1009
227 988
228 1568
229 568
230 294
231 1967
232 1231
233 1881
234 1612
235 226
236 786
237 134
238 1818
239 1876
240 570
241 1101
242 1531
243 281
244 663
245 489
246 1860
247 1303
248 640
249 1983
250 1421
251 1545
252 1309
253 1489
254 912
255 1980
256 1126
257 1428
258 231
259 890
260 1044
261 452
262 1713
263 1503
264 1896
265 1715
266 1847
267 1499
268 1088
269 1255
270 502
271 36
272 1676
273 1051
274 891
275 1793
276 902
277 754
278 537
279 802
280 530
281 108
282 907
283 260
284 999
285 1226
286 917
287 994
288 55
289 1839
290 1342
291 1266
292 744
293 1533
294 1917
295 1252
296 1928
297 597
298 209
299 692
300 1695
301 100
302 1355
303 376
304 177
305 718
306 1901
307 37
308 551
309 41
310 1377
311 286
312 211
313 720
314 1753
315 1969
316 349
317 1456
318 278
319 1623
320 475
321 1168
322 1588
323 693
324 59
325 820
326 1877
327 139
328 729
329 194
330 417
331 1467
332 89
333 1284
334 649
335 711
336 601
337 825
338 1039
339 104
340 1866
341 410
342 151
343 1578
344 1442
345 746
346 299
347 107
348 1453
349 115
350 980
351 806
352 244
353 590
354 1381
355 669
356 1440
357 1629
358 901
359 539
360 1778
361 1985
362 17
363 1833
364 1187
365 688
366 480
367 1420
368 845
369 935
370 1233
371 1768
372 1045
373 53
374 1446
375 904
376 254
377 1543
378 1659
379 1875
380 1035
381 947
382 1791
383 518
384 1075
385 1809
386 1779
387 1549
388 1884
389 126
390 221
391 1005
392 1416
393 192
394 717
395 1448
396 543
397 1157
398 1897
399 1222
400 733
401 1454
402 1419
403 605
404 830
405 1787
406 24
407 201
408 1723
409 282
410 1709
411 752
412 497
413 1353
414 637
415 1795
416 805
417 848
418 200
419 1961
420 1733
421 705
422 910
423 1729
424 6
425 468
426 1083
427 1220
428 1064
429 1079
430 106
431 64
432 62
433 1594
434 1949
435 1521
436 95
437 915
438 667
439 1074
440 1755
441 960
442 521
443 130
444 1018
445 1294
446 1926
447 540
448 1510
449 588
450 1717
451 382
452 529
453 1023
454 498
455 1874
456 1899
457 584
458 1670
459 775
460 1151
461 168
462 397
463 569
464 470
465 526
466 1188
467 146
468 1687
469 1016
470 1471
471 63
472 1673
473 1592
474 292
475 527
476 633
477 1167
478 879
479 574
480 677
481 1379
482 1283
483 1273
484 519
485 378
486 449
487 1557
488 558
489 884
490 1653
491 1761
492 1382
493 87
494 147
495 1260
496 1702
497 1553
498 439
499 1497
500 1597
501 513
502 235
503 548
504 1537
505 380
506 431
507 1560
508 913
509 1314
510 1217
511 463
512 230
513 1798
514 44
515 1512
516 1518
517 1638
518 1060
519 1575
520 181
521 1550
522 545
523 128
524 141
525 893
526 1625
527 1036
528 1181
529 1529
530 255
531 1133
532 771
533 1731
534 1820
535 1444
536 1351
537 1264
538 208
539 370
540 1270
541 233
542 1858
543 354
544 1335
545 332
546 1964
547 1760
548 941
549 1092
550 446
551 818
552 266
553 1835
554 1627
555 1735
556 1690
557 866
558 906
559 586
560 1724
561 1951
562 1493
563 465
564 1903
565 154
566 1624
567 894
568 215
569 577
570 1475
571 1639
572 1102
573 220
574 1461
575 222
576 4
577 1855
578 1538
579 1527
580 1154
581 1756
582 285
583 1166
584 1405
585 1198
586 342
587 185
588 478
589 1234
590 923
591 1374
592 1006
593 1366
594 738
595 683
596 522
597 164
598 1110
599 851
600 937
601 1004
602 1979
603 885
604 492
605 1143
606 873
607 1925
608 1614
609 175
610 1649
611 1327
612 535
613 550
614 3
615 214
616 1802
617 1774
618 1780
619 434
620 1853
621 1439
622 1037
623 1947
624 1108
625 922
626 291
627 1176
628 1361
629 1637
630 1585
631 579
632 1332
633 1057
634 381
635 1617
636 661
637 1343
638 1640
639 256
640 1136
641 509
642 1319
643 1894
644 646
645 1633
646 966
647 1455
648 1192
649 593
650 187
651 34
652 1193
653 33
654 337
655 1053
656 1562
657 372
658 1577
659 377
660 1737
661 858
662 1280
663 1426
664 18
665 324
666 1
667 835
668 1908
669 78
670 860
671 1891
672 122
673 373
674 357
675 544
676 1153
677 782
678 719
679 1138
680 1063
681 943
682 1119
683 162
684 961
685 1131
686 1710
687 730
688 142
689 1704
690 1301
691 1556
692 1369
693 421
694 305
695 313
696 1645
697 1576
698 1694
699 804
700 1229
701 1966
702 1297
703 1646
704 1986
705 596
706 339
707 1806
708 1680
709 655
710 990
711 101
712 743
713 1984
714 86
715 1204
716 869
717 591
718 840
719 173
720 1015
721 607
722 1396
723 1356
724 1812
725 1963
726 224
727 750
728 1085
729 1933
730 1643
731 212
732 1955
733 1573
734 673
735 1094
736 1871
737 405
738 662
739 51
740 573
741 1170
742 1041
743 1156
744 73
745 993
746 784
747 31
748 1054
749 1662
750 394
751 1398
752 556
753 1834
754 1186
755 300
756 1116
757 799
758 229
759 183
760 747
761 1056
762 1001
763 1644
764 749
765 1376
766 322
767 1256
768 1008
769 846
770 1469
771 911
772 962
773 1836
774 697
775 1391
776 1380
777 1178
778 1924
779 1718
780 761
781 1476
782 745
783 1595
784 652
785 700
786 1279
787 145
788 734
789 836
790 1430
791 1441
792 666
793 875
794 1559
795 287
796 1312
797 1320
798 1608
799 152
800 155
801 1125
802 16
803 84
804 1140
805 1805
806 124
807 916
808 1738
809 1209
810 1683
811 888
812 479
813 1249
814 1345
815 1275
816 939
817 1034
818 269
819 1375
820 149
821 604
822 109
823 643
824 1851
825 880
826 1212
827 38
828 1215
829 1905
830 931
831 1675
832 583
833 1790
834 517
835 1864
836 1563
837 946
838 116
839 1719
840 262
841 503
842 1123
843 1706
844 1807
845 1987
846 388
847 1000
848 1159
849 1606
850 903
851 654
852 1596
853 1520
854 288
855 360
856 1544
857 1669
858 347
859 975
860 1032
861 1437
862 180
863 203
864 93
865 826
866 617
867 842
868 1427
869 1830
870 1647
871 760
872 1607
873 757
874 112
875 271
876 404
877 474
878 1741
879 1615
880 735
881 1296
882 978
883 547
884 1069
885 236
886 1103
887 1402
888 333
889 555
890 103
891 1093
892 928
893 191
894 1232
895 1459
896 170
897 800
898 712
899 1498
900 1365
901 1766
902 575
903 781
904 1122
905 944
906 307
907 1541
908 69
909 1816
910 1174
911 40
912 398
913 1480
914 1878
915 1936
916 66
917 855
918 770
919 1752
920 1201
921 1149
922 678
923 454
924 1254
925 1378
926 533
927 1206
928 671
929 1107
930 267
931 1599
932 424
933 659
934 1920
935 1523
936 614
937 1424
938 1311
939 72
940 715
941 1652
942 1886
943 1432
944 1862
945 949
946 1090
947 1207
948 1811
949 1535
950 330
951 1870
952 1384
953 127
954 428
955 908
956 559
957 430
958 1488
959 982
960 811
961 1150
962 1880
963 1783
964 1785
965 1095
966 1845
967 957
968 395
969 723
970 536
971 1547
972 676
973 99
974 710
975 118
976 1470
977 524
978 1371
979 1066
980 1370
981 1106
982 520
983 921
984 176
985 1817
986 265
987 564
988 263
989 272
990 1084
991 469
992 50
993 1693
994 872
995 1388
996 991
997 327
998 1329
999 1929
1000 486
1001 1684
1002 140
1003 105
1004 1630
1005 335
1006 979
1007 1278
1008 504
1009 228
1010 1742
1011 919
1012 113
1013 123
1014 67
1015 284
1016 1940
1017 1468
1018 156
1019 1902
1020 1344
1021 1632
1022 687
1023 1759
1024 1393
1025 1142
1026 1970
1027 1148
1028 1022
1029 1590
1030 1447
1031 896
1032 473
1033 80
1034 227
1035 1040
1036 1516
1037 1526
1038 1263
1039 691
1040 837
1041 1013
1042 1172
1043 841
1044 1115
1045 1873
1046 878
1047 1194
1048 708
1049 1068
1050 39
1051 1486
1052 736
1053 725
1054 1310
1055 620
1056 161
1057 1828
1058 562
1059 974
1060 838
1061 1028
1062 1776
1063 436
1064 696
1065 1977
1066 795
1067 1429
1068 1758
1069 925
1070 241
1071 359
1072 1240
1073 1906
1074 1306
1075 552
1076 1517
1077 1415
1078 1021
1079 1349
1080 581
1081 456
1082 223
1083 306
1084 1333
1085 716
1086 1530
1087 1598
1088 1466
1089 1354
1090 813
1091 1286
1092 1584
1093 500
1094 1801
1095 1463
1096 312
1097 1810
1098 387
1099 1258
1100 1501
1101 1730
1102 1111
1103 506
1104 1600
1105 636
1106 9
1107 1091
1108 1246
1109 1261
1110 1289
1111 1769
1112 641
1113 525
1114 245
1115 798
1116 656
1117 918
1118 1152
1119 950
1120 19
1121 553
1122 163
1123 1137
1124 323
1125 1389
1126 427
1127 1660
1128 1582
1129 1210
1130 1141
1131 481
1132 645
1133 1247
1134 1364
1135 1956
1136 1571
1137 1892
1138 1513
1139 242
1140 1002
1141 257
1142 472
1143 367
1144 1507
1145 839
1146 1772
1147 1628
1148 1746
1149 218
1150 1243
1151 1716
1152 331
1153 648
1154 1479
1155 824
1156 1636
1157 412
1158 523
1159 695
1160 366
1161 1341
1162 453
1163 295
1164 317
1165 1708
1166 1038
1167 159
1168 490
1169 1613
1170 728
1171 644
1172 253
1173 1528
1174 737
1175 1782
1176 1318
1177 20
1178 929
1179 1671
1180 1616
1181 976
1182 1642
1183 1973
1184 1651
1185 1020
1186 1248
1187 1406
1188 1540
1189 541
1190 1913
1191 1368
1192 1433
1193 632
1194 933
1195 1898
1196 897
1197 488
1198 276
1199 682
1200 794
1201 680
1202 186
1203 1869
1204 45
1205 1191
1206 125
1207 1843
1208 1959
1209 900
1210 672
1211 1912
1212 1895
1213 1117
1214 1336
1215 1883
1216 1042
1217 1203
1218 289
1219 638
1220 1099
1221 1339
1222 508
1223 865
1224 788
1225 1105
1226 1067
1227 1548
1228 429
1229 409
1230 1863
1231 1100
1232 1096
1233 1139
1234 414
1235 898
1236 623
1237 1160
1238 1574
1239 1120
1240 822
1241 1681
1242 787
1243 311
1244 964
1245 971
1246 261
1247 182
1248 12
1249 1570
1250 849
1251 283
1252 232
1253 986
1254 1978
1255 1534
1256 1089
1257 515
1258 1235
1259 1048
1260 863
1261 1043
1262 972
1263 1748
1264 1265
1265 138
1266 833
1267 303
1268 392
1269 965
1270 1763
1271 1950
1272 1764
1273 828
1274 1579
1275 1714
1276 1347
1277 973
1278 297
1279 121
1280 1968
1281 651
1282 225
1283 443
1284 309
1285 1770
1286 1394
1287 1124
1288 1771
1289 793
1290 882
1291 1422
1292 1065
1293 945
1294 1180
1295 57
1296 1682
1297 68
1298 450
1299 77
1300 1436
1301 1703
1302 1451
1303 60
1304 1601
1305 1087
1306 1211
1307 600
1308 1953
1309 721
1310 886
1311 476
1312 320
1313 690
1314 694
1315 1626
1316 461
1317 22
1318 774
1319 219
1320 385
1321 1849
1322 136
1323 1525
1324 368
1325 881
1326 328
1327 1823
1328 635
1329 1244
1330 853
1331 1867
1332 1941
1333 1010
1334 714
1335 595
1336 1073
1337 1948
1338 21
1339 1481
1340 1509
1341 1922
1342 1292
1343 758
1344 1202
1345 290
1346 668
1347 675
1348 664
1349 1962
1350 1216
1351 426
1352 496
1353 1852
1354 739
1355 1162
1356 843
1357 371
1358 1705
1359 1189
1360 1914
1361 1536
1362 329
1363 445
1364 304
1365 1945
1366 1171
1367 393
1368 1688
1369 1472
1370 1882
1371 484
1372 854
1373 889
1374 464
1375 732
1376 491
1377 546
1378 432
1379 1179
1380 740
1381 279
1382 75
1383 722
1384 346
1385 1281
1386 1868
1387 557
1388 1971
1389 1916
1390 1491
1391 763
1392 985
1393 234
1394 778
1395 969
1396 1483
1397 1242
1398 1786
1399 356
1400 1751
1401 1822
1402 1145
1403 1819
1404 23
1405 308
1406 685
1407 1161
1408 1197
1409 625
1410 195
1411 1784
1412 437
1413 1307
1414 1930
1415 82
1416 1799
1417 1129
1418 1163
1419 389
1420 252
1421 447
1422 15
1423 1610
1424 630
1425 1338
1426 1059
1427 1239
1428 1130
1429 603
1430 1132
1431 1788
1432 1098
1433 1605
1434 1815
1435 179
1436 1236
1437 731
1438 1496
1439 1958
1440 174
1441 83
1442 992
1443 981
1444 157
1445 1340
1446 938
1447 1071
1448 119
1449 1494
1450 1982
1451 1635
1452 797
1453 26
1454 1611
1455 1565
1456 1245
1457 1691
1458 967
1459 1492
1460 1080
1461 1195
1462 658
1463 1808
1464 79
1465 383
1466 494
1467 768
1468 924
1469 247
1470 310
1471 847
1472 457
1473 1164
1474 776
1475 1070
1476 1061
1477 1804
1478 611
1479 599
1480 1409
1481 441
1482 1841
1483 316
1484 1555
1485 355
1486 71
1487 74
1488 766
1489 8
1490 1007
1491 1732
1492 511
1493 1619
1494 1569
1495 1667
1496 1014
1497 791
1498 1076
1499 110
1500 1482
1501 1127
1502 955
1503 1773
1504 606
1505 1029
1506 47
1507 1348
1508 701
1509 639
1510 499
1511 1591
1512 628
1513 1814
1514 1315
1515 1184
1516 1765
1517 88
1518 1567
1519 1542
1520 713
1521 1097
1522 362
1523 1663
1524 1954
1525 1504
1526 1889
1527 816
1528 30
1529 277
1530 239
1531 1885
1532 1800
1533 28
1534 1775
1535 1789
1536 616
1537 467
1538 1121
1539 1362
1540 1238
1541 1478
1542 940
1543 1621
1544 707
1545 1909
1546 1049
1547 1666
1548 681
1549 264
1550 1047
1551 874
1552 868
1553 204
1554 899
1555 133
1556 197
1557 598
1558 43
1559 1350
1560 199
1561 81
1562 698
1563 466
1564 1904
1565 1631
1566 7
1567 1726
1568 1012
1569 1943
1570 1672
1571 554
1572 25
1573 827
1574 1445
1575 753
1576 259
1577 1030
1578 532
1579 948
1580 406
1581 1911
1582 1686
1583 58
1584 996
1585 563
1586 1262
1587 1435
1588 1747
1589 1293
1590 989
1591 624
1592 76
1593 1383
1594 352
1595 1458
1596 742
1597 440
1598 1957
1599 1144
1600 792
1601 1218
1602 1267
1603 657
1604 857
1605 334
1606 1564
1607 1745
1608 1413
1609 1942
1610 602
1611 1323
1612 780
1613 1227
1614 1358
1615 1282
1616 150
1617 1893
1618 1390
1619 1086
1620 785
1621 1241
1622 46
1623 336
1624 1464
1625 1522
1626 1328
1627 90
1628 1552
1629 650
1630 1182
1631 507
1632 1058
1633 184
1634 1854
1635 1412
1636 270
1637 627
1638 326
1639 1011
1640 210
1641 814
1642 351
1643 386
1644 1720
1645 401
1646 1767
1647 789
1648 1857
1649 137
1650 1581
1651 1147
1652 1330
1653 1072
1654 1134
1655 936
1656 1200
1657 1827
1658 1846
1659 1474
1660 709
1661 318
1662 963
1663 1890
1664 418
1665 483
1666 97
1667 647
1668 1944
1669 1425
1670 1502
1671 807
1672 1825
1673 358
1674 1939
1675 1734
1676 35
1677 621
1678 117
1679 399
1680 1337
1681 1641
1682 493
1683 1473
1684 301
1685 144
1686 1754
1687 995
1688 909
1689 1082
1690 1539
1691 375
1692 817
1693 188
1694 167
1695 560
1696 1698
1697 1352
1698 1946
1699 250
1700 505
1701 1910
1702 619
1703 169
1704 213
1705 451
1706 1077
1707 1965
1708 618
1709 27
1710 653
1711 1975
1712 1829
1713 1668
1714 132
1715 1228
1716 580
1717 852
1718 85
1719 1271
1720 534
1721 1794
1722 402
1723 1749
1724 516
1725 1721
1726 777
1727 634
1728 773
1729 1326
1730 1888
1731 5
1732 32
1733 1757
1734 459
1735 1104
1736 1656
1737 549
1738 1842
1739 114
1740 1118
1741 1408
1742 273
1743 1824
1744 1404
1745 1935
1746 686
1747 148
1748 1321
1749 970
1750 1135
1751 756
1752 887
1753 135
1754 1392
1755 1317
1756 319
1757 1274
1758 353
1759 1221
1760 415
1761 1386
1762 1225
1763 65
1764 1514
1765 98
1766 455
1767 1268
1768 1519
1769 765
1770 325
1771 1685
1772 576
1773 861
1774 589
1775 61
1776 702
1777 1707
1778 1697
1779 419
1780 1158
1781 1515
1782 953
1783 856
1784 1109
1785 1692
1786 1385
1787 1205
1788 423
1789 1679
1790 779
1791 610
1792 1484
1793 706
1794 96
1795 160
1796 1844
1797 1609
1798 926
1799 1367
1800 582
1801 1050
1802 1865
1803 1257
1804 495
1805 1879
1806 94
1807 689
1808 131
1809 1360
1810 1699
1811 864
1812 248
1813 1253
1814 56
1815 348
1816 153
1817 237
1818 1300
1819 1722
1820 984
1821 1981
1822 207
1823 703
1824 796
1825 920
1826 1821
1827 615
1828 956
1829 801
1830 844
1831 1712
1832 877
1833 1431
1834 1062
1835 1838
1836 542
1837 914
1838 1287
1839 1657
1840 952
1841 1937
1842 501
1843 298
1844 1932
1845 983
1846 674
1847 592
1848 1177
1849 572
1850 315
1851 759
1852 626
1853 1506
1854 741
1855 1346
1856 314
1857 1017
1858 1792
1859 514
1860 477
1861 1457
1862 748
1863 815
1864 391
1865 49
1866 1546
1867 565
1868 510
1869 1175
1870 1033
1871 1128
1872 165
1873 1777
1874 585
1875 571
1876 238
1877 808
1878 407
1879 1603
1880 275
1881 189
1882 1743
1883 1291
1884 1938
1885 13
1886 1331
1887 438
1888 1324
1889 1861
1890 934
1891 1081
1892 512
1893 420
1894 11
1895 361
1896 460
1897 1027
1898 1223
1899 1796
1900 1505
1901 790
1902 390
1903 987
1904 1219
1905 1414
1906 120
1907 48
1908 1230
1909 416
1910 1558
1911 859
1912 485
1913 1655
1914 998
1915 1438
1916 1740
1917 482
1918 433
1919 1298
1920 1146
1921 1665
1922 143
1923 876
1924 1728
1925 1976
1926 699
1927 1401
1928 1587
1929 829
1930 1400
1931 660
1932 755
1933 198
1934 578
1935 769
1936 608
1937 883
1938 1208
1939 871
1940 1185
1941 268
1942 400
1943 1395
1944 1237
1945 1214
1946 1269
1947 1589
1948 92
1949 205
1950 561
1951 1359
1952 1411
1953 1173
1954 1334
1955 341
1956 1199
1957 171
1958 927
1959 1923
1960 1112
1961 1259
1962 302
1963 670
1964 1974
1965 251
1966 1272
1967 1322
1968 458
1969 823
1970 1407
1971 1325
1972 528
1973 1593
1974 1554
1975 977
1976 1477
1977 1169
1978 196
1979 1495
1980 166
1981 471
1982 158
1983 1711
1984 193
1985 1417
1986 1561
1987 959
1988 1373
1989 0
