2000
1 0
2 1091
3 839
4 1153
5 514
6 398
7 405
8 1802
9 640
10 548
11 650
12 1413
13 1735
14 856
15 1672
16 343
17 457
18 890
19 1079
20 1705
21 680
22 1803
23 1545
24 746
25 1799
26 1543
27 184
28 1378
29 1627
30 1668
31 703
32 1824
33 476
34 1118
35 1294
36 1796
37 1404
38 794
39 515
40 1364
41 242
42 1385
43 13
44 1063
45 1399
46 772
47 123
48 54
49 1647
50 547
51 841
52 1496
53 1757
54 1551
55 1337
56 1697
57 431
58 1394
59 1841
60 249
61 1072
62 1225
63 1885
64 1024
65 1183
66 1343
67 1685
68 437
69 1984
70 1151
71 1469
72 311
73 1634
74 764
75 1665
76 1934
77 1930
78 1744
79 1382
80 1736
81 715
82 1710
83 1801
84 201
85 174
86 1599
87 360
88 1042
89 1769
90 679
91 587
92 1477
93 808
94 1917
95 1124
96 1355
97 1745
98 912
99 1974
100 1663
101 1347
102 1133
103 1855
104 428
105 1914
106 198
107 1246
108 65
109 465
110 1275
111 871
112 1308
113 233
114 1089
115 1633
116 177
117 1723
118 332
119 317
120 1791
121 1142
122 959
123 102
124 303
125 538
126 699
127 1359
128 1108
129 1373
130 1838
131 75
132 1332
133 1215
134 76
135 1493
136 1262
137 1998
138 1137
139 921
140 119
141 534
142 58
143 1446
144 1587
145 1548
146 1774
147 977
148 470
149 188
150 15
151 951
152 368
153 1839
154 1763
155 717
156 136
157 1289
158 1959
159 1700
160 1971
161 1977
162 1794
163 1395
164 543
165 268
166 439
167 739
168 1615
169 1146
170 284
171 694
172 684
173 1732
174 1369
175 788
176 723
177 1618
178 665
179 1940
180 1425
181 583
182 1060
183 666
184 810
185 208
186 319
187 1721
188 1740
189 1686
190 859
191 363
192 1629
193 339
194 390
195 743
196 785
197 1441
198 1307
199 953
200 564
201 850
202 20
203 338
204 1681
205 645
206 1739
207 1159
208 1128
209 1600
210 929
211 1135
212 1407
213 1490
214 1301
215 1533
216 458
217 585
218 634
219 669
220 1134
221 1765
222 1116
223 209
224 1228
225 1451
226 215
227 1743
228 511
229 1755
230 516
231 528
232 1872
233 1525
234 105
235 1103
236 35
237 1916
238 1044
239 9
240 893
241 889
242 848
243 438
244 962
245 3
246 1572
247 594
248 456
249 253
250 588
251 181
252 269
253 928
254 974
255 1238
256 1800
257 693
258 1901
259 1098
260 1368
261 107
262 638
263 1581
264 91
265 230
266 114
267 1041
268 1371
269 1061
270 1094
271 1670
272 637
273 460
274 1698
275 1485
276 1828
277 744
278 1011
279 1010
280 1235
281 1049
282 1323
283 459
284 1814
285 1884
286 371
287 347
288 261
289 1448
290 1711
291 530
292 1747
293 1638
294 1667
295 1526
296 133
297 1090
298 1898
299 1514
300 1537
301 1163
302 1694
303 903
304 1925
305 863
306 965
307 589
308 1419
309 627
310 1020
311 1903
312 362
313 1762
314 823
315 943
316 340
317 688
318 382
319 1263
320 593
321 205
322 423
323 983
324 1503
325 914
326 1317
327 365
328 1620
329 1912
330 381
331 849
332 34
333 1160
334 1730
335 1986
336 1644
337 975
338 1456
339 1298
340 1416
341 277
342 1722
343 43
344 925
345 1487
346 426
347 1148
348 1443
349 11
350 1140
351 387
352 221
353 409
354 262
355 676
356 1583
357 278
358 1771
359 385
360 1327
361 1306
362 658
363 1854
364 760
365 1350
366 1602
367 857
368 1342
369 1831
370 549
371 1051
372 961
373 463
374 1815
375 477
376 248
377 140
378 1141
379 1612
380 1468
381 28
382 1054
383 519
384 606
385 1713
386 1210
387 424
388 225
389 189
390 1132
391 655
392 69
393 948
394 1658
395 1398
396 164
397 763
398 5
399 1956
400 78
401 77
402 1066
403 280
404 51
405 1687
406 1209
407 1805
408 840
409 1563
410 807
411 674
412 1105
413 1208
414 1095
415 708
416 874
417 283
418 565
419 632
420 206
421 4
422 388
423 1649
424 696
425 1582
426 942
427 1170
428 172
429 250
430 570
431 1008
432 157
433 1338
434 854
435 1596
436 1580
437 1589
438 445
439 1206
440 1942
441 1194
442 1728
443 1023
444 310
445 1869
446 1935
447 274
448 299
449 845
450 291
451 383
452 1202
453 1363
454 1706
455 218
456 1397
457 490
458 978
459 732
460 1277
461 1255
462 1402
463 811
464 379
465 45
466 246
467 862
468 532
469 1050
470 433
471 1862
472 1320
473 417
474 18
475 578
476 1318
477 754
478 376
479 1352
480 304
481 976
482 878
483 796
484 1810
485 1494
486 905
487 1390
488 331
489 1330
490 1888
491 124
492 659
493 1243
494 663
495 1176
496 121
497 507
498 1174
499 336
500 176
501 324
502 7
503 1232
504 682
505 399
506 685
507 897
508 646
509 8
510 1541
511 397
512 1029
513 1558
514 288
515 1920
516 442
517 441
518 79
519 1576
520 373
521 1409
522 1648
523 1536
524 1088
525 1300
526 935
527 814
528 687
529 1386
530 454
531 1972
532 647
533 1883
534 2
535 812
536 852
537 790
538 30
539 49
540 1498
541 1164
542 1518
543 413
544 1351
545 166
546 1562
547 1403
548 1075
549 1193
550 325
551 1688
552 510
553 1609
554 610
555 1544
556 1283
557 1528
558 355
559 307
560 1393
561 523
562 1180
563 1578
564 1952
565 153
566 429
567 605
568 726
569 1028
570 622
571 1114
572 1530
573 434
574 1012
575 652
576 1287
577 1677
578 641
579 341
580 1968
581 1772
582 1102
583 1195
584 1125
585 522
586 934
587 264
588 908
589 1143
590 553
591 55
592 1285
593 321
594 48
595 1729
596 207
597 1532
598 217
599 714
600 1365
601 1738
602 1426
603 392
604 1205
605 1944
606 1144
607 1504
608 1611
609 1712
610 1502
611 1584
612 216
613 1874
614 1222
615 143
616 1975
617 1553
618 1973
619 867
620 993
621 1184
622 148
623 861
624 1497
625 1422
626 1387
627 396
628 1396
629 923
630 789
631 979
632 712
633 313
634 675
635 32
636 306
637 1837
638 328
639 1845
640 1919
641 1384
642 289
643 1458
644 229
645 159
646 956
647 190
648 1654
649 1211
650 407
651 1844
652 145
653 171
654 436
655 1652
656 720
657 1241
658 110
659 1585
660 1760
661 364
662 1531
663 359
664 138
665 196
666 1731
667 1260
668 884
669 1229
670 462
671 1522
672 1786
673 579
674 74
675 1145
676 621
677 1604
678 42
679 1048
680 1013
681 603
682 883
683 1724
684 419
685 633
686 786
687 795
688 80
689 1119
690 1415
691 749
692 776
693 1983
694 298
695 527
696 1481
697 1353
698 1860
699 327
700 1461
701 187
702 1356
703 526
704 1488
705 1659
706 756
707 1725
708 120
709 539
710 533
711 469
712 64
713 1292
714 939
715 432
716 1894
717 139
718 247
719 228
720 1603
721 1624
722 1759
723 982
724 960
725 817
726 1177
727 501
728 1566
729 484
730 226
731 450
732 742
733 900
734 410
735 1614
736 1671
737 1601
738 557
739 1751
740 1486
741 1131
742 232
743 1311
744 150
745 391
746 195
747 681
748 254
749 724
750 1087
751 1270
752 1793
753 580
754 1951
755 575
756 1662
757 227
758 1905
759 1868
760 146
761 837
762 127
763 1073
764 1064
765 323
766 1941
767 345
768 1787
769 843
770 1594
771 649
772 1569
773 1657
774 896
775 1086
776 1892
777 1573
778 567
779 1196
780 798
781 648
782 344
783 122
784 155
785 1457
786 1430
787 1082
788 540
789 1989
790 1529
791 1646
792 1230
793 986
794 320
795 1491
796 1099
797 1910
798 1156
799 498
800 1375
801 1427
802 1690
803 1784
804 1078
805 236
806 1779
807 1673
808 1110
809 1967
810 126
811 1272
812 94
813 815
814 1463
815 50
816 1220
817 671
818 1167
819 1188
820 963
821 985
822 118
823 762
824 885
825 1293
826 984
827 1197
828 1516
829 1068
830 1962
831 1826
832 973
833 1635
834 819
835 394
836 1637
837 1788
838 1479
839 16
840 1689
841 461
842 559
843 1832
844 968
845 290
846 1100
847 1976
848 1475
849 844
850 518
851 1692
852 162
853 981
854 489
855 932
856 98
857 178
858 41
859 251
860 598
861 1567
862 1843
863 349
864 266
865 725
866 1006
867 1219
868 353
869 766
870 1256
871 1776
872 1889
873 1853
874 1438
875 502
876 1936
877 813
878 991
879 99
880 597
881 1321
882 992
883 505
884 81
885 44
886 546
887 144
888 683
889 68
890 1742
891 1423
892 509
893 1608
894 495
895 1286
896 1018
897 1703
898 1790
899 721
900 1851
901 1278
902 780
903 1214
904 623
905 999
906 1121
907 1513
908 1130
909 255
910 1158
911 825
912 478
913 1979
914 293
915 561
916 1069
917 1335
918 602
919 200
920 1417
921 1829
922 793
923 1019
924 1459
925 937
926 1849
927 541
928 945
929 1376
930 361
931 1859
932 990
933 1834
934 1189
935 1795
936 851
937 1302
938 853
939 1876
940 1474
941 1267
942 1653
943 1391
944 803
945 1447
946 677
947 686
948 197
949 297
950 455
951 351
952 777
953 408
954 1701
955 797
956 781
957 1259
958 1109
959 554
960 258
961 1212
962 238
963 449
964 40
965 1806
966 1096
967 791
968 765
969 556
970 799
971 809
972 1827
973 337
974 165
975 692
976 1887
977 39
978 1070
979 552
980 950
981 401
982 1509
983 1207
984 73
985 904
986 1734
987 1813
988 1310
989 1081
990 702
991 1065
992 1040
993 1707
994 483
995 617
996 1750
997 831
998 1067
999 801
1000 608
1001 1552
1002 1850
1003 1943
1004 1906
1005 175
1006 713
1007 1031
1008 1961
1009 375
1010 1954
1011 211
1012 615
1013 664
1014 1021
1015 1152
1016 1981
1017 1636
1018 1349
1019 386
1020 1449
1021 1590
1022 1074
1023 1171
1024 1904
1025 1345
1026 1523
1027 1666
1028 1362
1029 1846
1030 130
1031 662
1032 936
1033 1554
1034 1155
1035 1809
1036 352
1037 468
1038 782
1039 237
1040 1357
1041 285
1042 1004
1043 1882
1044 406
1045 1640
1046 1239
1047 24
1048 1392
1049 1517
1050 1136
1051 173
1052 1811
1053 1366
1054 1958
1055 1324
1056 1767
1057 1623
1058 56
1059 1560
1060 551
1061 1329
1062 1565
1063 668
1064 1057
1065 1204
1066 768
1067 1304
1068 334
1069 493
1070 1400
1071 448
1072 1421
1073 1303
1074 899
1075 876
1076 281
1077 1639
1078 1252
1079 193
1080 946
1081 214
1082 769
1083 480
1084 1929
1085 661
1086 1466
1087 792
1088 1605
1089 842
1090 1296
1091 149
1092 1002
1093 71
1094 22
1095 969
1096 1592
1097 224
1098 1464
1099 88
1100 6
1101 784
1102 1178
1103 1149
1104 1890
1105 1966
1106 1297
1107 348
1108 1549
1109 1411
1110 62
1111 1492
1112 1621
1113 263
1114 636
1115 1833
1116 125
1117 1408
1118 245
1119 1780
1120 212
1121 1616
1122 1372
1123 709
1124 829
1125 389
1126 1746
1127 282
1128 1630
1129 1628
1130 1863
1131 1046
1132 542
1133 1358
1134 160
1135 761
1136 1997
1137 377
1138 1428
1139 1314
1140 1354
1141 1825
1142 690
1143 735
1144 1187
1145 1434
1146 1199
1147 954
1148 279
1149 1360
1150 1957
1151 730
1152 512
1153 1053
1154 452
1155 1282
1156 210
1157 1718
1158 265
1159 1104
1160 1766
1161 1588
1162 1185
1163 1242
1164 847
1165 1039
1166 1568
1167 1661
1168 1913
1169 1295
1170 827
1171 733
1172 1482
1173 37
1174 972
1175 1852
1176 1339
1177 350
1178 595
1179 933
1180 1506
1181 924
1182 1405
1183 656
1184 192
1185 1161
1186 1679
1187 1249
1188 1921
1189 1835
1190 1830
1191 805
1192 393
1193 1154
1194 1964
1195 23
1196 1764
1197 1418
1198 1168
1199 1985
1200 1960
1201 535
1202 1433
1203 19
1204 1344
1205 601
1206 1949
1207 1877
1208 72
1209 898
1210 96
1211 92
1212 1753
1213 322
1214 1822
1215 296
1216 1613
1217 486
1218 66
1219 67
1220 1015
1221 1033
1222 1907
1223 550
1224 955
1225 1938
1226 1931
1227 877
1228 1865
1229 722
1230 599
1231 1823
1232 234
1233 691
1234 1223
1235 1331
1236 1346
1237 219
1238 60
1239 191
1240 1512
1241 1370
1242 29
1243 1570
1244 1001
1245 12
1246 1792
1247 1436
1248 1899
1249 85
1250 821
1251 1622
1252 1244
1253 1579
1254 1112
1255 244
1256 1521
1257 10
1258 1717
1259 1535
1260 1969
1261 354
1262 473
1263 1126
1264 639
1265 1748
1266 420
1267 1264
1268 1995
1269 901
1270 1709
1271 1768
1272 1675
1273 1990
1274 745
1275 612
1276 835
1277 1505
1278 342
1279 711
1280 1948
1281 775
1282 1963
1283 1083
1284 907
1285 706
1286 1380
1287 109
1288 185
1289 1719
1290 213
1291 273
1292 1227
1293 309
1294 1947
1295 1775
1296 1550
1297 1216
1298 1198
1299 1749
1300 492
1301 1965
1302 443
1303 704
1304 1150
1305 555
1306 1217
1307 1313
1308 517
1309 1037
1310 625
1311 947
1312 474
1313 1388
1314 38
1315 1674
1316 90
1317 1878
1318 421
1319 667
1320 1727
1321 576
1322 1591
1323 727
1324 919
1325 822
1326 1173
1327 1571
1328 1561
1329 89
1330 59
1331 996
1332 1678
1333 1192
1334 180
1335 384
1336 427
1337 1240
1338 560
1339 800
1340 1273
1341 370
1342 52
1343 1918
1344 1950
1345 1656
1346 926
1347 1000
1348 287
1349 887
1350 750
1351 1946
1352 300
1353 1715
1354 1501
1355 1870
1356 1279
1357 270
1358 141
1359 629
1360 482
1361 183
1362 422
1363 833
1364 820
1365 910
1366 1891
1367 1924
1368 773
1369 194
1370 1819
1371 1632
1372 1093
1373 1778
1374 1655
1375 117
1376 504
1377 1856
1378 1650
1379 558
1380 199
1381 357
1382 366
1383 1186
1384 1139
1385 1
1386 802
1387 425
1388 1251
1389 620
1390 1237
1391 239
1392 624
1393 1818
1394 1406
1395 1508
1396 1988
1397 1499
1398 330
1399 1374
1400 1702
1401 1062
1402 33
1403 314
1404 660
1405 521
1406 1261
1407 257
1408 1127
1409 1026
1410 653
1411 879
1412 944
1413 875
1414 995
1415 779
1416 771
1417 513
1418 643
1419 710
1420 569
1421 1097
1422 1933
1423 657
1424 1480
1425 1113
1426 1704
1427 1808
1428 70
1429 902
1430 824
1431 1708
1432 753
1433 1032
1434 1651
1435 1435
1436 1460
1437 369
1438 596
1439 132
1440 134
1441 416
1442 1484
1443 202
1444 1085
1445 1873
1446 767
1447 151
1448 816
1449 1557
1450 57
1451 1520
1452 1683
1453 1777
1454 418
1455 997
1456 752
1457 1179
1458 1309
1459 838
1460 1123
1461 333
1462 1922
1463 240
1464 356
1465 520
1466 1462
1467 574
1468 949
1469 952
1470 1597
1471 609
1472 115
1473 604
1474 1737
1475 672
1476 53
1477 1200
1478 1586
1479 1213
1480 1696
1481 888
1482 499
1483 1005
1484 272
1485 1773
1486 402
1487 1864
1488 163
1489 403
1490 1410
1491 1547
1492 475
1493 988
1494 1281
1495 920
1496 1519
1497 616
1498 131
1499 223
1500 1092
1501 485
1502 182
1503 95
1504 783
1505 491
1506 326
1507 1893
1508 1538
1509 1574
1510 1577
1511 1915
1512 1190
1513 619
1514 1836
1515 1280
1516 444
1517 1439
1518 440
1519 1036
1520 271
1521 1980
1522 1720
1523 1003
1524 1483
1525 25
1526 731
1527 728
1528 1782
1529 329
1530 308
1531 980
1532 989
1533 103
1534 1442
1535 93
1536 698
1537 318
1538 1381
1539 1147
1540 967
1541 1467
1542 1896
1543 586
1544 738
1545 295
1546 1071
1547 508
1548 1284
1549 315
1550 235
1551 1253
1552 1340
1553 524
1554 581
1555 1465
1556 1598
1557 894
1558 651
1559 1982
1560 1084
1561 1453
1562 292
1563 970
1564 736
1565 591
1566 1276
1567 27
1568 1432
1569 832
1570 1166
1571 404
1572 1379
1573 566
1574 1333
1575 1245
1576 135
1577 494
1578 46
1579 1880
1580 1454
1581 497
1582 488
1583 918
1584 1045
1585 1886
1586 930
1587 1797
1588 870
1589 642
1590 1664
1591 256
1592 836
1593 1820
1594 1881
1595 1377
1596 1412
1597 17
1598 1162
1599 487
1600 1043
1601 966
1602 757
1603 446
1604 276
1605 112
1606 1117
1607 531
1608 614
1609 1489
1610 1258
1611 635
1612 1607
1613 1058
1614 1625
1615 1248
1616 129
1617 1926
1618 697
1619 774
1620 806
1621 1445
1622 116
1623 1315
1624 1172
1625 994
1626 1821
1627 1847
1628 1236
1629 142
1630 880
1631 346
1632 747
1633 506
1634 1875
1635 737
1636 828
1637 294
1638 275
1639 525
1640 47
1641 1129
1642 1858
1643 104
1644 536
1645 1699
1646 100
1647 1030
1648 1511
1649 1047
1650 1848
1651 430
1652 705
1653 830
1654 1900
1655 1991
1656 758
1657 1203
1658 1234
1659 108
1660 1682
1661 414
1662 1660
1663 1684
1664 1871
1665 654
1666 1994
1667 1291
1668 1807
1669 1326
1670 1546
1671 1455
1672 1714
1673 83
1674 1476
1675 1626
1676 61
1677 1101
1678 84
1679 1534
1680 1288
1681 1695
1682 179
1683 987
1684 1022
1685 222
1686 957
1687 618
1688 113
1689 573
1690 1265
1691 1575
1692 1122
1693 1932
1694 1471
1695 1138
1696 1556
1697 358
1698 220
1699 1014
1700 472
1701 241
1702 169
1703 826
1704 1250
1705 804
1706 562
1707 1895
1708 938
1709 1564
1710 611
1711 1798
1712 467
1713 1175
1714 571
1715 1937
1716 374
1717 1542
1718 1996
1719 787
1720 628
1721 734
1722 1367
1723 411
1724 1840
1725 1437
1726 1299
1727 1429
1728 1680
1729 1669
1730 302
1731 1527
1732 1770
1733 1507
1734 167
1735 1383
1736 1269
1737 778
1738 63
1739 865
1740 1606
1741 1218
1742 740
1743 1034
1744 1076
1745 186
1746 1450
1747 395
1748 1676
1749 1642
1750 496
1751 1316
1752 592
1753 1290
1754 917
1755 895
1756 568
1757 400
1758 545
1759 1007
1760 600
1761 872
1762 1500
1763 1336
1764 1120
1765 1911
1766 1319
1767 941
1768 466
1769 911
1770 1619
1771 1970
1772 1016
1773 1077
1774 818
1775 1955
1776 111
1777 1909
1778 892
1779 367
1780 1804
1781 855
1782 1643
1783 1540
1784 940
1785 503
1786 1233
1787 1111
1788 1785
1789 1191
1790 748
1791 36
1792 1221
1793 1789
1794 1440
1795 156
1796 751
1797 1224
1798 1539
1799 252
1800 1254
1801 1741
1802 204
1803 1978
1804 286
1805 1056
1806 718
1807 1816
1808 1495
1809 412
1810 1524
1811 1472
1812 631
1813 1593
1814 231
1815 1515
1816 584
1817 1361
1818 1752
1819 1610
1820 886
1821 154
1822 21
1823 846
1824 451
1825 1169
1826 1035
1827 716
1828 964
1829 1271
1830 305
1831 128
1832 971
1833 755
1834 1268
1835 858
1836 529
1837 158
1838 1510
1839 301
1840 101
1841 1902
1842 860
1843 1401
1844 882
1845 913
1846 590
1847 577
1848 673
1849 1420
1850 1009
1851 1182
1852 670
1853 82
1854 1334
1855 881
1856 1444
1857 1756
1858 1107
1859 931
1860 1761
1861 537
1862 909
1863 770
1864 1389
1865 14
1866 695
1867 1157
1868 1470
1869 106
1870 31
1871 906
1872 916
1873 1908
1874 1733
1875 1348
1876 435
1877 607
1878 1928
1879 481
1880 1716
1881 1783
1882 1861
1883 1165
1884 1247
1885 243
1886 1879
1887 759
1888 1312
1889 869
1890 678
1891 97
1892 1693
1893 1987
1894 1052
1895 471
1896 1059
1897 1857
1898 563
1899 582
1900 168
1901 1328
1902 415
1903 335
1904 1424
1905 700
1906 1325
1907 626
1908 1992
1909 203
1910 1945
1911 147
1912 1595
1913 866
1914 500
1915 1201
1916 1414
1917 998
1918 152
1919 170
1920 572
1921 1953
1922 1993
1923 891
1924 834
1925 1645
1926 922
1927 1617
1928 1305
1929 958
1930 1106
1931 741
1932 915
1933 1758
1934 644
1935 87
1936 1027
1937 864
1938 1812
1939 1181
1940 1341
1941 1842
1942 1038
1943 312
1944 1478
1945 1274
1946 707
1947 1923
1948 1867
1949 1726
1950 137
1951 701
1952 1055
1953 464
1954 1939
1955 1025
1956 316
1957 544
1958 1754
1959 479
1960 1017
1961 1781
1962 380
1963 1080
1964 1231
1965 1927
1966 1555
1967 1631
1968 26
1969 378
1970 630
1971 447
1972 868
1973 453
1974 267
1975 1322
1976 873
1977 1473
1978 1226
1979 1115
1980 1897
1981 1452
1982 1641
1983 689
1984 1691
1985 1257
1986 161
1987 260
1988 613
1989 1266
1990 86
1991 729
1992 719
1993 927
1994 1817
1995 372
1996 1866
1997 1431
1998 259
1999 1559
2000 0
