10000
1 0
2 1267
3 4277
4 5500
5 303
6 5135
7 2733
8 866
9 5290
10 9300
11 1765
12 7031
13 3578
14 2596
15 3753
16 5029
17 8917
18 9704
19 9732
20 7969
21 5131
22 5020
23 4312
24 5825
25 9794
26 6922
27 8767
28 9449
29 9105
30 6116
31 7956
32 7732
33 8823
34 9517
35 5399
36 8392
37 4099
38 8812
39 2758
40 646
41 3166
42 9976
43 5214
44 9521
45 9550
46 5854
47 9780
48 6641
49 597
50 7534
51 7180
52 1068
53 6322
54 9889
55 1281
56 2344
57 8555
58 6216
59 2708
60 2519
61 5620
62 6334
63 7010
64 1961
65 1447
66 3400
67 7860
68 6869
69 783
70 4412
71 4715
72 2245
73 1945
74 9476
75 2389
76 1714
77 7185
78 9634
79 4995
80 6410
81 1693
82 4122
83 2026
84 6758
85 8445
86 8577
87 811
88 183
89 6126
90 4286
91 564
92 7798
93 5416
94 1702
95 4655
96 352
97 8781
98 7174
99 5864
100 9405
101 6170
102 5258
103 1600
104 8786
105 1616
106 8070
107 3009
108 8526
109 5407
110 5682
111 7281
112 932
113 7682
114 2021
115 6
116 9486
117 4721
118 3139
119 9223
120 7788
121 2783
122 9124
123 367
124 8211
125 6487
126 2053
127 2715
128 5285
129 5478
130 8938
131 4051
132 7901
133 3031
134 6598
135 2362
136 2347
137 7909
138 3759
139 9573
140 7448
141 2346
142 8228
143 7737
144 499
145 1767
146 8100
147 9021
148 4554
149 3754
150 2508
151 7024
152 1271
153 6604
154 7620
155 9869
156 2544
157 7838
158 2984
159 2688
160 5160
161 6677
162 4865
163 4496
164 7
165 9828
166 9637
167 1845
168 4780
169 9616
170 9220
171 23
172 9315
173 7439
174 2764
175 6488
176 7857
177 3391
178 3397
179 7018
180 4724
181 9680
182 6936
183 5489
184 3895
185 5522
186 7785
187 4545
188 6941
189 7065
190 17
191 3545
192 5927
193 1344
194 2118
195 6464
196 2088
197 8401
198 1406
199 4095
200 9226
201 5369
202 600
203 9013
204 6219
205 7357
206 7022
207 885
208 6520
209 6814
210 1332
211 8844
212 3425
213 7406
214 3074
215 2275
216 8407
217 4801
218 4334
219 4574
220 4696
221 3380
222 6376
223 9505
224 847
225 1906
226 6788
227 4038
228 5394
229 649
230 6628
231 3835
232 8001
233 9112
234 2689
235 9895
236 6884
237 6068
238 5177
239 7871
240 8802
241 8036
242 7552
243 9125
244 9026
245 361
246 7308
247 5255
248 7119
249 2558
250 3841
251 7802
252 4091
253 3415
254 457
255 1052
256 8054
257 4352
258 4793
259 2068
260 6988
261 5770
262 8284
263 4716
264 4689
265 2390
266 5316
267 9678
268 7668
269 9817
270 68
271 4450
272 259
273 7462
274 9579
275 8672
276 99
277 8979
278 5129
279 5873
280 3722
281 8009
282 8629
283 864
284 8750
285 7486
286 2028
287 2598
288 7517
289 6332
290 5719
291 4324
292 3684
293 7060
294 8564
295 4598
296 1486
297 1580
298 1282
299 9734
300 8302
301 2499
302 7367
303 2176
304 1485
305 9948
306 2335
307 8997
308 6158
309 4536
310 5455
311 5702
312 1607
313 2566
314 7953
315 4426
316 6581
317 7177
318 9187
319 8834
320 7787
321 5114
322 2940
323 1187
324 6676
325 5921
326 1111
327 5266
328 4849
329 6082
330 2078
331 7531
332 2818
333 9671
334 5189
335 2969
336 9161
337 6816
338 3693
339 8840
340 766
341 7680
342 8670
343 6564
344 6171
345 463
346 2415
347 8499
348 8897
349 4604
350 8973
351 7548
352 3398
353 7053
354 3972
355 9972
356 4152
357 9754
358 2597
359 541
360 8797
361 6718
362 6923
363 1715
364 77
365 9107
366 5477
367 9466
368 9595
369 3562
370 3756
371 8500
372 6101
373 1935
374 8132
375 7383
376 9636
377 5828
378 5484
379 4921
380 5757
381 252
382 1739
383 6802
384 9262
385 889
386 5104
387 1982
388 1579
389 971
390 1193
391 2241
392 9784
393 6749
394 2183
395 7689
396 2901
397 1390
398 4270
399 61
400 7224
401 9245
402 1407
403 8657
404 6631
405 1622
406 3839
407 3053
408 8344
409 1924
410 8702
411 2060
412 6597
413 5701
414 6661
415 2005
416 7709
417 8058
418 1969
419 8764
420 6333
421 5656
422 6730
423 2954
424 9227
425 196
426 4017
427 5838
428 3947
429 9862
430 2246
431 2364
432 6444
433 630
434 9955
435 3853
436 1087
437 9334
438 8608
439 9701
440 9308
441 9547
442 3317
443 1266
444 7505
445 7054
446 9709
447 1527
448 6292
449 3030
450 5567
451 8587
452 857
453 1934
454 1863
455 6780
456 8339
457 3563
458 7085
459 9788
460 260
461 6969
462 6989
463 1175
464 5911
465 7947
466 5188
467 7200
468 3963
469 6062
470 9614
471 3141
472 7269
473 4420
474 3126
475 4725
476 7029
477 1794
478 1862
479 8530
480 8245
481 5448
482 6390
483 9896
484 747
485 9619
486 4439
487 3312
488 9139
489 4321
490 8744
491 5818
492 6810
493 5690
494 8208
495 9159
496 3497
497 3767
498 2520
499 6072
500 2120
501 8198
502 9511
503 738
504 8889
505 9217
506 6699
507 2111
508 6397
509 1031
510 6972
511 9568
512 643
513 9508
514 9029
515 7202
516 8129
517 4086
518 2950
519 4916
520 6436
521 9196
522 5182
523 5817
524 7974
525 8232
526 7555
527 880
528 2801
529 7226
530 1981
531 627
532 1426
533 3297
534 3308
535 4960
536 3443
537 7323
538 658
539 5819
540 1013
541 5388
542 5924
543 9592
544 8830
545 1423
546 7239
547 6395
548 8139
549 6300
550 9442
551 8365
552 8926
553 1801
554 5226
555 7420
556 7339
557 5023
558 3378
559 8026
560 796
561 5043
562 9397
563 7688
564 4510
565 4517
566 9291
567 2724
568 1499
569 1570
570 4431
571 3961
572 9193
573 6493
574 9576
575 9531
576 5937
577 3267
578 9264
579 1884
580 36
581 8095
582 2239
583 6739
584 8135
585 9997
586 4850
587 4774
588 6826
589 6595
590 9203
591 6775
592 9582
593 4764
594 51
595 5074
596 9168
597 8913
598 2320
599 1534
600 1295
601 580
602 9953
603 1103
604 6279
605 4067
606 5783
607 450
608 3874
609 2882
610 3699
611 4568
612 2743
613 6399
614 7867
615 6492
616 579
617 2030
618 8814
619 2523
620 7347
621 2653
622 2637
623 3791
624 2484
625 3306
626 4979
627 2093
628 8313
629 8337
630 5502
631 1320
632 9132
633 399
634 2034
635 5514
636 6702
637 4320
638 1197
639 6592
640 2106
641 6795
642 4314
643 5270
644 1851
645 7295
646 7810
647 3024
648 3887
649 2507
650 623
651 9242
652 5223
653 2809
654 3083
655 2737
656 7675
657 8943
658 7015
659 4237
660 9438
661 7572
662 1641
663 4679
664 4595
665 6042
666 968
667 6997
668 1687
669 9219
670 7412
671 8281
672 6063
673 8060
674 5121
675 6910
676 9810
677 7863
678 4652
679 6970
680 1443
681 6234
682 4512
683 2360
684 4459
685 6276
686 8942
687 9387
688 3731
689 3517
690 1353
691 5519
692 592
693 4300
694 9270
695 7130
696 1096
697 8406
698 7409
699 7584
700 8094
701 201
702 1897
703 8784
704 950
705 9460
706 9269
707 7756
708 5764
709 1393
710 9344
711 9795
712 2848
713 8077
714 915
715 5042
716 2569
717 5273
718 2385
719 4465
720 2753
721 1364
722 3894
723 1134
724 1802
725 7670
726 7841
727 7306
728 4308
729 8720
730 5579
731 4962
732 6415
733 9471
734 9355
735 934
736 1310
737 3269
738 9194
739 3469
740 1040
741 5925
742 1022
743 2398
744 898
745 5845
746 8411
747 6760
748 4317
749 3664
750 4260
751 2431
752 3065
753 590
754 558
755 867
756 4476
757 9350
758 547
759 6346
760 3679
761 9432
762 8367
763 1792
764 9520
765 5452
766 3304
767 4484
768 9857
769 5899
770 4144
771 8683
772 7674
773 1191
774 6026
775 8929
776 7968
777 1326
778 7199
779 7738
780 4709
781 9959
782 3836
783 4281
784 5339
785 479
786 386
787 6197
788 6778
789 5914
790 3745
791 7566
792 8194
793 953
794 60
795 5428
796 6954
797 7758
798 9413
799 3949
800 495
801 951
802 6136
803 1914
804 3672
805 7255
806 3265
807 4625
808 3768
809 4945
810 6703
811 7619
812 833
813 5240
814 9188
815 9098
816 1591
817 4558
818 32
819 9588
820 1610
821 3382
822 8950
823 8793
824 4745
825 1188
826 8883
827 515
828 7250
829 4004
830 1979
831 4647
832 4235
833 9891
834 8606
835 4389
836 4982
837 247
838 7831
839 9218
840 4196
841 4938
842 6237
843 1744
844 9834
845 190
846 679
847 9657
848 9128
849 4740
850 4368
851 7219
852 6537
853 4464
854 1779
855 9684
856 9490
857 8269
858 1608
859 2405
860 5136
861 4162
862 3002
863 9211
864 2466
865 9331
866 6445
867 9924
868 6117
869 9267
870 4271
871 1427
872 4076
873 9347
874 7034
875 4920
876 1157
877 9765
878 3986
879 5992
880 5794
881 8887
882 4097
883 1854
884 6686
885 9102
886 4246
887 3917
888 3599
889 7991
890 9569
891 6258
892 4192
893 9420
894 1743
895 7774
896 7515
897 2041
898 1549
899 2417
900 7474
901 2260
902 4402
903 5987
904 6159
905 9283
906 892
907 8178
908 5048
909 8442
910 1654
911 1957
912 6298
913 3547
914 6805
915 7161
916 4949
917 8534
918 9256
919 5071
920 4700
921 2219
922 5636
923 362
924 2079
925 1960
926 7132
927 1853
928 604
929 3648
930 4649
931 9130
932 5391
933 2568
934 7824
935 5535
936 7848
937 5047
938 8501
939 3214
940 6186
941 2480
942 4615
943 2070
944 391
945 3442
946 1099
947 3336
948 8770
949 7165
950 163
951 155
952 9280
953 9945
954 4941
955 651
956 8520
957 193
958 2031
959 5685
960 5076
961 852
962 5301
963 4011
964 9868
965 5993
966 8828
967 7301
968 6274
969 2045
970 5590
971 5332
972 9356
973 9075
974 138
975 7634
976 6626
977 6474
978 7544
979 3187
980 6100
981 2020
982 9934
983 2182
984 8969
985 1440
986 3922
987 1745
988 7935
989 9552
990 6142
991 5934
992 7646
993 1056
994 7653
995 7639
996 1142
997 249
998 1635
999 2844
1000 7740
1001 1758
1002 3204
1003 4650
1004 6656
1005 7637
1006 258
1007 4382
1008 7112
1009 9666
1010 8826
1011 6819
1012 7616
1013 9070
1014 1222
1015 3045
1016 2587
1017 1254
1018 9260
1019 6029
1020 5848
1021 8333
1022 7256
1023 4438
1024 7720
1025 2676
1026 6526
1027 8318
1028 8774
1029 3780
1030 6011
1031 2786
1032 1435
1033 8819
1034 8342
1035 1756
1036 3503
1037 6259
1038 1751
1039 1141
1040 9332
1041 5881
1042 2231
1043 7937
1044 296
1045 8713
1046 4195
1047 9030
1048 4632
1049 2085
1050 8634
1051 9361
1052 9074
1053 87
1054 5312
1055 5077
1056 8427
1057 7078
1058 3714
1059 8654
1060 5426
1061 139
1062 7817
1063 5956
1064 7594
1065 8371
1066 8842
1067 2090
1068 4259
1069 4680
1070 8589
1071 5250
1072 214
1073 6870
1074 2822
1075 6961
1076 7603
1077 7516
1078 1389
1079 7749
1080 5003
1081 8795
1082 7213
1083 5239
1084 8660
1085 9101
1086 5900
1087 107
1088 910
1089 794
1090 7481
1091 7794
1092 8711
1093 3674
1094 8016
1095 9489
1096 9565
1097 8121
1098 917
1099 1112
1100 9848
1101 4384
1102 7561
1103 9276
1104 8133
1105 6005
1106 6855
1107 7108
1108 5768
1109 5268
1110 7605
1111 893
1112 5943
1113 7389
1114 7961
1115 5645
1116 6748
1117 7834
1118 5038
1119 9583
1120 9425
1121 6147
1122 4002
1123 1168
1124 5128
1125 9928
1126 5892
1127 7570
1128 9433
1129 5230
1130 9339
1131 8646
1132 5839
1133 4901
1134 3649
1135 9312
1136 5364
1137 945
1138 6188
1139 4687
1140 4322
1141 323
1142 8613
1143 4221
1144 5986
1145 7633
1146 9603
1147 4432
1148 335
1149 167
1150 9911
1151 7539
1152 8275
1153 5244
1154 5343
1155 5875
1156 6639
1157 4961
1158 3577
1159 2216
1160 8126
1161 8481
1162 8782
1163 812
1164 6205
1165 5036
1166 267
1167 4523
1168 8885
1169 6612
1170 6751
1171 2796
1172 3596
1173 1086
1174 9935
1175 9093
1176 8266
1177 7593
1178 9533
1179 5164
1180 5344
1181 2846
1182 9669
1183 6935
1184 4010
1185 7826
1186 2656
1187 1071
1188 6857
1189 2989
1190 8361
1191 1452
1192 6119
1193 4150
1194 4223
1195 8106
1196 1159
1197 6763
1198 4024
1199 3499
1200 2962
1201 8247
1202 8975
1203 3855
1204 7457
1205 8578
1206 3612
1207 2513
1208 1445
1209 6862
1210 4900
1211 3700
1212 8821
1213 5350
1214 1228
1215 9304
1216 9410
1217 3897
1218 5877
1219 6602
1220 8930
1221 6809
1222 2904
1223 2784
1224 6820
1225 6836
1226 2571
1227 8447
1228 7984
1229 306
1230 136
1231 1525
1232 732
1233 1870
1234 2561
1235 7617
1236 4473
1237 2585
1238 8176
1239 1144
1240 5836
1241 863
1242 5103
1243 485
1244 8794
1245 6433
1246 4248
1247 2578
1248 549
1249 6282
1250 9469
1251 5982
1252 205
1253 2075
1254 5559
1255 5669
1256 4729
1257 8408
1258 7649
1259 4414
1260 4358
1261 2880
1262 3134
1263 1455
1264 2084
1265 4251
1266 8837
1267 6587
1268 1675
1269 4365
1270 2674
1271 275
1272 2051
1273 858
1274 1749
1275 1453
1276 9986
1277 1540
1278 2731
1279 4846
1280 401
1281 2220
1282 5666
1283 8947
1284 4964
1285 7518
1286 5910
1287 9774
1288 8599
1289 4053
1290 2074
1291 9975
1292 9812
1293 1669
1294 6601
1295 5359
1296 3427
1297 5096
1298 5646
1299 1441
1300 4134
1301 4761
1302 8417
1303 7046
1304 6787
1305 5380
1306 2419
1307 9058
1308 7039
1309 350
1310 6215
1311 989
1312 5417
1313 50
1314 5126
1315 8127
1316 9156
1317 4543
1318 6196
1319 8065
1320 1200
1321 4633
1322 6946
1323 6669
1324 9753
1325 8101
1326 3941
1327 5737
1328 7537
1329 3526
1330 6697
1331 8349
1332 7532
1333 969
1334 7386
1335 308
1336 6720
1337 9234
1338 7335
1339 5331
1340 7429
1341 6987
1342 9854
1343 142
1344 8567
1345 606
1346 3595
1347 6139
1348 7914
1349 613
1350 2861
1351 2449
1352 7064
1353 6200
1354 1574
1355 1075
1356 8940
1357 4888
1358 6694
1359 8715
1360 2562
1361 5324
1362 6665
1363 4046
1364 4065
1365 1722
1366 9229
1367 5279
1368 2600
1369 2465
1370 7149
1371 6045
1372 3341
1373 8680
1374 7198
1375 2202
1376 1735
1377 3687
1378 7684
1379 8867
1380 4466
1381 6980
1382 7478
1383 2928
1384 9870
1385 5967
1386 8170
1387 441
1388 2979
1389 1346
1390 799
1391 4575
1392 952
1393 5908
1394 7094
1395 7258
1396 8772
1397 4373
1398 8807
1399 2295
1400 2869
1401 8912
1402 4637
1403 3651
1404 8773
1405 3331
1406 4727
1407 8092
1408 3445
1409 4138
1410 9925
1411 9649
1412 9042
1413 4744
1414 5801
1415 8277
1416 1172
1417 4043
1418 4753
1419 6467
1420 6386
1421 6672
1422 707
1423 3216
1424 7356
1425 6866
1426 7216
1427 9546
1428 5767
1429 6546
1430 9062
1431 3235
1432 6424
1433 8859
1434 9237
1435 5524
1436 4262
1437 3692
1438 1620
1439 3639
1440 7496
1441 7965
1442 6797
1443 7948
1444 4148
1445 8426
1446 2521
1447 8553
1448 1473
1449 5041
1450 1067
1451 7334
1452 5094
1453 5849
1454 9800
1455 4071
1456 1614
1457 5569
1458 3028
1459 2655
1460 6542
1461 9025
1462 232
1463 7286
1464 5506
1465 6764
1466 22
1467 7302
1468 7159
1469 4714
1470 98
1471 34
1472 7263
1473 6317
1474 1762
1475 3858
1476 3017
1477 7449
1478 2494
1479 3565
1480 2407
1481 7271
1482 5680
1483 359
1484 6596
1485 5019
1486 6337
1487 7921
1488 8316
1489 4497
1490 6967
1491 7585
1492 4338
1493 9326
1494 5745
1495 7033
1496 1073
1497 3918
1498 9121
1499 6615
1500 7190
1501 3795
1502 2355
1503 9284
1504 924
1505 5269
1506 3765
1507 961
1508 6540
1509 7897
1510 9599
1511 4677
1512 4430
1513 8506
1514 7567
1515 5165
1516 7763
1517 4718
1518 4695
1519 3300
1520 6105
1521 3633
1522 1483
1523 6642
1524 7905
1525 250
1526 6803
1527 6095
1528 513
1529 5140
1530 6048
1531 2700
1532 287
1533 6609
1534 8173
1535 2712
1536 9562
1537 7536
1538 2890
1539 1839
1540 5444
1541 8348
1542 2706
1543 1373
1544 3111
1545 5435
1546 1098
1547 3399
1548 5754
1549 6211
1550 7430
1551 1201
1552 3903
1553 4852
1554 9294
1555 1775
1556 2627
1557 9153
1558 1365
1559 2959
1560 788
1561 9103
1562 6681
1563 7667
1564 4448
1565 5694
1566 216
1567 2791
1568 2549
1569 8898
1570 787
1571 9439
1572 1996
1573 4784
1574 3851
1575 964
1576 3893
1577 9571
1578 134
1579 6754
1580 269
1581 4511
1582 1178
1583 7631
1584 9979
1585 6920
1586 9852
1587 6693
1588 3977
1589 6231
1590 3439
1591 7690
1592 7887
1593 3877
1594 5740
1595 5922
1596 349
1597 3381
1598 6945
1599 9468
1600 4163
1601 8964
1602 1137
1603 5348
1604 9034
1605 9951
1606 7074
1607 7082
1608 488
1609 2251
1610 8712
1611 1659
1612 1777
1613 6547
1614 1952
1615 9541
1616 1516
1617 9519
1618 3555
1619 8796
1620 212
1621 3914
1622 5766
1623 2365
1624 2728
1625 7179
1626 2726
1627 8866
1628 1807
1629 5067
1630 9617
1631 5888
1632 3200
1633 9601
1634 5420
1635 8523
1636 3801
1637 5447
1638 5174
1639 1513
1640 363
1641 8640
1642 6908
1643 6318
1644 470
1645 2322
1646 1347
1647 6885
1648 9069
1649 2265
1650 43
1651 9409
1652 4155
1653 8189
1654 6146
1655 2261
1656 4206
1657 6793
1658 9991
1659 4505
1660 1817
1661 5570
1662 5099
1663 2500
1664 8123
1665 5677
1666 6286
1667 589
1668 2973
1669 7589
1670 4020
1671 7828
1672 6046
1673 2224
1674 6305
1675 7241
1676 8029
1677 1343
1678 2755
1679 5895
1680 2396
1681 3537
1682 263
1683 9493
1684 3990
1685 7744
1686 5179
1687 9650
1688 4779
1689 1625
1690 2064
1691 2648
1692 3743
1693 4278
1694 5421
1695 124
1696 6977
1697 5509
1698 4176
1699 5065
1700 2357
1701 8391
1702 6497
1703 8210
1704 4612
1705 3635
1706 1154
1707 468
1708 2442
1709 9214
1710 1544
1711 2860
1712 2139
1713 3379
1714 7390
1715 7743
1716 1998
1717 3586
1718 5440
1719 9598
1720 9404
1721 2891
1722 716
1723 850
1724 1280
1725 6643
1726 4661
1727 4057
1728 4609
1729 8890
1730 9113
1731 2756
1732 7181
1733 3182
1734 8440
1735 3097
1736 942
1737 8622
1738 4853
1739 3550
1740 9724
1741 1989
1742 9707
1743 7359
1744 7415
1745 5278
1746 5414
1747 8468
1748 2130
1749 6590
1750 8871
1751 8234
1752 6524
1753 1331
1754 4394
1755 197
1756 1093
1757 2012
1758 1821
1759 3691
1760 616
1761 6620
1762 2230
1763 4407
1764 2840
1765 9060
1766 9947
1767 1442
1768 4441
1769 231
1770 4264
1771 5473
1772 2864
1773 2115
1774 2691
1775 8861
1776 3079
1777 5204
1778 7710
1779 6272
1780 2921
1781 3151
1782 1468
1783 3046
1784 2046
1785 8451
1786 8464
1787 7041
1788 5874
1789 4806
1790 4411
1791 7641
1792 2851
1793 4736
1794 1211
1795 3212
1796 2682
1797 4832
1798 2439
1799 4582
1800 4189
1801 3560
1802 7557
1803 8444
1804 9902
1805 4117
1806 2960
1807 1822
1808 7270
1809 8586
1810 9726
1811 9768
1812 3738
1813 8171
1814 6239
1815 7214
1816 7588
1817 3569
1818 8557
1819 1918
1820 1866
1821 5653
1822 7643
1823 7930
1824 4829
1825 1873
1826 5046
1827 5879
1828 9108
1829 8003
1830 195
1831 5252
1832 6032
1833 9589
1834 1377
1835 5402
1836 7148
1837 6232
1838 8623
1839 6469
1840 3936
1841 9500
1842 9695
1843 2148
1844 7443
1845 5353
1846 697
1847 521
1848 6706
1849 3468
1850 8494
1851 8441
1852 7069
1853 3008
1854 4530
1855 4663
1856 4610
1857 6476
1858 611
1859 8980
1860 3076
1861 4060
1862 3291
1863 2247
1864 75
1865 9441
1866 4070
1867 8690
1868 3786
1869 9827
1870 8673
1871 7522
1872 792
1873 7104
1874 4978
1875 8373
1876 7745
1877 2187
1878 9377
1879 7261
1880 317
1881 2348
1882 7045
1883 1227
1884 641
1885 676
1886 3124
1887 9473
1888 3822
1889 7272
1890 62
1891 8086
1892 8574
1893 9968
1894 6950
1895 9366
1896 6204
1897 5891
1898 2703
1899 4385
1900 7499
1901 882
1902 5483
1903 5651
1904 7000
1905 4052
1906 3645
1907 5004
1908 992
1909 6103
1910 442
1911 2054
1912 1438
1913 4894
1914 5721
1915 1078
1916 8547
1917 9920
1918 5711
1919 713
1920 8619
1921 9333
1922 169
1923 4161
1924 2721
1925 3905
1926 7582
1927 4728
1928 6968
1929 9005
1930 9209
1931 7939
1932 8932
1933 8568
1934 6740
1935 9670
1936 2047
1937 7547
1938 2113
1939 2862
1940 3601
1941 3883
1942 6425
1943 2883
1944 2599
1945 41
1946 3226
1947 7535
1948 1146
1949 1880
1950 1671
1951 5995
1952 5563
1953 5994
1954 394
1955 4954
1956 297
1957 3868
1958 9483
1959 5894
1960 3010
1961 7221
1962 7280
1963 6839
1964 8225
1965 9523
1966 4467
1967 8004
1968 5504
1969 6463
1970 626
1971 1811
1972 919
1973 7973
1974 7093
1975 1720
1976 2325
1977 9755
1978 3539
1979 8731
1980 8425
1981 2664
1982 4492
1983 5378
1984 7052
1985 2493
1986 2955
1987 7468
1988 3465
1989 5672
1990 3880
1991 3086
1992 628
1993 5377
1994 1432
1995 1318
1996 7716
1997 9049
1998 2406
1999 4227
2000 7945
2001 7661
2002 7510
2003 5942
2004 2673
2005 5539
2006 836
2007 6414
2008 4996
2009 1138
2010 7942
2011 3178
2012 9210
2013 5251
2014 9651
2015 6421
2016 4139
2017 3556
2018 2307
2019 6611
2020 3289
2021 5092
2022 3302
2023 7660
2024 8353
2025 5352
2026 2553
2027 960
2028 7917
2029 2372
2030 5486
2031 7365
2032 6434
2033 312
2034 6634
2035 6089
2036 2221
2037 8025
2038 8617
2039 3354
2040 1519
2041 9465
2042 5253
2043 7320
2044 8203
2045 5496
2046 2602
2047 1420
2048 1658
2049 5052
2050 1626
2051 5059
2052 3653
2053 690
2054 1679
2055 7310
2056 9179
2057 9980
2058 18
2059 6247
2060 9965
2061 782
2062 5057
2063 2910
2064 2547
2065 8550
2066 7866
2067 3734
2068 750
2069 191
2070 1619
2071 5589
2072 8965
2073 1092
2074 8855
2075 1872
2076 3696
2077 315
2078 2900
2079 9250
2080 9905
2081 5650
2082 7204
2083 912
2084 6617
2085 9277
2086 7115
2087 7006
2088 8593
2089 8021
2090 3370
2091 7797
2092 3802
2093 5844
2094 1557
2095 6621
2096 5732
2097 3589
2098 548
2099 2530
2100 2421
2101 4364
2102 6460
2103 9064
2104 3159
2105 3985
2106 4252
2107 2316
2108 4341
2109 2892
2110 380
2111 3130
2112 7687
2113 4854
2114 8921
2115 7025
2116 9851
2117 3983
2118 6833
2119 1024
2120 5392
2121 5212
2122 8954
2123 9747
2124 1581
2125 839
2126 5441
2127 5358
2128 9150
2129 400
2130 3957
2131 657
2132 5823
2133 5351
2134 1417
2135 7888
2136 3750
2137 1363
2138 1403
2139 2575
2140 2302
2141 6591
2142 6608
2143 9744
2144 4158
2145 789
2146 4105
2147 2811
2148 2887
2149 6550
2150 718
2151 8584
2152 9327
2153 6523
2154 2475
2155 1042
2156 516
2157 2802
2158 8020
2159 8616
2160 2483
2161 3208
2162 1916
2163 9221
2164 7719
2165 3284
2166 6531
2167 7210
2168 9499
2169 7504
2170 7314
2171 6973
2172 6992
2173 5738
2174 685
2175 5913
2176 3335
2177 4062
2178 6225
2179 4586
2180 5582
2181 8093
2182 9372
2183 9079
2184 2793
2185 1136
2186 7728
2187 7285
2188 8201
2189 2852
2190 9787
2191 9158
2192 8290
2193 285
2194 8562
2195 4082
2196 194
2197 3546
2198 6498
2199 3496
2200 8723
2201 8488
2202 6662
2203 4690
2204 4478
2205 3527
2206 5730
2207 6991
2208 7299
2209 9658
2210 2303
2211 927
2212 1132
2213 1783
2214 7056
2215 9962
2216 1951
2217 2543
2218 5912
2219 6067
2220 7625
2221 2427
2222 3695
2223 7084
2224 9488
2225 7331
2226 5084
2227 7458
2228 7122
2229 6283
2230 74
2231 9389
2232 129
2233 5085
2234 2199
2235 554
2236 5758
2237 433
2238 5102
2239 1950
2240 3228
2241 823
2242 206
2243 2458
2244 2935
2245 7708
2246 5151
2247 9222
2248 3531
2249 8260
2250 8227
2251 9554
2252 1429
2253 7441
2254 9197
2255 9050
2256 8311
2257 8905
2258 6423
2259 6331
2260 5841
2261 7284
2262 1791
2263 1247
2264 3055
2265 9956
2266 1874
2267 6384
2268 4041
2269 9673
2270 5935
2271 3814
2272 562
2273 6466
2274 166
2275 9133
2276 538
2277 2240
2278 8309
2279 7513
2280 5638
2281 5326
2282 4551
2283 1788
2284 420
2285 5208
2286 5310
2287 6144
2288 3088
2289 3622
2290 6507
2291 490
2292 5021
2293 6504
2294 6003
2295 2697
2296 5557
2297 8112
2298 6901
2299 583
2300 1910
2301 5643
2302 2524
2303 723
2304 9923
2305 5601
2306 8633
2307 3607
2308 6633
2309 1257
2310 2990
2311 4627
2312 2630
2313 793
2314 9790
2315 1090
2316 3819
2317 9973
2318 2368
2319 340
2320 1694
2321 1922
2322 7291
2323 7077
2324 9063
2325 384
2326 8280
2327 7819
2328 9118
2329 8789
2330 3482
2331 7372
2332 3108
2333 3821
2334 56
2335 8301
2336 8255
2337 4675
2338 3155
2339 1923
2340 7640
2341 9414
2342 2491
2343 3323
2344 8701
2345 9584
2346 5055
2347 9039
2348 705
2349 9769
2350 6490
2351 4377
2352 4151
2353 5013
2354 9408
2355 8461
2356 332
2357 3610
2358 13
2359 7408
2360 1351
2361 9808
2362 7469
2363 895
2364 4033
2365 7856
2366 4326
2367 5663
2368 3942
2369 7614
2370 830
2371 5406
2372 9909
2373 8182
2374 9859
2375 8285
2376 4936
2377 7685
2378 2343
2379 5127
2380 4380
2381 2452
2382 3570
2383 1612
2384 2460
2385 818
2386 5354
2387 1494
2388 1954
2389 4315
2390 4699
2391 8374
2392 1750
2393 5700
2394 4833
2395 1223
2396 8825
2397 7850
2398 9398
2399 3172
2400 2017
2401 4762
2402 9845
2403 8833
2404 4147
2405 1850
2406 8813
2407 3092
2408 1993
2409 6650
2410 8856
2411 776
2412 6212
2413 9454
2414 8164
2415 6102
2416 6756
2417 7382
2418 8768
2419 5671
2420 9949
2421 2996
2422 4021
2423 5116
2424 8288
2425 2089
2426 1428
2427 4989
2428 3729
2429 3014
2430 4584
2431 2353
2432 9484
2433 5443
2434 7182
2435 6406
2436 2203
2437 7506
2438 6402
2439 6931
2440 3538
2441 1771
2442 7628
2443 4571
2444 8716
2445 5001
2446 2854
2447 4662
2448 8803
2449 5619
2450 6904
2451 9056
2452 4178
2453 8320
2454 342
2455 2413
2456 9627
2457 5678
2458 7654
2459 7355
2460 1069
2461 273
2462 2863
2463 2837
2464 8877
2465 5508
2466 9155
2467 821
2468 2551
2469 8117
2470 6059
2471 2256
2472 9386
2473 5896
2474 7362
2475 9365
2476 2679
2477 8084
2478 4950
2479 6867
2480 4008
2481 1119
2482 5154
2483 8415
2484 9247
2485 7163
2486 8082
2487 986
2488 7659
2489 1300
2490 3171
2491 6106
2492 2140
2493 844
2494 5037
2495 6262
2496 8475
2497 6473
2498 4403
2499 3716
2500 6194
2501 8920
2502 4213
2503 519
2504 5335
2505 6340
2506 3881
2507 9596
2508 2395
2509 5901
2510 6552
2511 9551
2512 7558
2513 3487
2514 8385
2515 8609
2516 9288
2517 7760
2518 2550
2519 2557
2520 8056
2521 8238
2522 2608
2523 3915
2524 4204
2525 5437
2526 1072
2527 2858
2528 6971
2529 528
2530 82
2531 6374
2532 1892
2533 8448
2534 3122
2535 8271
2536 6660
2537 7330
2538 2249
2539 2001
2540 9175
2541 4666
2542 1877
2543 1425
2544 3475
2545 1026
2546 6729
2547 9714
2548 2893
2549 9057
2550 4080
2551 4576
2552 4713
2553 9865
2554 7423
2555 9253
2556 4113
2557 5593
2558 2810
2559 7151
2560 9782
2561 5283
2562 5032
2563 5337
2564 6244
2565 1479
2566 1023
2567 9071
2568 3326
2569 3501
2570 3035
2571 7079
2572 6387
2573 2326
2574 5902
2575 6140
2576 5531
2577 8970
2578 7836
2579 8838
2580 8011
2581 5815
2582 6668
2583 5799
2584 2116
2585 1107
2586 2769
2587 526
2588 6448
2589 3316
2590 8150
2591 8934
2592 7351
2593 7916
2594 2693
2595 6303
2596 4419
2597 6815
2598 316
2599 1552
2600 6563
2601 5493
2602 4631
2603 9120
2604 6766
2605 702
2606 3618
2607 3345
2608 7322
2609 4488
2610 4275
2611 7215
2612 9674
2613 326
2614 4924
2615 6330
2616 3962
2617 2774
2618 53
2619 236
2620 7777
2621 9527
2622 4265
2623 7374
2624 622
2625 9813
2626 3232
2627 9542
2628 4236
2629 1861
2630 2806
2631 3158
2632 9381
2633 2592
2634 4355
2635 941
2636 9123
2637 1889
2638 6163
2639 3934
2640 1573
2641 2855
2642 165
2643 3532
2644 4369
2645 8350
2646 1931
2647 8486
2648 9126
2649 9516
2650 3039
2651 3878
2652 1841
2653 5628
2654 3647
2655 2259
2656 1121
2657 1560
2658 8187
2659 8556
2660 5366
2661 6489
2662 9061
2663 4688
2664 4304
2665 9838
2666 4737
2667 6679
2668 8596
2669 9263
2670 6427
2671 4405
2672 8102
2673 1818
2674 9844
2675 2512
2676 3353
2677 2082
2678 6948
2679 393
2680 8911
2681 4622
2682 5893
2683 4222
2684 6404
2685 7896
2686 2050
2687 5991
2688 7681
2689 1985
2690 4913
2691 9177
2692 1632
2693 1276
2694 8338
2695 3422
2696 853
2697 7049
2698 1686
2699 422
2700 837
2701 7321
2702 7092
2703 7599
2704 4323
2705 3337
2706 8240
2707 127
2708 5625
2709 2004
2710 7874
2711 7820
2712 2200
2713 8473
2714 7366
2715 593
2716 3449
2717 504
2718 2632
2719 1890
2720 5408
2721 6275
2722 6777
2723 7124
2724 7303
2725 8482
2726 4121
2727 9004
2728 7999
2729 578
2730 1706
2731 1508
2732 164
2733 6791
2734 6411
2735 8839
2736 6868
2737 3783
2738 1237
2739 4861
2740 182
2741 7893
2742 3274
2743 3271
2744 3244
2745 6430
2746 3820
2747 1376
2748 3393
2749 3991
2750 8988
2751 3026
2752 7002
2753 563
2754 9018
2755 5975
2756 1210
2757 2580
2758 9317
2759 3925
2760 3123
2761 8986
2762 8293
2763 5716
2764 2232
2765 1039
2766 7067
2767 5919
2768 3243
2769 5712
2770 8904
2771 3490
2772 2006
2773 555
2774 9166
2775 115
2776 5385
2777 7635
2778 1698
2779 8647
2780 9758
2781 4756
2782 3854
2783 5516
2784 2024
2785 5714
2786 7879
2787 8919
2788 9320
2789 5101
2790 6256
2791 9279
2792 6358
2793 1170
2794 8939
2795 2514
2796 9430
2797 3975
2798 849
2799 1487
2800 753
2801 5313
2802 6471
2803 2548
2804 227
2805 2908
2806 8457
2807 4676
2808 3682
2809 3757
2810 6713
2811 2371
2812 3324
2813 2319
2814 5955
2815 6774
2816 735
2817 4665
2818 2606
2819 7157
2820 7648
2821 9648
2822 9831
2823 6178
2824 8483
2825 8735
2826 996
2827 2709
2828 6446
2829 3865
2830 8207
2831 3118
2832 9910
2833 48
2834 4890
2835 5005
2836 6372
2837 9839
2838 172
2839 4694
2840 2099
2841 6288
2842 9796
2843 6513
2844 9681
2845 3401
2846 4171
2847 4285
2848 663
2849 6881
2850 1847
2851 2622
2852 940
2853 3976
2854 8778
2855 4188
2856 102
2857 8509
2858 449
2859 1674
2860 3426
2861 3
2862 1131
2863 4230
2864 9403
2865 234
2866 8354
2867 2816
2868 9348
2869 4515
2870 4557
2871 3711
2872 6083
2873 2831
2874 3110
2875 771
2876 5200
2877 7172
2878 9144
2879 9745
2880 6645
2881 9501
2882 6898
2883 6515
2884 6455
2885 9085
2886 7677
2887 4107
2888 7662
2889 1312
2890 7152
2891 3891
2892 1997
2893 5905
2894 9031
2895 179
2896 7388
2897 6452
2898 9341
2899 8397
2900 1219
2901 4758
2902 2299
2903 806
2904 9907
2905 4738
2906 2444
2907 6302
2908 4710
2909 403
2910 9325
2911 7402
2912 720
2913 5073
2914 2773
2915 3507
2916 1226
2917 7913
2918 2198
2919 5691
2920 6016
2921 2283
2922 588
2923 9482
2924 6823
2925 982
2926 1048
2927 686
2928 7368
2929 6210
2930 8085
2931 3832
2932 5640
2933 7859
2934 5699
2935 1875
2936 2886
2937 3006
2938 2416
2939 6218
2940 1603
2941 4617
2942 423
2943 8462
2944 5480
2945 6503
2946 9111
2947 4678
2948 8231
2949 9316
2950 922
2951 1928
2952 1126
2953 3011
2954 265
2955 4498
2956 2619
2957 8071
2958 8000
2959 8569
2960 584
2961 5203
2962 5232
2963 6432
2964 7318
2965 4544
2966 1459
2967 9380
2968 5860
2969 9530
2970 5610
2971 4267
2972 6352
2973 3580
2974 2641
2975 779
2976 7964
2977 6530
2978 7097
2979 2750
2980 4106
2981 1288
2982 3495
2983 2191
2984 8120
2985 5674
2986 3094
2987 5989
2988 7941
2989 7890
2990 3147
2991 3022
2992 4596
2993 5577
2994 5970
2995 3492
2996 8777
2997 743
2998 7118
2999 346
3000 9510
3001 9164
3002 7759
3003 8937
3004 5413
3005 9652
3006 7750
3007 1214
3008 1246
3009 8192
3010 8852
3011 3281
3012 6195
3013 9879
3014 769
3015 756
3016 2788
3017 5543
3018 5568
3019 4531
3020 5175
3021 8976
3022 381
3023 9544
3024 9878
3025 5827
3026 6160
3027 2945
3028 9620
3029 9818
3030 6085
3031 4798
3032 8757
3033 9715
3034 4185
3035 207
3036 645
3037 4073
3038 5917
3039 6606
3040 6807
3041 8691
3042 5611
3043 946
3044 9052
3045 4880
3046 2358
3047 681
3048 4401
3049 6610
3050 1554
3051 1837
3052 981
3053 3815
3054 612
3055 2195
3056 8096
3057 4381
3058 4822
3059 3048
3060 7843
3061 7160
3062 6951
3063 1860
3064 2276
3065 7245
3066 299
3067 2397
3068 9939
3069 5345
3070 1776
3071 8381
3072 5513
3073 2958
3074 3355
3075 1327
3076 5972
3077 8791
3078 4116
3079 1894
3080 7612
3081 2938
3082 9216
3083 8651
3084 6728
3085 7233
3086 3242
3087 9763
3088 3629
3089 4831
3090 1597
3091 861
3092 4973
3093 4477
3094 8746
3095 3763
3096 6145
3097 2718
3098 2151
3099 8251
3100 3103
3101 3824
3102 7827
3103 8184
3104 9106
3105 7900
3106 6431
3107 5756
3108 9376
3109 8493
3110 5600
3111 7267
3112 3050
3113 4454
3114 4404
3115 2870
3116 4
3117 4629
3118 9761
3119 8600
3120 6405
3121 5393
3122 7361
3123 5665
3124 4319
3125 8330
3126 9882
3127 2445
3128 993
3129 1826
3130 8907
3131 7274
3132 2542
3133 5637
3134 9261
3135 7364
3136 3837
3137 9785
3138 6308
3139 9286
3140 6894
3141 7275
3142 5192
3143 2646
3144 4506
3145 6666
3146 3919
3147 3749
3148 132
3149 4157
3150 8314
3151 2617
3152 4042
3153 9363
3154 1638
3155 9215
3156 4726
3157 5156
3158 6291
3159 5965
3160 553
3161 9607
3162 4137
3163 7436
3164 684
3165 1032
3166 3860
3167 2976
3168 8145
3169 2155
3170 3581
3171 2341
3172 9296
3173 1361
3174 8689
3175 8323
3176 1286
3177 874
3178 7343
3179 7081
3180 2058
3181 2985
3182 8785
3183 1130
3184 1313
3185 6917
3186 9417
3187 2010
3188 6549
3189 8585
3190 3771
3191 7878
3192 3357
3193 4848
3194 7825
3195 6689
3196 683
3197 6663
3198 9254
3199 5410
3200 3032
3201 8529
3202 9129
3203 7697
3204 4205
3205 9750
3206 972
3207 1536
3208 8505
3209 3417
3210 1235
3211 2885
3212 3627
3213 4240
3214 4641
3215 1598
3216 6495
3217 6213
3218 5978
3219 9497
3220 565
3221 8358
3222 4495
3223 9998
3224 1967
3225 6439
3226 9384
3227 9529
3228 1002
3229 9110
3230 8075
3231 9826
3232 8213
3233 2897
3234 7230
3235 2145
3236 6899
3237 7023
3238 7902
3239 2121
3240 2037
3241 3954
3242 3072
3243 4442
3244 9076
3245 6635
3246 6073
3247 5630
3248 4668
3249 7432
3250 977
3251 7731
3252 1401
3253 2992
3254 3703
3255 1789
3256 1885
3257 4501
3258 4182
3259 9024
3260 1463
3261 6191
3262 737
3263 8978
3264 5367
3265 1350
3266 4667
3267 1609
3268 5856
3269 9451
3270 6625
3271 5918
3272 6250
3273 3782
3274 2732
3275 6927
3276 3827
3277 9737
3278 8154
3279 3181
3280 5542
3281 8152
3282 9779
3283 4883
3284 7290
3285 4203
3286 9182
3287 2350
3288 9207
3289 2794
3290 4608
3291 2903
3292 9228
3293 8804
3294 7171
3295 6381
3296 9464
3297 807
3298 1509
3299 2134
3300 1596
3301 8644
3302 5031
3303 9082
3304 4534
3305 1621
3306 177
3307 9010
3308 8496
3309 8140
3310 5459
3311 4305
3312 3063
3313 489
3314 3060
3315 9760
3316 2789
3317 9677
3318 8454
3319 4225
3320 6345
3321 8292
3322 2800
3323 2073
3324 8489
3325 667
3326 1907
3327 6692
3328 6187
3329 3373
3330 640
3331 5964
3332 4875
3333 5117
3334 9478
3335 4279
3336 1764
3337 2914
3338 8949
3339 8125
3340 6242
3341 5971
3342 3325
3343 591
3344 5704
3345 5944
3346 69
3347 3559
3348 6123
3349 7061
3350 8310
3351 5634
3352 828
3353 1795
3354 8734
3355 8809
3356 1230
3357 1503
3358 4440
3359 3979
3360 1535
3361 6389
3362 3929
3363 6947
3364 5939
3365 5731
3366 8516
3367 2101
3368 6841
3369 2066
3370 7876
3371 2380
3372 7410
3373 3966
3374 5207
3375 3003
3376 5686
3377 9886
3378 4669
3379 1763
3380 5233
3381 1629
3382 2899
3383 665
3384 8409
3385 9481
3386 7923
3387 272
3388 9157
3389 9020
3390 9611
3391 3043
3392 5616
3393 6253
3394 2777
3395 7137
3396 6726
3397 6133
3398 6407
3399 9733
3400 9205
3401 1891
3402 3377
3403 8495
3404 3396
3405 3206
3406 5762
3407 3153
3408 8414
3409 4813
3410 4987
3411 8300
3412 5744
3413 5229
3414 6696
3415 2257
3416 8699
3417 3193
3418 7076
3419 1336
3420 1182
3421 2554
3422 1895
3423 1375
3424 1980
3425 8144
3426 9011
3427 2980
3428 1058
3429 8941
3430 1958
3431 1518
3432 4366
3433 843
3434 691
3435 6165
3436 983
3437 4528
3438 6098
3439 9778
3440 8736
3441 3248
3442 1283
3443 1476
3444 797
3445 3421
3446 8015
3447 7257
3448 7279
3449 3188
3450 2609
3451 5246
3452 2760
3453 8692
3454 7988
3455 492
3456 4167
3457 6041
3458 8766
3459 6356
3460 3431
3461 171
3462 865
3463 8742
3464 2740
3465 2763
3466 6767
3467 6477
3468 7345
3469 7735
3470 5627
3471 4929
3472 8254
3473 8677
3474 3956
3475 2748
3476 8230
3477 460
3478 3579
3479 1823
3480 4760
3481 4923
3482 5317
3483 7087
3484 6093
3485 3049
3486 3256
3487 6107
3488 7784
3489 1827
3490 2472
3491 9623
3492 4611
3493 907
3494 3727
3495 7700
3496 7464
3497 3263
3498 4839
3499 2018
3500 8032
3501 4877
3502 7127
3503 808
3504 1184
3505 3999
3506 552
3507 2462
3508 9597
3509 9708
3510 8659
3511 2420
3512 2918
3513 1127
3514 1955
3515 3433
3516 390
3517 355
3518 7762
3519 6049
3520 3185
3521 9842
3522 9424
3523 9713
3524 6575
3525 3689
3526 6822
3527 6682
3528 2952
3529 5078
3530 5008
3531 2291
3532 8319
3533 6638
3534 8378
3535 7655
3536 3744
3537 4028
3538 4782
3539 906
3540 4592
3541 2065
3542 9941
3543 144
3544 7292
3545 3615
3546 599
3547 1029
3548 8471
3549 4332
3550 7377
3551 4870
3552 8771
3553 7963
3554 9200
3555 9487
3556 9538
3557 4799
3558 6892
3559 9728
3560 1041
3561 7493
3562 4054
3563 9323
3564 5034
3565 9908
3566 7704
3567 2856
3568 9146
3569 1912
3570 8650
3571 3268
3572 2378
3573 3307
3574 6845
3575 1678
3576 159
3577 3305
3578 6940
3579 5890
3580 2532
3581 6419
3582 9944
3583 8549
3584 6475
3585 406
3586 5033
3587 6078
3588 9463
3589 9722
3590 6175
3591 9274
3592 481
3593 9807
3594 965
3595 2614
3596 3723
3597 1988
3598 2857
3599 2410
3600 9148
3601 3713
3602 3796
3603 1014
3604 5878
3605 7007
3606 8725
3607 3299
3608 5357
3609 8741
3610 5938
3611 8137
3612 9186
3613 1709
3614 9352
3615 5451
3616 6733
3617 1434
3618 8299
3619 2161
3620 3953
3621 1676
3622 6828
3623 8638
3624 9626
3625 2894
3626 4109
3627 2268
3628 4257
3629 4874
3630 8017
3631 1323
3632 838
3633 7278
3634 8546
3635 7793
3636 3020
3637 826
3638 1898
3639 8236
3640 3000
3641 1501
3642 1704
3643 7166
3644 3789
3645 2210
3646 7950
3647 5024
3648 5403
3649 2273
3650 8541
3651 9358
3652 9313
3653 6832
3654 7912
3655 5615
3656 7723
3657 1846
3658 330
3659 1523
3660 1738
3661 1139
3662 3728
3663 3621
3664 3530
3665 6207
3666 5884
3667 1938
3668 3491
3669 2043
3670 3075
3671 7705
3672 4064
3673 2105
3674 4560
3675 8325
3676 8870
3677 7739
3678 6370
3679 2213
3680 9390
3681 8484
3682 2298
3683 1900
3684 1882
3685 1682
3686 2288
3687 2007
3688 6554
3689 8179
3690 8008
3691 532
3692 293
3693 1713
3694 8402
3695 6573
3696 5843
3697 6580
3698 744
3699 3558
3700 1542
3701 6182
3702 2384
3703 801
3704 3522
3705 3879
3706 813
3707 6428
3708 795
3709 6324
3710 135
3711 1700
3712 4671
3713 7426
3714 9044
3715 7696
3716 2813
3717 58
3718 1122
3719 5257
3720 3994
3721 5027
3722 3467
3723 8479
3724 91
3725 6652
3726 9783
3727 1630
3728 708
3729 49
3730 8453
3731 2669
3732 7004
3733 1277
3734 5907
3735 5228
3736 6622
3737 6585
3738 2032
3739 5072
3740 8835
3741 3349
3742 5436
3743 364
3744 4674
3745 3051
3746 923
3747 3830
3748 512
3749 6394
3750 4503
3751 1933
3752 2775
3753 277
3754 5782
3755 2381
3756 7741
3757 2243
3758 1307
3759 511
3760 8438
3761 5470
3762 4751
3763 4706
3764 6465
3765 9181
3766 8022
3767 8652
3768 1973
3769 4645
3770 4180
3771 1061
3772 6174
3773 4078
3774 6335
3775 9330
3776 5256
3777 6245
3778 8728
3779 9984
3780 2510
3781 4220
3782 2779
3783 5706
3784 5118
3785 2072
3786 4079
3787 1243
3788 3436
3789 9978
3790 938
3791 3785
3792 6509
3793 7195
3794 208
3795 939
3796 3196
3797 3624
3798 617
3799 1716
3800 9400
3801 2957
3802 9134
3803 9314
3804 8780
3805 7924
3806 1948
3807 5863
3808 7489
3809 1265
3810 6613
3811 3385
3812 8153
3813 2399
3814 2067
3815 6821
3816 3096
3817 4802
3818 8019
3819 6736
3820 574
3821 5152
3822 404
3823 3173
3824 3676
3825 2636
3826 3998
3827 1105
3828 5534
3829 146
3830 9613
3831 9189
3832 7128
3833 477
3834 2590
3835 7154
3836 9524
3837 1003
3838 7095
3839 270
3840 9686
3841 9994
3842 9509
3843 4590
3844 9672
3845 3293
3846 8948
3847 3719
3848 9240
3849 5813
3850 2324
3851 2570
3852 9368
3853 1017
3854 8307
3855 6858
3856 6366
3857 5155
3858 4032
3859 369
3860 995
3861 7970
3862 3314
3863 6779
3864 8694
3865 4345
3866 7873
3867 8372
3868 6290
3869 4963
3870 409
3871 5530
3872 12
3873 8246
3874 928
3875 2993
3876 1741
3877 8559
3878 4946
3879 7910
3880 7106
3881 318
3882 8331
3883 1589
3884 7206
3885 2915
3886 1937
3887 5613
3888 7212
3889 9739
3890 3087
3891 6273
3892 1650
3893 3099
3894 3142
3895 428
3896 5670
3897 9183
3898 411
3899 3319
3900 9008
3901 3593
3902 3368
3903 7813
3904 1088
3905 8439
3906 5475
3907 5295
3908 1469
3909 240
3910 2186
3911 8163
3912 9297
3913 447
3914 438
3915 5293
3916 72
3917 6512
3918 7187
3919 1657
3920 5494
3921 8846
3922 1690
3923 5482
3924 7796
3925 6363
3926 2746
3927 2888
3928 4444
3929 2112
3930 9602
3931 5433
3932 199
3933 9622
3934 2823
3935 466
3936 3423
3937 9119
3938 1383
3939 9801
3940 5988
3941 9275
3942 1512
3943 14
3944 6863
3945 4031
3946 7062
3947 5805
3948 6577
3949 5949
3950 7875
3951 4393
3952 3246
3953 9271
3954 5460
3955 9249
3956 3220
3957 8958
3958 7990
3959 1047
3960 5526
3961 1240
3962 3638
3963 9943
3964 418
3965 1342
3966 5852
3967 8658
3968 3359
3969 842
3970 5108
3971 6056
3972 1972
3973 4125
3974 1571
3975 1319
3976 3735
3977 9653
3978 2650
3979 5517
3980 1125
3981 9590
3982 4940
3983 5822
3984 8860
3985 2167
3986 7438
3987 577
3988 602
3989 6646
3990 931
3991 3770
3992 624
3993 7096
3994 437
3995 8818
3996 2226
3997 9319
3998 6999
3999 1020
4000 7503
4001 2289
4002 8570
4003 525
4004 143
4005 2986
4006 3275
4007 3056
4008 6812
4009 2725
4010 957
4011 3525
4012 9295
4013 7691
4014 266
4015 6505
4016 7767
4017 7470
4018 2838
4019 1689
4020 1169
4021 7882
4022 8927
4023 3340
4024 1064
4025 7650
4026 1559
4027 7176
4028 5584
4029 1943
4030 9492
4031 8322
4032 2744
4033 5635
4034 2212
4035 5698
4036 331
4037 4540
4038 9873
4039 868
4040 8229
4041 4730
4042 8769
4043 294
4044 5162
4045 9259
4046 1604
4047 4508
4048 7494
4049 8134
4050 4866
4051 5679
4052 4810
4053 2486
4054 1044
4055 9160
4056 8892
4057 8264
4058 3156
4059 6674
4060 4234
4061 740
4062 9459
4063 4683
4064 6325
4065 6976
4066 1909
4067 6949
4068 2266
4069 5521
4070 3005
4071 4636
4072 1221
4073 9266
4074 7495
4075 476
4076 5787
4077 321
4078 8180
4079 415
4080 5058
4081 3654
4082 436
4083 1167
4084 6486
4085 7036
4086 5551
4087 7451
4088 7849
4089 4232
4090 4953
4091 2913
4092 6960
4093 5291
4094 1970
4095 1439
4096 8566
4097 2749
4098 3420
4099 1212
4100 5883
4101 6850
4102 9446
4103 3702
4104 7664
4105 9843
4106 1824
4107 1
4108 5347
4109 909
4110 5171
4111 5595
4112 2095
4113 7629
4114 8278
4115 4483
4116 5372
4117 1653
4118 7630
4119 5002
4120 7833
4121 891
4122 9418
4123 9556
4124 7276
4125 1410
4126 8219
4127 7325
4128 5286
4129 76
4130 5272
4131 8276
4132 6361
4133 9178
4134 3409
4135 1291
4136 1038
4137 64
4138 2638
4139 3189
4140 7978
4141 2671
4142 2027
4143 1306
4144 4119
4145 4955
4146 6192
4147 9993
4148 9470
4149 3303
4150 6875
4151 4387
4152 28
4153 2506
4154 2328
4155 9152
4156 8312
4157 455
4158 6761
4159 6113
4160 2369
4161 1677
4162 1978
4163 8543
4164 2109
4165 825
4166 3223
4167 7071
4168 4981
4169 130
4170 4191
4171 4522
4172 6574
4173 1633
4174 2537
4175 148
4176 5097
4177 3799
4178 7864
4179 1465
4180 7929
4181 6344
4182 642
4183 8645
4184 8687
4185 4911
4186 104
4187 8551
4188 9921
4189 9534
4190 9252
4191 5422
4192 1699
4193 2242
4194 3592
4195 4316
4196 8216
4197 5834
4198 2738
4199 5976
4200 9893
4201 653
4202 7933
4203 1631
4204 2625
4205 8166
4206 7379
4207 3073
4208 8901
4209 4794
4210 1769
4211 8763
4212 5831
4213 8963
4214 3974
4215 7994
4216 6206
4217 9431
4218 768
4219 7528
4220 3505
4221 629
4222 6277
4223 6700
4224 7492
4225 6847
4226 9009
4227 9435
4228 875
4229 6443
4230 3170
4231 8157
4232 2932
4233 8327
4234 9019
4235 6856
4236 9566
4237 8317
4238 1757
4239 6765
4240 8265
4241 7919
4242 4750
4243 5454
4244 8010
4245 2826
4246 1683
4247 2158
4248 5321
4249 3199
4250 5404
4251 3054
4252 1595
4253 8383
4254 5315
4255 7951
4256 3969
4257 2468
4258 4311
4259 4838
4260 6263
4261 4241
4262 8239
4263 8876
4264 5780
4265 595
4266 9606
4267 8527
4268 6844
4269 5578
4270 1558
4271 2071
4272 9318
4273 1949
4274 4346
4275 4340
4276 4143
4277 2983
4278 6367
4279 9777
4280 4717
4281 5132
4282 4786
4283 6368
4284 1832
4285 3432
4286 6128
4287 9255
4288 733
4289 6846
4290 979
4291 5044
4292 7846
4293 8817
4294 33
4295 5981
4296 4746
4297 7040
4298 5769
4299 4769
4300 1055
4301 2652
4302 4044
4303 2917
4304 3585
4305 4842
4306 984
4307 3944
4308 2312
4309 1475
4310 860
4311 467
4312 6007
4313 8205
4314 325
4315 6168
4316 3474
4317 7583
4318 1284
4319 8510
4320 8429
4321 974
4322 1231
4323 9383
4324 3192
4325 2574
4326 4494
4327 5088
4328 7050
4329 1238
4330 407
4331 405
4332 7579
4333 6022
4334 4000
4335 8237
4336 351
4337 3978
4338 2080
4339 1812
4340 3571
4341 1963
4342 4693
4343 518
4344 5930
4345 5639
4346 7403
4347 8992
4348 1314
4349 5363
4350 304
4351 7307
4352 7944
4353 5743
4354 8050
4355 1718
4356 3573
4357 8762
4358 3931
4359 9906
4360 2464
4361 8404
4362 7193
4363 8775
4364 5871
4365 9001
4366 6138
4367 7265
4368 7465
4369 301
4370 6020
4371 5216
4372 9946
4373 3694
4374 3450
4375 2661
4376 537
4377 396
4378 7714
4379 670
4380 9046
4381 1241
4382 749
4383 3766
4384 3831
4385 2443
4386 6155
4387 8914
4388 7986
4389 5720
4390 8709
4391 9915
4392 4181
4393 754
4394 2309
4395 5106
4396 9683
4397 9688
4398 6831
4399 1865
4400 8653
4401 8388
4402 4249
4403 3128
4404 3483
4405 7985
4406 7428
4407 5081
4408 70
4409 2516
4410 9567
4411 1054
4412 2717
4413 6576
4414 1800
4415 9141
4416 7722
4417 9982
4418 9147
4419 1816
4420 7868
4421 2692
4422 7957
4423 2505
4424 7993
4425 2623
4426 1545
4427 9035
4428 1012
4429 27
4430 6416
4431 2539
4432 3752
4433 5618
4434 1262
4435 7830
4436 9305
4437 804
4438 1505
4439 7781
4440 6033
4441 1458
4442 8610
4443 9202
4444 8936
4445 7129
4446 3282
4447 6417
4448 6852
4449 5798
4450 7724
4451 9374
4452 5897
4453 7600
4454 2804
4455 374
4456 2404
4457 5824
4458 2511
4459 8535
4460 478
4461 7712
4462 7028
4463 824
4464 6907
4465 4273
4466 6053
4467 6715
4468 9017
4469 9047
4470 6824
4471 1737
4472 9591
4473 1732
4474 6271
4475 7898
4476 3161
4477 7805
4478 7026
4479 8047
4480 3778
4481 6185
4482 4036
4483 9981
4484 3070
4485 3951
4486 9131
4487 6264
4488 3847
4489 4529
4490 6227
4491 7949
4492 8714
4493 5139
4494 1670
4495 5431
4496 2488
4497 7063
4498 8933
4499 3701
4500 3781
4501 4098
4502 3042
4503 6193
4504 6450
4505 3678
4506 5469
4507 38
4508 2473
4509 2684
4510 3605
4511 9349
4512 7070
4513 226
4514 9995
4515 4375
4516 4058
4517 2340
4518 673
4519 8869
4520 8878
4521 8297
4522 6956
4523 5449
4524 7543
4525 2808
4526 572
4527 4348
4528 365
4529 9289
4530 170
4531 8039
4532 4201
4533 122
4534 2825
4535 1634
4536 9241
4537 2394
4538 4254
4539 2438
4540 4027
4541 990
4542 5622
4543 5999
4544 8119
4545 9357
4546 8118
4547 3233
4548 5598
4549 9251
4550 4050
4551 8476
4552 6716
4553 1550
4554 3311
4555 4621
4556 8261
4557 5430
4558 7786
4559 4014
4560 6747
4561 9629
4562 5210
4563 7821
4564 4618
4565 1063
4566 2042
4567 7546
4568 6953
4569 2402
4570 5594
4571 4410
4572 6714
4573 444
4574 3587
4575 3176
4576 5561
4577 2267
4578 6418
4579 8109
4580 5125
4581 5778
4582 900
4583 7466
4584 9721
4585 3177
4586 7164
4587 5397
4588 4280
4589 1217
4590 8031
4591 4935
4592 3889
4593 6928
4594 9257
4595 8916
4596 1412
4597 559
4598 6440
4599 5973
4600 5153
4601 7346
4602 6529
4603 96
4604 8398
4605 3218
4606 1543
4607 7623
4608 5220
4609 4569
4610 888
4611 4607
4612 701
4613 3705
4614 2942
4615 6023
4616 8073
4617 6518
4618 5211
4619 9706
4620 4145
4621 5772
4622 5374
4623 3315
4624 8421
4625 8244
4626 739
4627 5035
4628 9840
4629 8023
4630 4646
4631 8899
4632 7707
4633 4266
4634 5718
4635 8639
4636 6328
4637 8108
4638 4951
4639 851
4640 5064
4641 8875
4642 1263
4643 5346
4644 762
4645 2564
4646 5533
4647 999
4648 4258
4649 1834
4650 8382
4651 5438
4652 486
4653 1045
4654 9225
4655 2310
4656 3843
4657 6808
4658 9762
4659 8469
4660 4437
4661 944
4662 9738
4663 5806
4664 3513
4665 2645
4666 1831
4667 322
4668 5330
4669 6903
4670 2282
4671 6422
4672 7191
4673 2868
4674 7102
4675 8165
4676 1399
4677 6825
4678 8498
4679 9127
4680 8235
4681 9860
4682 8831
4683 3671
4684 6278
4685 9767
4686 2490
4687 5868
4688 1224
4689 7701
4690 5442
4691 5850
4692 3996
4693 5547
4694 2373
4695 956
4696 371
4697 1840
4698 7754
4699 4421
4700 6409
4701 6312
4702 5979
4703 8952
4704 786
4705 2925
4706 6114
4707 6304
4708 8848
4709 6889
4710 5068
4711 1156
4712 1593
4713 9942
4714 4049
4715 3965
4716 3225
4717 9789
4718 1526
4719 9703
4720 2349
4721 8894
4722 5667
4723 3502
4724 7268
4725 3911
4726 2828
4727 4085
4728 6562
4729 8872
4730 4660
4731 9498
4732 8147
4733 2432
4734 1896
4735 9880
4736 2770
4737 2798
4738 1471
4739 6772
4740 6172
4741 469
4742 3078
4743 3489
4744 9067
4745 1250
4746 3875
4747 4891
4748 4588
4749 5267
4750 5857
4751 2476
4752 5609
4753 7098
4754 533
4755 8873
4756 5217
4757 6268
4758 6673
4759 9165
4760 8536
4761 1992
4762 9094
4763 899
4764 3697
4765 9084
4766 937
4767 4930
4768 9040
4769 8558
4770 2016
4771 6249
4772 8226
4773 8043
4774 9950
4775 4952
4776 6538
4777 1726
4778 7804
4779 3015
4780 5851
4781 763
4782 8739
4783 1572
4784 3764
4785 639
4786 650
4787 4743
4788 8605
4789 3104
4790 3093
4791 7683
4792 542
4793 2659
4794 963
4795 5007
4796 3989
4797 531
4798 7243
4799 8142
4800 2540
4801 8721
4802 8477
4803 4537
4804 458
4805 8832
4806 4966
4807 5053
4808 970
4809 3146
4810 5725
4811 8959
4812 1590
4813 1605
4814 9109
4815 1886
4816 2948
4817 3129
4818 8168
4819 4471
4820 7252
4821 7854
4822 655
4823 7883
4824 1940
4825 6124
4826 5926
4827 1974
4828 2025
4829 3924
4830 2063
4831 3741
4832 276
4833 7564
4834 9290
4835 2124
4836 4932
4837 8393
4838 6785
4839 5664
4840 8399
4841 8695
4842 417
4843 6051
4844 9970
4845 908
4846 7702
4847 9685
4848 6176
4849 3661
4850 9716
4851 8922
4852 1553
4853 3440
4854 3662
4855 3430
4856 2387
4857 2698
4858 9612
4859 6157
4860 6872
4861 4218
4862 7207
4863 5298
4864 6932
4865 2450
4866 7418
4867 493
4868 2603
4869 3454
4870 8104
4871 3404
4872 8552
4873 6983
4874 4539
4875 2535
4876 2642
4877 6579
4878 4284
4879 5463
4880 8968
4881 5735
4882 4422
4883 725
4884 575
4885 3085
4886 4623
4887 966
4888 8491
4889 6064
4890 2367
4891 5746
4892 7016
4893 8512
4894 2995
4895 1057
4896 8456
4897 8760
4898 1977
4899 3908
4900 2422
4901 4656
4902 1712
4903 3779
4904 8758
4905 6179
4906 9292
4907 8389
4908 4947
4909 1888
4910 1685
4911 4892
4912 660
4913 8665
4914 873
4915 4519
4916 3350
4917 8515
4918 3641
4919 278
4920 3816
4921 1062
4922 3898
4923 8776
4924 2040
4925 5006
4926 8351
4927 66
4928 8282
4929 8990
4930 5968
4931 827
4932 5605
4933 6270
4934 1194
4935 8298
4936 4168
4937 1883
4938 5776
4939 9803
4940 7472
4941 3758
4942 9087
4943 395
4944 3394
4945 2781
4946 1541
4947 7111
4948 3136
4949 3004
4950 5432
4951 3937
4952 1639
4953 7837
4954 3613
4955 7778
4956 4805
4957 7761
4958 3453
4959 271
4960 3797
4961 3900
4962 9940
4963 9151
4964 2686
4965 6582
4966 4691
4967 8328
4968 4879
4969 3640
4970 6519
4971 3751
4972 803
4973 8197
4974 2423
4975 9371
4976 6982
4977 251
4978 6036
4979 7925
4980 6623
4981 4821
4982 6112
4983 8081
4984 160
4985 9877
4986 2577
4987 1848
4988 2104
4989 3993
4990 7376
4991 3591
4992 7946
4993 5026
4994 4664
4995 6000
4996 5617
4997 7927
4998 7809
4999 3229
5000 7591
5001 5370
5002 100
5003 480
5004 8465
5005 7117
5006 2009
5007 9301
5008 4367
5009 7373
5010 9506
5011 5510
5012 7757
5013 2782
5014 6483
5015 7158
5016 4215
5017 3707
5018 9353
5019 3025
5020 8707
5021 4153
5022 5984
5023 8827
5024 1163
5025 6690
5026 2518
5027 6963
5028 9987
5029 9781
5030 631
5031 4918
5032 3416
5033 3231
5034 6517
5035 894
5036 6131
5037 9933
5038 4197
5039 9912
5040 4672
5041 1213
5042 9535
5043 8052
5044 3913
5045 3077
5046 9964
5047 8879
5048 2495
5049 1490
5050 6584
5051 6449
5052 1529
5053 8624
5054 1707
5055 7236
5056 85
5057 9138
5058 4276
5059 9698
5060 9232
5061 9201
5062 2453
5063 6380
5064 7203
5065 9662
5066 6878
5067 9720
5068 8575
5069 2003
5070 717
5071 3036
5072 8485
5073 7169
5074 1857
5075 8540
5076 2279
5077 141
5078 475
5079 4272
5080 1956
5081 7766
5082 2122
5083 9861
5084 2911
5085 3544
5086 7110
5087 1202
5088 1695
5089 5753
5090 693
5091 1015
5092 9419
5093 9142
5094 8675
5095 7979
5096 5722
5097 7911
5098 2672
5099 3813
5100 7123
5101 8718
5102 2189
5103 9072
5104 9712
5105 9396
5106 9697
5107 2752
5108 4925
5109 189
5110 2871
5111 3912
5112 4869
5113 6680
5114 8159
5115 6990
5116 6588
5117 1785
5118 2272
5119 3240
5120 1422
5121 4297
5122 9462
5123 3408
5124 9930
5125 4383
5126 383
5127 748
5128 7512
5129 4965
5130 1564
5131 8706
5132 1477
5133 6599
5134 4659
5135 7597
5136 8061
5137 6534
5138 6034
5139 9990
5140 1602
5141 9114
5142 7431
5143 464
5144 6781
5145 7989
5146 5751
5147 5277
5148 1855
5149 5717
5150 5254
5151 634
5152 6557
5153 9799
5154 7422
5155 3411
5156 9914
5157 9091
5158 4327
5159 4776
5160 9086
5161 7170
5162 9224
5163 5423
5164 4720
5165 4812
5166 431
5167 4096
5168 4535
5169 3338
5170 9043
5171 4538
5172 2610
5173 2138
5174 1349
5175 6783
5176 2771
5177 7889
5178 3018
5179 8851
5180 2333
5181 1209
5182 9630
5183 2314
5184 6667
5185 3191
5186 2411
5187 8845
5188 2152
5189 1759
5190 1292
5191 4657
5192 8628
5193 2461
5194 1128
5195 5307
5196 385
5197 3921
5198 8810
5199 9932
5200 221
5201 8798
5202 5599
5203 2489
5204 8066
5205 3842
5206 109
5207 1606
5208 4374
5209 5471
5210 5644
5211 8048
5212 7116
5213 689
5214 5284
5215 3273
5216 2615
5217 9687
5218 3567
5219 1833
5220 8532
5221 4388
5222 6630
5223 5980
5224 7273
5225 1941
5226 343
5227 1504
5228 6311
5229 1116
5230 1199
5231 1206
5232 1652
5233 3120
5234 446
5235 45
5236 1539
5237 8915
5238 1901
5239 9378
5240 4768
5241 7354
5242 5876
5243 6351
5244 6396
5245 7525
5246 119
5247 4939
5248 9770
5249 7282
5250 151
5251 505
5252 1162
5253 6551
5254 4971
5255 5143
5256 2375
5257 6995
5258 376
5259 8749
5260 1734
5261 2441
5262 97
5263 5990
5264 566
5265 1983
5266 9145
5267 1004
5268 5649
5269 1258
5270 1942
5271 9015
5272 2525
5273 9641
5274 7437
5275 5458
5276 9558
5277 6069
5278 3209
5279 8594
5280 1684
5281 1719
5282 2754
5283 9184
5284 4763
5285 1703
5286 1520
5287 5461
5288 4770
5289 6750
5290 6806
5291 1803
5292 1461
5293 35
5294 4889
5295 7742
5296 7442
5297 586
5298 7698
5299 3457
5300 6710
5301 7773
5302 5724
5303 8806
5304 3606
5305 80
5306 8167
5307 4827
5308 2589
5309 6167
5310 7246
5311 4347
5312 4026
5313 4731
5314 2501
5315 6238
5316 2149
5317 6871
5318 3033
5319 6299
5320 9137
5321 9233
5322 967
5323 654
5324 9504
5325 2361
5326 2949
5327 3681
5328 6994
5329 1449
5330 1030
5331 1717
5332 614
5333 1921
5334 2029
5335 3040
5336 8428
5337 7918
5338 5411
5339 2102
5340 2988
5341 3603
5342 1623
5343 5809
5344 4572
5345 7975
5346 5523
5347 7725
5348 5356
5349 2699
5350 9028
5351 4210
5352 6745
5353 731
5354 5959
5355 3800
5356 5608
5357 3405
5358 1242
5359 5562
5360 1358
5361 3870
5362 8765
5363 6818
5364 8615
5365 8336
5366 6711
5367 8632
5368 1637
5369 220
5370 7186
5371 2734
5372 6251
5373 545
5374 4896
5375 1180
5376 652
5377 2745
5378 9491
5379 1457
5380 7487
5381 2967
5382 337
5383 4329
5384 3945
5385 158
5386 8188
5387 7943
5388 358
5389 65
5390 2318
5391 3737
5392 8436
5393 1964
5394 59
5395 4350
5396 6088
5397 4876
5398 8248
5399 3926
5400 1786
5401 5633
5402 5953
5403 4392
5404 4814
5405 2785
5406 1947
5407 5655
5408 9952
5409 187
5410 7385
5411 980
5412 8059
5413 4708
5414 1975
5415 9894
5416 4239
5417 6392
5418 5515
5419 3283
5420 5853
5421 736
5422 6412
5423 4579
5424 6842
5425 4845
5426 1077
5427 8611
5428 6705
5429 6229
5430 1108
5431 7811
5432 2711
5433 4851
5434 2920
5435 9322
5436 8982
5437 878
5438 9503
5439 9615
5440 3012
5441 5169
5442 4114
5443 9455
5444 2631
5445 6864
5446 8693
5447 7954
5448 3769
5449 5265
5450 1511
5451 5190
5452 3145
5453 4499
5454 9122
5455 9829
5456 8091
5457 1768
5458 1148
5459 8072
5460 2795
5461 4933
5462 4533
5463 962
5464 3514
5465 1778
5466 8674
5467 672
5468 9514
5469 973
5470 9090
5471 1491
5472 6671
5473 2129
5474 8966
5475 6037
5476 1796
5477 7452
5478 2628
5479 5695
5480 7491
5481 5198
5482 959
5483 4336
5484 2128
5485 2607
5486 3364
5487 835
5488 7699
5489 3541
5490 3798
5491 6511
5492 9395
5493 3132
5494 5826
5495 6708
5496 3330
5497 4001
5498 5184
5499 2087
5500 4967
5501 9411
5502 319
5503 329
5504 567
5505 2805
5506 6461
5507 3575
5508 7391
5509 6173
5510 8241
5511 4546
5512 1451
5513 2560
5514 4899
5515 2829
5516 1016
5517 1968
5518 2666
5519 594
5520 7317
5521 9835
5522 1339
5523 1754
5524 5274
5525 9675
5526 4752
5527 4513
5528 6566
5529 7602
5530 6284
5531 8511
5532 3250
5533 3840
5534 3706
5535 6545
5536 9447
5537 1502
5538 3971
5539 8563
5540 5537
5541 1255
5542 1333
5543 4969
5544 1496
5545 587
5546 3435
5547 7727
5548 918
5549 7571
5550 5755
5551 1304
5552 5144
5553 4902
5554 8886
5555 425
5556 3506
5557 7776
5558 3334
5559 6050
5560 4115
5561 8590
5562 8308
5563 1378
5564 2604
5565 6377
5566 8412
5567 1371
5568 145
5569 2110
5570 3202
5571 8122
5572 4893
5573 8931
5574 3642
5575 3286
5576 90
5577 7852
5578 9324
5579 4165
5580 7673
5581 8685
5582 8259
5583 1418
5584 2654
5585 8424
5586 1755
5587 1929
5588 5865
5589 52
5590 2157
5591 3023
5592 9764
5593 7765
5594 9679
5595 6111
5596 2160
5597 3576
5598 9664
5599 7644
5600 9293
5601 16
5602 162
5603 524
5604 5673
5605 3871
5606 6727
5607 4626
5608 3447
5609 4817
5610 8131
5611 6522
5612 5146
5613 7877
5614 1001
5615 9654
5616 7397
5617 7327
5618 7371
5619 8682
5620 7197
5621 3720
5622 2284
5623 6494
5624 8363
5625 3939
5626 7590
5627 751
5628 8380
5629 7734
5630 6649
5631 5137
5632 9885
5633 7460
5634 6939
5635 8455
5636 2865
5637 2552
5638 4841
5639 3564
5640 5487
5641 4104
5642 9230
5643 1994
5644 4063
5645 239
5646 4307
5647 8410
5648 3140
5649 224
5650 6685
5651 543
5652 2463
5653 7398
5654 5688
5655 7656
5656 6267
5657 3044
5658 2680
5659 6222
5660 2414
5661 5909
5662 2624
5663 5571
5664 7434
5665 2418
5666 1723
5667 6359
5668 7051
5669 7387
5670 4133
5671 4974
5672 2526
5673 4186
5674 1019
5675 9154
5676 8761
5677 1809
5678 7832
5679 4016
5680 3584
5681 1584
5682 435
5683 3456
5684 2729
5685 2496
5686 4013
5687 474
5688 8089
5689 1198
5690 1273
5691 1902
5692 7444
5693 2159
5694 8199
5695 710
5696 4599
5697 9791
5698 2392
5699 5632
5700 2323
5701 9892
5702 7747
5703 2584
5704 8218
5705 6388
5706 3371
5707 9059
5708 6712
5709 949
5710 745
5711 6724
5712 8191
5713 6061
5714 4128
5715 1421
5716 9805
5717 8306
5718 4835
5719 727
5720 556
5721 288
5722 7847
5723 7861
5724 3358
5725 2982
5726 694
5727 7266
5728 6065
5729 1692
5730 8579
5731 2218
5732 3677
5733 6770
5734 3309
5735 2271
5736 6800
5737 887
5738 1081
5739 9195
5740 5419
5741 6964
5742 2531
5743 3958
5744 4948
5745 7107
5746 7134
5747 1253
5748 408
5749 985
5750 890
5751 2968
5752 281
5753 7021
5754 9786
5755 1480
5756 3277
5757 1008
5758 5882
5759 279
5760 1043
5761 7260
5762 7337
5763 1724
5764 1205
5765 7507
5766 9185
5767 7779
5768 7201
5769 8649
5770 2215
5771 4353
5772 5775
5773 3659
5774 6629
5775 5565
5776 544
5777 7088
5778 7899
5779 6122
5780 6830
5781 2586
5782 2294
5783 4811
5784 8805
5785 3557
5786 3685
5787 9806
5788 1411
5789 5304
5790 5390
5791 4130
5792 2907
5793 6938
5794 3804
5795 8561
5796 1195
5797 1742
5798 6799
5799 4781
5800 6199
5801 746
5802 6722
5803 550
5804 3434
5805 1239
5806 9717
5807 7297
5808 4354
5809 9564
5810 7058
5811 3069
5812 9600
5813 5030
5814 6958
5815 2730
5816 4837
5817 7967
5818 4047
5819 3952
5820 3458
5821 3089
5822 1311
5823 8202
5824 4486
5825 5308
5826 5405
5827 5338
5828 4755
5829 4187
5830 5948
5831 1665
5832 1782
5833 3666
5834 5389
5835 9823
5836 8334
5837 4357
5838 5288
5839 9053
5840 324
5841 1113
5842 9635
5843 2190
5844 6435
5845 5597
5846 5320
5847 5166
5848 8069
5849 397
5850 9078
5851 3850
5852 8012
5853 1965
5854 7545
5855 6236
5856 181
5857 8696
5858 2768
5859 8174
5860 9553
5861 1018
5862 7770
5863 4904
5864 6755
5865 5341
5866 1190
5867 7586
5868 9729
5869 8868
5870 4908
5871 3717
5872 1372
5873 311
5874 3708
5875 5263
5876 1808
5877 2049
5878 3863
5879 530
5880 6347
5881 721
5882 8508
5883 6771
5884 3347
5885 4120
5886 7445
5887 9983
5888 8181
5889 5538
5890 7556
5891 920
5892 2403
5893 2778
5894 9853
5895 8801
5896 1102
5897 5499
5898 3724
5899 1893
5900 7424
5901 4424
5902 4256
5903 1153
5904 8783
5905 9766
5906 9586
5907 6734
5908 8631
5909 5195
5910 5287
5911 5575
5912 8967
5913 6371
5914 274
5915 2091
5916 2742
5917 5040
5918 4214
5919 8951
5920 8452
5921 712
5922 8603
5923 6664
5924 8124
5925 2327
5926 413
5927 5835
5928 4789
5929 2912
5930 8504
5931 4408
5932 3885
5933 2849
5934 7672
5935 4243
5936 3964
5937 7791
5938 4415
5939 379
5940 1460
5941 3029
5942 8843
5943 2824
5944 2143
5945 6314
5946 5708
5947 5384
5948 2751
5949 6834
5950 6796
5951 8903
5952 4552
5953 620
5954 9725
5955 1419
5956 7400
5957 3428
5958 7573
5959 3376
5960 9992
5961 9117
5962 4975
5963 7549
5964 9045
5965 5495
5966 290
5967 2132
5968 4169
5969 1260
5970 1234
5971 2388
5972 6568
5973 5869
5974 8315
5975 8105
5976 6912
5977 4990
5978 2223
5979 7576
5980 7009
5981 8863
5982 9212
5983 3388
5984 8400
5985 1806
5986 7795
5987 3383
5988 5709
5989 2217
5990 2905
5991 7332
5992 5075
5993 378
5994 9742
5995 9512
5996 6044
5997 4872
5998 8347
5999 8335
6000 1252
6001 4325
6002 1436
6003 4331
6004 7440
6005 6090
6006 3867
6007 2998
6008 2635
6009 5904
6010 3392
6011 9522
6012 5187
6013 300
6014 3967
6015 94
6016 4423
6017 8042
6018 5091
6019 6129
6020 9618
6021 7711
6022 5292
6023 975
6024 245
6025 5977
6026 666
6027 2668
6028 7519
6029 5727
6030 9748
6031 2867
6032 781
6033 7520
6034 2972
6035 3856
6036 225
6037 3301
6038 4301
6039 6996
6040 5532
6041 5795
6042 8138
6043 7559
6044 3663
6045 3861
6046 6589
6047 3519
6048 6403
6049 925
6050 4397
6051 9452
6052 3295
6053 8305
6054 7729
6055 375
6056 4433
6057 9388
6058 7855
6059 1046
6060 4864
6061 568
6062 3047
6063 8519
6064 3520
6065 1236
6066 5334
6067 5729
6068 4303
6069 7105
6070 9423
6071 8212
6072 5167
6073 7814
6074 6323
6075 8116
6076 4219
6077 7414
6078 9692
6079 8710
6080 3712
6081 8588
6082 2207
6083 4525
6084 8267
6085 2250
6086 6655
6087 9585
6088 9548
6089 9540
6090 9736
6091 5652
6092 3660
6093 6993
6094 8474
6095 5947
6096 9012
6097 344
6098 3152
6099 714
6100 5206
6101 4754
6102 3598
6103 5361
6104 4088
6105 1829
6106 1908
6107 7575
6108 6375
6109 5159
6110 5810
6111 2872
6112 2953
6113 6243
6114 8
6115 3540
6116 638
6117 1567
6118 1858
6119 6074
6120 2820
6121 4102
6122 8321
6123 8754
6124 4427
6125 3448
6126 6717
6127 752
6128 4330
6129 2819
6130 7196
6131 113
6132 6499
6133 6921
6134 1576
6135 8470
6136 9163
6137 3352
6138 6632
6139 2644
6140 8740
6141 8538
6142 3186
6143 2412
6144 3657
6145 4873
6146 6506
6147 706
6148 1065
6149 8270
6150 429
6151 1478
6152 3812
6153 3057
6154 3811
6155 8149
6156 4100
6157 7920
6158 1394
6159 3736
6160 671
6161 921
6162 3091
6163 496
6164 500
6165 3616
6166 6647
6167 2859
6168 1532
6169 4012
6170 5360
6171 7316
6172 855
6173 696
6174 5398
6175 1521
6176 494
6177 3219
6178 7242
6179 8882
6180 4452
6181 8141
6182 8128
6183 6510
6184 9549
6185 2370
6186 7526
6187 5498
6188 5070
6189 9572
6190 4697
6191 1592
6192 8223
6193 9299
6194 546
6195 4602
6196 820
6197 8730
6198 5726
6199 3549
6200 2836
6201 9244
6202 8537
6203 7501
6204 2170
6205 8667
6206 8377
6207 5802
6208 211
6209 6888
6210 2081
6211 4766
6212 6248
6213 7844
6214 2876
6215 6235
6216 9811
6217 6683
6218 2739
6219 9038
6220 8196
6221 4619
6222 1337
6223 2685
6224 1106
6225 700
6226 8662
6227 1565
6228 2896
6229 8279
6230 3247
6231 3636
6232 4606
6233 8531
6234 7358
6235 3644
6236 3488
6237 3773
6238 8467
6239 3019
6240 508
6241 3670
6242 6731
6243 8044
6244 2352
6245 6462
6246 465
6247 2253
6248 9916
6249 3203
6250 6688
6251 2842
6252 3602
6253 5969
6254 958
6255 2595
6256 8755
6257 7982
6258 5025
6259 6265
6260 4858
6261 1984
6262 8224
6263 2311
6264 7135
6265 1036
6266 4977
6267 760
6268 1218
6269 3834
6270 3221
6271 3164
6272 8618
6273 7411
6274 7011
6275 7459
6276 8994
6277 5808
6278 237
6279 5629
6280 3984
6281 108
6282 6025
6283 3016
6284 4684
6285 9833
6286 929
6287 2594
6288 7483
6289 7143
6290 3238
6291 8902
6292 1708
6293 3852
6294 5774
6295 8881
6296 2038
6297 2681
6298 8272
6299 8759
6300 9718
6301 5028
6302 9023
6303 2379
6304 9507
6305 242
6306 8604
6307 6952
6308 9735
6309 7718
6310 174
6311 7560
6312 1369
6313 4390
6314 5157
6315 9936
6316 8521
6317 1135
6318 772
6319 7145
6320 9640
6321 3470
6322 2366
6323 8459
6324 7563
6325 4998
6326 295
6327 1472
6328 7109
6329 3285
6330 2707
6331 9394
6332 2772
6333 6453
6334 8175
6335 8478
6336 4970
6337 2567
6338 9041
6339 5387
6340 8799
6341 3230
6342 1528
6343 6746
6344 6079
6345 9461
6346 3249
6347 3278
6348 426
6349 1386
6350 2694
6351 1334
6352 6338
6353 4306
6354 7380
6355 3119
6356 8972
6357 7240
6358 4288
6359 2663
6360 4783
6361 3061
6362 2971
6363 4087
6364 3794
6365 8962
6366 1766
6367 1852
6368 185
6369 1728
6370 9364
6371 8359
6372 6420
6373 7244
6374 2873
6375 5400
6376 9345
6377 4233
6378 1780
6379 5122
6380 4077
6381 1165
6382 8836
6383 9693
6384 648
6385 2108
6386 569
6387 3739
6388 1329
6389 8083
6390 8732
6391 2695
6392 3535
6393 1322
6394 4703
6395 440
6396 618
6397 5503
6398 7404
6399 7336
6400 6413
6401 4564
6402 4823
6403 229
6404 246
6405 6385
6406 6149
6407 1356
6408 5553
6409 1578
6410 4126
6411 1868
6412 4090
6413 8384
6414 1289
6415 5237
6416 4787
6417 1404
6418 1256
6419 2440
6420 147
6421 9532
6422 3932
6423 6221
6424 348
6425 9485
6426 2591
6427 4999
6428 1467
6429 7780
6430 2166
6431 5124
6432 7645
6433 5235
6434 4847
6435 4395
6436 10
6437 156
6438 1601
6439 8111
6440 2236
6441 6911
6442 4228
6443 6383
6444 4555
6445 9996
6446 4183
6447 6143
6448 4578
6449 6725
6450 4735
6451 2977
6452 5178
6453 6944
6454 5529
6455 5161
6456 9858
6457 9092
6458 1797
6459 7473
6460 9162
6461 3980
6462 4972
6463 7992
6464 8222
6465 2936
6466 4363
6467 7294
6468 4461
6469 9135
6470 4516
6471 2974
6472 120
6473 585
6474 9096
6475 389
6476 8703
6477 9496
6478 7247
6479 3149
6480 7066
6481 4644
6482 9691
6483 1705
6484 3650
6485 9849
6486 2409
6487 3950
6488 790
6489 7211
6490 1680
6491 1645
6492 7396
6493 1666
6494 2881
6495 7829
6496 5130
6497 9033
6498 9104
6499 4398
6500 615
6501 2509
6502 4226
6503 636
6504 7679
6505 1145
6506 360
6507 7035
6508 2244
6509 6009
6510 6861
6511 7454
6512 4360
6513 576
6514 7886
6515 1082
6516 933
6517 9631
6518 2792
6519 1830
6520 4524
6521 4035
6522 2481
6523 7030
6524 471
6525 3634
6526 4468
6527 7293
6528 8360
6529 4212
6530 2477
6531 5928
6532 6254
6533 6943
6534 7456
6535 3761
6536 854
6537 6285
6538 4937
6539 6451
6540 298
6541 6220
6542 2321
6543 4199
6544 2839
6545 1640
6546 4094
6547 2576
6548 6306
6549 8705
6550 914
6551 4589
6552 709
6553 656
6554 4112
6555 4919
6556 8627
6557 427
6558 1079
6559 192
6560 3194
6561 1185
6562 6959
6563 1911
6564 775
6565 4747
6566 3451
6567 3909
6568 4790
6569 3760
6570 6201
6571 7958
6572 5173
6573 5015
6574 7642
6575 1080
6576 1049
6577 9819
6578 7378
6579 3904
6580 4193
6581 5958
6582 1586
6583 7870
6584 5596
6585 5111
6586 5867
6587 5872
6588 6491
6589 3365
6590 8822
6591 6565
6592 816
6593 610
6594 448
6595 8329
6596 7569
6597 948
6598 8405
6599 1649
6600 3190
6601 5549
6602 6962
6603 5472
6604 8815
6605 7839
6606 4202
6607 9792
6608 4149
6609 1522
6610 4458
6611 7816
6612 8080
6613 8953
6614 6156
6615 6294
6616 7341
6617 1285
6618 3276
6619 7416
6620 4198
6621 5866
6622 5373
6623 6723
6624 7381
6625 5234
6626 8573
6627 6924
6628 2400
6629 6651
6630 8018
6631 6087
6632 203
6633 4580
6634 5093
6635 2634
6636 1104
6637 5219
6638 8598
6639 9609
6640 4337
6641 2150
6642 8394
6643 8998
6644 7976
6645 6593
6646 9775
6647 7981
6648 9663
6649 2168
6650 5525
6651 4601
6652 9235
6653 7020
6654 7996
6655 1656
6656 1810
6657 118
6658 7342
6659 1538
6660 8252
6661 6457
6662 178
6663 2153
6664 9375
6665 2206
6666 8362
6667 8136
6668 8681
6669 635
6670 7259
6671 2114
6672 1936
6673 8343
6674 6753
6675 6092
6676 9346
6677 4425
6678 5941
6679 5501
6680 6183
6681 2613
6682 4895
6683 7801
6684 2906
6685 2843
6686 9746
6687 5952
6688 758
6689 6327
6690 8849
6691 1084
6692 2201
6693 149
6694 1844
6695 8753
6696 5325
6697 2485
6698 4055
6699 1484
6700 3844
6701 3628
6702 3410
6703 7220
6704 6882
6705 7142
6706 9243
6707 2943
6708 7498
6709 4289
6710 4685
6711 3165
6712 3940
6713 2981
6714 284
6715 2382
6716 4648
6717 8274
6718 2487
6719 2978
6720 5396
6721 4561
6722 5080
6723 6393
6724 6310
6725 955
6726 7753
6727 4559
6728 9354
6729 987
6730 4898
6731 2947
6732 2987
6733 4172
6734 6658
6735 5527
6736 7488
6737 3803
6738 8518
6739 6897
6740 3100
6741 5588
6742 6110
6743 4704
6744 6015
6745 8368
6746 9749
6747 8996
6748 6058
6749 2062
6750 9007
6751 3455
6752 8115
6753 3095
6754 1315
6755 1488
6756 3572
6757 5445
6758 5603
6759 6024
6760 4048
6761 2214
6762 2877
6763 9574
6764 8991
6765 6252
6766 7551
6767 2639
6768 3227
6769 388
6770 93
6771 1624
6772 1448
6773 3479
6774 2083
6775 8787
6776 6876
6777 9248
6778 1915
6779 6691
6780 535
6781 372
6782 7768
6783 4142
6784 6266
6785 5998
6786 6468
6787 6794
6788 150
6789 1944
6790 9000
6791 7217
6792 9661
6793 9919
6794 366
6795 1773
6796 1752
6797 4379
6798 2651
6799 6013
6800 6189
6801 4037
6802 3245
6803 8295
6804 9
6805 368
6806 9856
6807 4089
6808 2277
6809 2174
6810 2803
6811 886
6812 6162
6813 6349
6814 8635
6815 1849
6816 1843
6817 4224
6818 3561
6819 5119
6820 8829
6821 8971
6822 4681
6823 5681
6824 822
6825 5100
6826 7194
6827 5225
6828 15
6829 7884
6830 1959
6831 2797
6832 3137
6833 9081
6834 2601
6835 3617
6836 2701
6837 2262
6838 4992
6839 7940
6840 1355
6841 5870
6842 4843
6843 7352
6844 5142
6845 5319
6846 1249
6847 2963
6848 3981
6849 7713
6850 3828
6851 7751
6852 1450
6853 9265
6854 2467
6855 9310
6856 7580
6857 9647
6858 443
6859 675
6860 8636
6861 7577
6862 2761
6863 7790
6864 561
6865 3215
6866 9236
6867 1149
6868 2098
6869 6742
6870 1299
6871 8419
6872 7012
6873 9343
6874 8007
6875 6086
6876 7792
6877 2799
6878 1296
6879 4980
6880 3131
6881 3234
6882 5296
6883 5544
6884 3116
6885 8542
6886 286
6887 5149
6888 4025
6889 5450
6890 7155
6891 2705
6892 1308
6893 3112
6894 1216
6895 55
6896 7769
6897 6164
6898 2175
6899 1919
6900 9855
6901 8324
6902 5793
6903 3259
6904 8035
6905 7262
6906 1920
6907 911
6908 7869
6909 3210
6910 896
6911 3862
6912 3892
6913 819
6914 4344
6915 7114
6916 5202
6917 257
6918 7446
6919 6735
6920 6153
6921 6533
6922 106
6923 4456
6924 4006
6925 289
6926 6556
6927 4734
6928 5861
6929 9957
6930 2555
6931 9772
6932 2263
6933 9836
6934 4878
6935 4068
6936 3792
6937 8416
6938 9427
6939 8458
6940 387
6941 7568
6942 4295
6943 1290
6944 2919
6945 8291
6946 7319
6947 5604
6948 698
6949 1986
6950 7140
6951 9077
6952 8037
6953 1293
6954 3255
6955 2757
6956 6571
6957 2448
6958 9477
6959 5602
6960 8642
6961 7311
6962 755
6963 2426
6964 4532
6965 1466
6966 377
6967 1568
6968 5150
6969 7309
6970 1009
6971 6296
6972 8854
6973 5082
6974 4009
6975 6012
6976 1147
6977 6355
6978 2386
6979 7692
6980 3038
6981 9798
6982 8641
6983 6975
6984 7235
6985 356
6986 943
6987 6479
6988 6255
6989 6500
6990 3521
6991 8296
6992 6813
6993 8390
6994 5833
6995 4406
6996 2713
6997 1667
6998 8433
6999 9871
7000 6890
7001 6369
7002 9655
7003 472
7004 188
7005 1076
7006 1585
7007 4342
7008 4765
7009 8824
7010 3504
7011 3512
7012 9938
7013 6893
7014 1711
7015 9336
7016 8743
7017 7671
7018 3162
7019 759
7020 9213
7021 7283
7022 8492
7023 9456
7024 2702
7025 7461
7026 3386
7027 2225
7028 7658
7029 8630
7030 3344
7031 8923
7032 5966
7033 1662
7034 4702
7035 3594
7036 2434
7037 3472
7038 4255
7039 4003
7040 8006
7041 2834
7042 7922
7043 4670
7044 8151
7045 4040
7046 4211
7047 1798
7048 9362
7049 7891
7050 7853
7051 6307
7052 5548
7053 571
7054 4565
7055 3387
7056 9434
7057 8463
7058 1398
7059 219
7060 5446
7061 3987
7062 241
7063 5996
7064 954
7065 9711
7066 2433
7067 4072
7068 9660
7069 3740
7070 7621
7071 1481
7072 5903
7073 3524
7074 6698
7075 3288
7076 7915
7077 9272
7078 1867
7079 4231
7080 3574
7081 5457
7082 6152
7083 6837
7084 7138
7085 4480
7086 8304
7087 4553
7088 4958
7089 3866
7090 313
7091 7072
7092 8413
7093 2436
7094 4541
7095 2137
7096 6974
7097 9385
7098 4229
7099 3542
7100 6905
7101 1362
7102 9095
7103 2211
7104 7405
7105 9642
7106 8656
7107 988
7108 6501
7109 6738
7110 2133
7111 4527
7112 9555
7113 8503
7114 3333
7115 688
7116 770
7117 8679
7118 3899
7119 1287
7120 6031
7121 3253
7122 2830
7123 6648
7124 5647
7125 5621
7126 7090
7127 7312
7128 659
7129 8472
7130 3817
7131 5763
7132 3480
7133 5788
7134 2356
7135 1575
7136 6398
7137 3515
7138 5586
7139 520
7140 4108
7141 1174
7142 6695
7143 5945
7144 5355
7145 7027
7146 2714
7147 4135
7148 1341
7149 1278
7150 6704
7151 1927
7152 4686
7153 9199
7154 777
7155 218
7156 1203
7157 2179
7158 7218
7159 73
7160 4269
7161 3332
7162 2097
7163 692
7164 7987
7165 4550
7166 8079
7167 3360
7168 4019
7169 4418
7170 3241
7171 6675
7172 8955
7173 3590
7174 6929
7175 8340
7176 570
7177 3201
7178 4934
7179 6202
7180 204
7181 5105
7182 8423
7183 121
7184 3523
7185 3655
7186 5759
7187 4968
7188 9083
7189 1753
7190 9881
7191 3169
7192 4435
7193 6957
7194 9382
7195 2315
7196 4884
7197 1275
7198 9900
7199 7349
7200 4638
7201 4809
7202 131
7203 2814
7204 9066
7205 3339
7206 4209
7207 9659
7208 2447
7209 7574
7210 2833
7211 4118
7212 3143
7213 1661
7214 9037
7215 3609
7216 1787
7217 5197
7218 573
7219 3034
7220 1733
7221 1691
7222 5748
7223 8984
7224 2875
7225 153
7226 1647
7227 5820
7228 3873
7229 7463
7230 5661
7231 9337
7232 2454
7233 598
7234 5779
7235 6209
7236 1995
7237 5858
7238 7721
7239 6198
7240 7610
7241 1431
7242 2055
7243 7906
7244 5297
7245 7624
7246 1381
7247 4372
7248 741
7249 430
7250 4613
7251 6091
7252 3327
7253 341
7254 9027
7255 5855
7256 3013
7257 282
7258 3511
7259 9690
7260 6008
7261 9874
7262 4587
7263 2308
7264 3948
7265 456
7266 3183
7267 5906
7268 7881
7269 1189
7270 8808
7271 2527
7272 994
7273 5683
7274 2094
7275 2015
7276 8169
7277 3402
7278 3688
7279 8099
7280 2228
7281 9437
7282 6364
7283 1051
7284 9140
7285 2529
7286 4581
7287 7304
7288 8014
7289 9440
7290 7392
7291 4111
7292 7099
7293 2687
7294 8811
7295 6081
7296 5564
7297 6569
7298 2096
7299 5259
7300 4984
7301 7471
7302 4136
7303 9421
7304 3988
7305 7001
7306 5163
7307 9958
7308 7192
7309 9467
7310 3614
7311 4788
7312 2884
7313 1903
7314 581
7315 4905
7316 5742
7317 3583
7318 6636
7319 6353
7320 5305
7321 930
7322 4283
7323 4378
7324 3292
7325 6001
7326 2342
7327 1470
7328 3784
7329 3101
7330 5566
7331 6301
7332 3224
7333 5054
7334 4400
7335 1050
7336 370
7337 6769
7338 9080
7339 6914
7340 8420
7341 7932
7342 2123
7343 7162
7344 8522
7345 2975
7346 7223
7347 3418
7348 7401
7349 5587
7350 869
7351 114
7352 7806
7353 8925
7354 217
7355 419
7356 3825
7357 4868
7358 9402
7359 7175
7360 9321
7361 6536
7362 1587
7363 5713
7364 6057
7365 5842
7366 4897
7367 903
7368 2970
7369 2233
7370 6627
7371 3179
7372 6933
7373 5382
7374 4988
7375 5016
7376 6525
7377 2902
7378 4101
7379 2338
7380 8957
7381 2469
7382 7880
7383 6309
7384 7894
7385 6560
7386 539
7387 4742
7388 3117
7389 881
7390 8841
7391 1507
7392 6502
7393 2944
7394 7903
7395 8366
7396 625
7397 5386
7398 4959
7399 2765
7400 137
7401 2626
7402 3463
7403 4993
7404 5010
7405 9073
7406 3718
7407 7892
7408 3890
7409 1569
7410 4123
7411 884
7412 5209
7413 8621
7414 5379
7415 6109
7416 6075
7417 5554
7418 7842
7419 8724
7420 8005
7421 5654
7422 5264
7423 6644
7424 3154
7425 9797
7426 6659
7427 4796
7428 7433
7429 5342
7430 6873
7431 6570
7432 8287
7433 9191
7434 6240
7435 5641
7436 1207
7437 1340
7438 5281
7439 5492
7440 5816
7441 6792
7442 7931
7443 7746
7444 7865
7445 7592
7446 3554
7447 6528
7448 8544
7449 4184
7450 1913
7451 4339
7452 8053
7453 9495
7454 1761
7455 5929
7456 1414
7457 3772
7458 5000
7459 6426
7460 7695
7461 3910
7462 3222
7463 6010
7464 4416
7465 5862
7466 7395
7467 2649
7468 2994
7469 7208
7470 9370
7471 3163
7472 2966
7473 2924
7474 9268
7475 8528
7476 1316
7477 7485
7478 2205
7479 729
7480 2119
7481 1229
7482 3236
7483 1264
7484 2035
7485 523
7486 8097
7487 5227
7488 7540
7489 5624
7490 7229
7491 473
7492 2023
7493 2939
7494 6320
7495 2678
7496 6737
7497 3476
7498 3037
7499 3733
7500 6558
7501 6217
7502 1370
7503 3403
7504 7313
7505 3667
7506 7189
7507 5580
7508 8688
7509 7289
7510 9581
7511 7225
7512 2337
7513 4034
7514 9563
7515 8177
7516 757
7517 6472
7518 6203
7519 3346
7520 30
7521 9757
7522 421
7523 5923
7524 3665
7525 3369
7526 1588
7527 7427
7528 6038
7529 4059
7530 2376
7531 5123
7532 3533
7533 1367
7534 9710
7535 5474
7536 6684
7537 6378
7538 3459
7539 1379
7540 4986
7541 8857
7542 5558
7543 5381
7544 1251
7545 1066
7546 3272
7547 6732
7548 6918
7549 7075
7550 7209
7551 57
7552 3084
7553 5066
7554 4785
7555 7133
7556 3262
7557 9884
7558 4907
7559 4429
7560 81
7561 947
7562 9699
7563 2538
7564 3510
7565 8993
7566 7013
7567 5962
7568 3356
7569 1515
7570 2937
7571 9089
7572 5168
7573 2000
7574 8918
7575 1220
7576 4083
7577 8745
7578 9814
7579 4705
7580 9643
7581 5707
7582 2727
7583 6741
7584 3859
7585 1859
7586 4591
7587 1815
7588 5468
7589 6849
7590 9171
7591 8524
7592 5957
7593 2559
7594 9239
7595 4075
7596 7375
7597 1302
7598 7407
7599 6981
7600 7694
7601 1140
7602 4261
7603 4045
7604 5940
7605 3762
7606 6035
7607 1555
7608 2922
7609 901
7610 8148
7611 682
7612 8263
7613 6965
7614 3351
7615 6208
7616 9676
7617 1059
7618 6027
7619 6614
7620 8193
7621 4639
7622 3389
7623 7253
7624 4244
7625 4616
7626 9866
7627 7251
7628 8800
7629 412
7630 3437
7631 9816
7632 668
7633 7248
7634 1392
7635 1926
7636 3464
7637 2832
7638 6678
7639 4443
7640 1804
7641 4800
7642 7043
7643 7789
7644 832
7645 3997
7646 8698
7647 5009
7648 7237
7649 9960
7650 7904
7651 4190
7652 2665
7653 8507
7654 9143
7655 5089
7656 353
7657 802
7658 9415
7659 3508
7660 3106
7661 7287
7662 1740
7663 7934
7664 3746
7665 2620
7666 233
7667 2435
7668 7666
7669 9198
7670 3366
7671 5747
7672 1566
7673 5804
7674 5327
7675 5412
7676 6877
7677 4914
7678 8704
7679 2135
7680 1183
7681 5642
7682 6342
7683 8626
7684 7618
7685 6373
7686 1594
7687 7044
7688 5199
7689 534
7690 8130
7691 3041
7692 1416
7693 6121
7694 3669
7695 2479
7696 6002
7697 9176
7698 6559
7699 6811
7700 5289
7701 3429
7702 3213
7703 6354
7704 1514
7705 5821
7706 2248
7707 2164
7708 3518
7709 2313
7710 6447
7711 4457
7712 5954
7713 4175
7714 6348
7715 3266
7716 3375
7717 482
7718 4927
7719 5807
7720 4489
7721 7091
7722 3105
7723 5193
7724 5418
7725 6600
7726 9656
7727 5018
7728 2522
7729 9392
7730 7103
7731 7960
7732 1033
7733 7298
7734 4479
7735 8013
7736 7686
7737 8910
7738 2304
7739 2999
7740 5741
7741 7228
7742 4131
7743 1772
7744 9850
7745 5260
7746 8893
7747 3730
7748 1294
7749 7652
7750 5196
7751 1007
7752 9458
7753 1904
7754 4238
7755 3444
7756 1489
7757 4741
7758 3493
7759 7800
7760 1166
7761 1932
7762 4651
7763 3321
7764 734
7765 9570
7766 2197
7767 7394
7768 5247
7769 991
7770 4701
7771 6326
7772 2478
7773 4820
7774 3668
7775 7315
7776 8024
7777 3390
7778 8103
7779 402
7780 8666
7781 5777
7782 6721
7783 4983
7784 1999
7785 5983
7786 5
7787 2780
7788 2704
7789 4748
7790 8487
7791 502
7792 1642
7793 9537
7794 1681
7795 3882
7796 2541
7797 8346
7798 4642
7799 213
7800 1492
7801 5846
7802 7822
7803 345
7804 4146
7805 6883
7806 1150
7807 5830
7808 8985
7809 5560
7810 2172
7811 1021
7812 8156
7813 5675
7814 3406
7815 9846
7816 7596
7817 8565
7818 4634
7819 7895
7820 4922
7821 1177
7822 7417
7823 6066
7824 6137
7825 1814
7826 8028
7827 105
7828 976
7829 8386
7830 619
7831 6437
7832 1672
7833 5453
7834 8752
7835 21
7836 8046
7837 8664
7838 4804
7839 4318
7840 3052
7841 5145
7842 6553
7843 6578
7844 6879
7845 7977
7846 6902
7847 2146
7848 1385
7849 2690
7850 261
7851 9668
7852 5710
7853 338
7854 4585
7855 2579
7856 4399
7857 1617
7858 3452
7859 8576
7860 877
7861 7480
7862 1871
7863 7755
7864 2425
7865 1547
7866 8729
7867 8068
7868 5120
7869 2393
7870 7538
7871 3807
7872 452
7873 6130
7874 3907
7875 7601
7876 2296
7877 6481
7878 1100
7879 1025
7880 3611
7881 7550
7882 6261
7883 6653
7884 4635
7885 8286
7886 3588
7887 4910
7888 8303
7889 9771
7890 8242
7891 848
7892 2171
7893 2827
7894 7524
7895 6979
7896 8580
7897 9741
7898 2163
7899 2022
7900 2933
7901 4844
7902 128
7903 1655
7904 8403
7905 1152
7906 2141
7907 3790
7908 3294
7909 5880
7910 4132
7911 161
7912 3787
7913 498
7914 791
7915 1537
7916 6891
7917 2391
7918 8790
7919 3279
7920 3884
7921 9338
7922 998
7923 936
7924 2286
7925 2237
7926 7872
7927 669
7928 9287
7929 3068
7930 711
7931 6757
7932 7938
7933 9016
7934 1269
7935 7514
7936 6827
7937 2227
7938 2103
7939 6605
7940 1517
7941 6838
7942 3755
7943 7277
7944 6438
7945 695
7946 451
7947 4287
7948 8418
7949 831
7950 7146
7951 8172
7952 334
7953 5276
7954 3062
7955 1181
7956 4436
7957 1987
7958 2181
7959 1664
7960 9340
7961 6743
7962 8895
7963 3237
7964 9379
7965 2292
7966 2076
7967 2658
7968 5215
7969 605
7970 1651
7971 8243
7972 1454
7973 309
7974 1388
7975 1387
7976 1430
7977 6484
7978 4451
7979 7651
7980 7300
7981 1643
7982 9830
7983 4029
7984 1094
7985 8788
7986 7663
7987 1413
7988 1110
7989 7490
7990 3367
7991 1366
7992 5045
7993 9578
7994 3704
7995 1248
7996 7032
7997 9815
7998 1204
7999 264
8000 9694
8001 6017
8002 9864
8003 9282
8004 8900
8005 9474
8006 5349
8007 2997
8008 9822
8009 3788
8010 2100
8011 1636
8012 5692
8013 328
8014 856
8015 7706
8016 5249
8017 6909
8018 2059
8019 4333
8020 703
8021 8045
8022 7862
8023 126
8024 7003
8025 4628
8026 4245
8027 4154
8028 9545
8029 1925
8030 7783
8031 5761
8032 2581
8033 7139
8034 3500
8035 4942
8036 5262
8037 5098
8038 4296
8039 2502
8040 4485
8041 2503
8042 9847
8043 4603
8044 9393
8045 3888
8046 9937
8047 4018
8048 935
8049 2162
8050 9888
8051 9931
8052 7818
8053 8076
8054 724
8055 7632
8056 4250
8057 5185
8058 8038
8059 9926
8060 7296
8061 8214
8062 1437
8063 9278
8064 1482
8065 3362
8066 4773
8067 6886
8068 6930
8069 1415
8070 6535
8071 1747
8072 37
8073 6859
8074 9445
8075 6561
8076 3619
8077 5785
8078 4159
8079 3748
8080 6624
8081 5409
8082 3845
8083 8332
8084 5401
8085 2573
8086 3848
8087 176
8088 8595
8089 4179
8090 8779
8091 9985
8092 2533
8093 7057
8094 4170
8095 7399
8096 3916
8097 926
8098 845
8099 2497
8100 7178
8101 3529
8102 1395
8103 5556
8104 42
8105 5306
8106 9621
8107 5505
8108 9428
8109 4039
8110 3498
8111 9412
8112 9003
8113 95
8114 5573
8115 2235
8116 6135
8117 3747
8118 4547
8119 1668
8120 6895
8121 9399
8122 5550
8123 9645
8124 4658
8125 4291
8126 7421
8127 7100
8128 7393
8129 5170
8130 871
8131 809
8132 5915
8133 8981
8134 4141
8135 4462
8136 5242
8137 1533
8138 2517
8139 3478
8140 876
8141 1164
8142 3471
8143 506
8144 1876
8145 1805
8146 3287
8147 461
8148 1444
8149 5792
8150 4474
8151 6190
8152 4061
8153 6401
8154 8727
8155 5049
8156 4826
8157 2069
8158 7326
8159 2766
8160 8250
8161 3568
8162 4507
8163 1618
8164 2545
8165 5061
8166 7048
8167 872
8168 6184
8169 339
8170 40
8171 6339
8172 3927
8173 305
8174 4926
8175 3970
8176 8431
8177 4542
8178 3363
8179 7726
8180 3082
8181 9036
8182 8435
8183 7508
8184 9593
8185 310
8186 8090
8187 6336
8188 3438
8189 2204
8190 9472
8191 7435
8192 2482
8193 3180
8194 8146
8195 5280
8196 4124
8197 9903
8198 3113
8199 6313
8200 7232
8201 2156
8202 1813
8203 4177
8204 9837
8205 7121
8206 3528
8207 6978
8208 7607
8209 4335
8210 3566
8211 71
8212 6776
8213 8708
8214 5687
8215 9689
8216 1095
8217 596
8218 44
8219 5303
8220 5271
8221 3630
8222 9974
8223 7384
8224 621
8225 8862
8226 6047
8227 2131
8228 7288
8229 5148
8230 3632
8231 9002
8232 5282
8233 198
8234 1930
8235 2208
8236 110
8237 6618
8238 4985
8239 7350
8240 9756
8241 664
8242 7348
8243 1010
8244 432
8245 2821
8246 5138
8247 1324
8248 1736
8249 2293
8250 9646
8251 3806
8252 3195
8253 398
8254 3217
8255 336
8256 3548
8257 2178
8258 3604
8259 4313
8260 6966
8261 4771
8262 1143
8263 5946
8264 1034
8265 5383
8266 6555
8267 3441
8268 8612
8269 1793
8270 5885
8271 20
8272 2946
8273 9525
8274 9513
8275 1261
8276 4654
8277 9883
8278 1101
8279 5467
8280 6798
8281 3280
8282 7017
8283 680
8284 2916
8285 6851
8286 4453
8287 9667
8288 2716
8289 7329
8290 4882
8291 9638
8292 6076
8293 5218
8294 7086
8295 1400
8296 4792
8297 2790
8298 26
8299 4563
8300 2264
8301 8490
8302 8422
8303 540
8304 6594
8305 9922
8306 9022
8307 7080
8308 3098
8309 3310
8310 2165
8311 8924
8312 1899
8313 7615
8314 4359
8315 2853
8316 5464
8317 1348
8318 1746
8319 9723
8320 200
8321 9580
8322 7147
8323 9515
8324 6230
8325 1881
8326 2720
8327 767
8328 3826
8329 800
8330 5465
8331 2086
8332 2812
8333 7803
8334 2306
8335 6840
8336 2117
8337 509
8338 8057
8339 4247
8340 6132
8341 9422
8342 4370
8343 1357
8344 2428
8345 3923
8346 8283
8347 5485
8348 8449
8349 8583
8350 8067
8351 7455
8352 1433
8353 8185
8354 780
8355 2281
8356 8143
8357 2961
8358 2923
8359 5172
8360 4885
8361 2107
8362 9901
8363 5752
8364 4997
8365 9759
8366 2193
8367 8987
8368 5328
8369 798
8370 8200
8371 1380
8372 7608
8373 5933
8374 8722
8375 5518
8376 6257
8377 9954
8378 1729
8379 1495
8380 7736
8381 4757
8382 7073
8383 2616
8384 302
8385 6926
8386 5760
8387 424
8388 9360
8389 1548
8390 4881
8391 503
8392 4434
8393 7835
8394 9351
8395 7530
8396 8700
8397 4640
8398 9989
8399 6640
8400 4630
8401 9632
8402 4084
8403 9832
8404 4413
8405 7042
8406 8502
8407 3298
8408 6104
8409 8049
8410 1186
8411 1115
8412 1384
8413 2815
8414 5294
8415 7542
8416 637
8417 1697
8418 1784
8419 5415
8420 603
8421 9306
8422 2280
8423 5786
8424 5497
8425 5424
8426 4573
8427 4777
8428 2675
8429 5362
8430 2504
8431 5546
8432 4447
8433 784
8434 3637
8435 6470
8436 3413
8437 2841
8438 9006
8439 410
8440 9639
8441 8480
8442 3872
8443 7966
8444 9890
8445 6289
8446 6860
8447 5555
8448 2330
8449 1196
8450 3846
8451 2285
8452 4217
8453 4396
8454 1173
8455 6854
8456 5375
8457 1268
8458 4081
8459 7858
8460 5340
8461 262
8462 3775
8463 6985
8464 3808
8465 8258
8466 3536
8467 8369
8468 5997
8469 1091
8470 5134
8471 3150
8472 5715
8473 5491
8474 6637
8475 2776
8476 9913
8477 248
8478 1424
8479 3148
8480 1493
8481 7500
8482 7005
8483 5736
8484 7184
8485 2492
8486 454
8487 5771
8488 497
8489 8944
8490 4521
8491 6014
8492 2927
8493 8581
8494 4015
8495 3184
8496 4722
8497 4815
8498 140
8499 3348
8500 1561
8501 9298
8502 6657
8503 5936
8504 7703
8505 4614
8506 5889
8507 8625
8508 8906
8509 2683
8510 7156
8511 4007
8512 2618
8513 6906
8514 7983
8515 9575
8516 4160
8517 2878
8518 4600
8519 8466
8520 8533
8521 7578
8522 7173
8523 1272
8524 1158
8525 1770
8526 4328
8527 4514
8528 4824
8529 1335
8530 2459
8531 4056
8532 6039
8533 6108
8534 6843
8535 1456
8536 8209
8537 7598
8538 4490
8539 3205
8540 2633
8541 2334
8542 2287
8543 4912
8544 6934
8545 5789
8546 9604
8547 1497
8548 483
8549 4830
8550 870
8551 4567
8552 6297
8553 9969
8554 2336
8555 1510
8556 6357
8557 9303
8558 4502
8559 2657
8560 25
8561 9302
8562 8379
8563 254
8564 7926
8565 1345
8566 9309
8567 2605
8568 4707
8569 4242
8570 913
8571 8262
8572 2931
8573 2229
8574 840
8575 6441
8576 8087
8577 2437
8578 9100
8579 5456
8580 9406
8581 202
8582 5395
8583 8663
8584 4504
8585 3902
8586 5014
8587 1118
8588 7419
8589 3414
8590 7450
8591 4775
8592 9605
8593 7370
8594 7360
8595 4816
8596 5180
8597 5051
8598 5248
8599 8686
8600 117
8601 6543
8602 7971
8603 6454
8604 3067
8605 2647
8606 9051
8607 6125
8608 5668
8609 6118
8610 2430
8611 1464
8612 814
8613 5734
8614 2741
8615 6762
8616 8865
8617 6115
8618 5231
8619 3625
8620 3329
8621 9311
8622 1133
8623 2471
8624 3935
8625 6482
8626 5660
8627 2898
8628 47
8629 2593
8630 8961
8631 8355
8632 9480
8633 6287
8634 5974
8635 291
8636 2136
8637 1109
8638 2611
8639 6817
8640 8217
8641 1129
8642 2222
8643 3460
8644 86
8645 9802
8646 6527
8647 2621
8648 7231
8649 4156
8650 6408
8651 6382
8652 5176
8653 2002
8654 3384
8655 5658
8656 879
8657 3742
8658 2194
8659 7782
8660 2039
8661 4867
8662 6246
8663 3805
8664 2192
8665 8098
8666 1990
8667 7553
8668 6097
8669 8748
8670 7581
8671 5238
8672 1971
8673 4931
8674 2144
8675 7484
8676 978
8677 8497
8678 9751
8679 4855
8680 3553
8681 6744
8682 8294
8683 3133
8684 6707
8685 5739
8686 2565
8687 6458
8688 1160
8689 4548
8690 7609
8691 4836
8692 2300
8693 3818
8694 4449
8695 4871
8696 6233
8697 609
8698 3407
8699 6541
8700 1114
8701 5300
8702 6379
8703 4860
8704 2736
8705 7254
8706 9863
8707 2332
8708 4749
8709 4293
8710 7249
8711 414
8712 7467
8713 4759
8714 9068
8715 3313
8716 6214
8717 4886
8718 7183
8719 101
8720 8946
8721 3864
8722 4491
8723 2290
8724 2895
8725 1953
8726 1270
8727 8434
8728 1225
8729 78
8730 9776
8731 6021
8732 8572
8733 8074
8734 3698
8735 8726
8736 4593
8737 2874
8738 6181
8739 5689
8740 6295
8741 5985
8742 5194
8743 1530
8744 8273
8745 9494
8746 8977
8747 7497
8748 2747
8749 5916
8750 5479
8751 8792
8752 5333
8753 6790
8754 7324
8755 314
8756 1730
8757 7479
8758 8747
8759 6060
8760 4066
8761 5583
8762 6485
8763 7008
8764 1991
8765 8051
8766 8539
8767 510
8768 2583
8769 9682
8770 8676
8771 7980
8772 527
8773 1748
8774 687
8775 1397
8776 9238
8777 7340
8778 7808
8779 8158
8780 5107
8781 4022
8782 6709
8783 4957
8784 5540
8785 3121
8786 24
8787 5062
8788 2909
8789 897
8790 6942
8791 3626
8792 5781
8793 4556
8794 7972
8795 2546
8796 382
8797 8514
8798 487
8799 3509
8800 8450
8801 2196
8802 5056
8803 2374
8804 1887
8805 416
8806 2052
8807 9453
8808 222
8809 3138
8810 7527
8811 2534
8812 9450
8813 3486
8814 4991
8815 6496
8816 3342
8817 8356
8818 5536
8819 5696
8820 7636
8821 8030
8822 9608
8823 5462
8824 4103
8825 9841
8826 7840
8827 4023
8828 2377
8829 3090
8830 5592
8831 180
8832 4356
8833 2188
8834 9328
8835 7541
8836 5847
8837 5697
8838 9539
8839 7622
8840 4030
8841 1171
8842 238
8843 2723
8844 1374
8845 2252
8846 5829
8847 6567
8848 1836
8849 4807
8850 1297
8851 1245
8852 8620
8853 6514
8854 6120
8855 3906
8856 175
8857 1259
8858 3886
8859 6603
8860 235
8861 3516
8862 1085
8863 4092
8864 3197
8865 7565
8866 8160
8867 6829
8868 125
8869 7928
8870 1074
8871 8678
8872 1053
8873 2033
8874 2269
8875 1962
8876 307
8877 2456
8878 8195
8879 7606
8880 5961
8881 3260
8882 9809
8883 9731
8884 7665
8885 8387
8886 7305
8887 5063
8888 9821
8889 9359
8890 6478
8891 9285
8892 7482
8893 904
8894 4140
8895 5079
8896 8684
8897 4386
8898 2274
8899 5275
8900 7425
8901 2014
8902 5803
8903 1396
8904 2964
8905 1368
8906 1123
8907 5791
8908 2930
8909 434
8910 1563
8911 3157
8912 7083
8913 9876
8914 3686
8915 829
8916 8088
8917 3361
8918 1151
8919 2270
8920 2572
8921 2278
8922 9730
8923 1842
8924 1298
8925 5427
8926 5476
8927 726
8928 3725
8929 7037
8930 728
8931 9875
8932 764
8933 4482
8934 4733
8935 6169
8936 2817
8937 6955
8938 8256
8939 5657
8940 7764
8941 3412
8942 2383
8943 3920
8944 5520
8945 8935
8946 3270
8947 8816
8948 3257
8949 7717
8950 1856
8951 2305
8952 9169
8953 5859
8954 1405
8955 4698
8956 6752
8957 462
8958 3080
8959 7059
8960 2807
8961 9281
8962 8697
8963 3343
8964 7234
8965 8668
8966 4460
8967 9342
8968 2255
8969 5302
8970 9172
8971 3481
8972 6280
8973 9961
8974 7113
8975 4299
8976 1725
8977 9560
8978 8847
8979 5060
8980 9988
8981 9740
8982 123
8983 2
8984 5323
8985 2339
8986 5201
8987 1097
8988 5243
8989 2457
8990 3543
8991 4732
8992 1864
8993 3960
8994 3125
8995 1820
8996 661
8997 2329
8998 5693
8999 9014
9000 8215
9001 647
9002 4463
9003 3477
9004 3251
9005 6984
9006 484
9007 1774
9008 6094
9009 662
9010 4309
9011 6925
9012 608
9013 2670
9014 8345
9015 3709
9016 7752
9017 8655
9018 8591
9019 1531
9020 1727
9021 4778
9022 5840
9023 1939
9024 3485
9025 7638
9026 6586
9027 2866
9028 773
9029 9898
9030 6701
9031 8738
9032 3930
9033 1192
9034 1244
9035 8253
9036 3992
9037 3552
9038 7772
9039 2696
9040 3631
9041 7730
9042 6226
9043 4493
9044 4005
9045 9633
9046 3115
9047 256
9048 8062
9049 4520
9050 9208
9051 6539
9052 9170
9053 5607
9054 228
9055 9231
9056 6341
9057 8637
9058 6315
9059 9700
9060 4500
9061 6853
9062 5631
9063 5086
9064 3943
9065 2965
9066 633
9067 2184
9068 9727
9069 1037
9070 4712
9071 8560
9072 1710
9073 6532
9074 7150
9075 1500
9076 3114
9077 6913
9078 2424
9079 5466
9080 7502
9081 9743
9082 4956
9083 8974
9084 7475
9085 1613
9086 7509
9087 5158
9088 2629
9089 4470
9090 3494
9091 7153
9092 7227
9093 8033
9094 5261
9095 4282
9096 8909
9097 9577
9098 4943
9099 5299
9100 2528
9101 5221
9102 5545
9103 2498
9104 1117
9105 9917
9106 3829
9107 46
9108 6228
9109 4417
9110 3167
9111 699
9112 8597
9113 774
9114 2710
9115 3656
9116 3168
9117 3001
9118 8206
9119 9966
9120 3933
9121 4409
9122 6874
9123 5572
9124 2345
9125 1083
9126 1070
9127 1011
9128 4723
9129 111
9130 4863
9131 5765
9132 3135
9133 2401
9134 6293
9135 8268
9136 3777
9137 4818
9138 2556
9139 3027
9140 9401
9141 1825
9142 9190
9143 2331
9144 8437
9145 1474
9146 1005
9147 116
9148 6865
9149 4825
9150 253
9151 3982
9152 2643
9153 4294
9154 2019
9155 7511
9156 7962
9157 9149
9158 6080
9159 8614
9160 9329
9161 354
9162 4857
9163 3715
9164 8896
9165 4620
9166 8853
9167 5224
9168 2044
9169 601
9170 4928
9171 4274
9172 9115
9173 4526
9174 7521
9175 765
9176 8460
9177 3643
9178 5069
9179 5552
9180 3071
9181 9625
9182 1120
9183 5814
9184 6141
9185 88
9186 7611
9187 2582
9188 8643
9189 6848
9190 905
9191 2209
9192 6391
9193 6544
9194 6804
9195 3793
9196 2835
9197 8648
9198 9180
9199 6166
9200 5425
9201 9526
9202 5322
9203 2036
9204 2889
9205 7627
9206 7554
9207 507
9208 4772
9209 582
9210 7851
9211 7333
9212 2455
9213 902
9214 1391
9215 6572
9216 2169
9217 8960
9218 9099
9219 9518
9220 3127
9221 8908
9222 3064
9223 7952
9224 8370
9225 4795
9226 7328
9227 5512
9228 8341
9229 8545
9230 3658
9231 168
9232 4298
9233 8525
9234 4263
9235 8756
9236 3058
9237 6548
9238 1124
9239 9416
9240 6004
9241 1402
9242 2301
9243 6786
9244 4819
9245 8956
9246 5109
9247 8257
9248 2762
9249 8352
9250 215
9251 3318
9252 1506
9253 1321
9254 4371
9255 8364
9256 2926
9257 1869
9258 8357
9259 805
9260 8114
9261 2238
9262 1309
9263 7815
9264 8548
9265 730
9266 1089
9267 9048
9268 8880
9269 4310
9270 4577
9271 3207
9272 4682
9273 916
9274 4194
9275 9055
9276 9624
9277 8249
9278 1627
9279 8233
9280 5797
9281 7908
9282 9696
9283 7047
9284 1303
9285 719
9286 4174
9287 8186
9288 2254
9289 3264
9290 2317
9291 9479
9292 817
9293 6134
9294 5811
9295 7771
9296 5749
9297 4074
9298 320
9299 6400
9300 7647
9301 6055
9302 292
9303 3424
9304 9065
9305 4791
9306 3683
9307 1317
9308 89
9309 8002
9310 761
9311 1354
9312 63
9313 2934
9314 8396
9315 39
9316 5812
9317 1731
9318 9167
9319 4361
9320 5886
9321 2588
9322 4976
9323 6070
9324 2013
9325 3374
9326 6127
9327 8063
9328 6654
9329 5095
9330 5606
9331 3461
9332 2879
9333 6150
9334 1878
9335 4994
9336 5183
9337 8864
9338 2719
9339 4797
9340 7089
9341 1673
9342 8751
9343 5371
9344 3833
9345 5022
9346 3776
9347 7131
9348 7363
9349 5585
9350 8517
9351 6521
9352 2660
9353 9610
9354 5011
9355 9561
9356 9032
9357 133
9358 392
9359 2180
9360 6687
9361 6360
9362 6919
9363 5887
9364 453
9365 9594
9366 4349
9367 4446
9368 3673
9369 3462
9370 2847
9371 778
9372 4391
9373 1648
9374 1279
9375 6784
9376 5784
9377 3102
9378 5439
9379 501
9380 8430
9381 9918
9382 674
9383 5750
9384 19
9385 7613
9386 5481
9387 2677
9388 6151
9389 1233
9390 5113
9391 3973
9392 6429
9393 2612
9394 1790
9395 9719
9396 1305
9397 6052
9398 1663
9399 1562
9400 5507
9401 5087
9402 6260
9403 4862
9404 5796
9405 7168
9406 6619
9407 5648
9408 7657
9409 9429
9410 2640
9411 8221
9412 5773
9413 6223
9414 5623
9415 3774
9416 8064
9417 3600
9418 677
9419 6782
9420 243
9421 1828
9422 3823
9423 7693
9424 7238
9425 5920
9426 1582
9427 9391
9428 1330
9429 4643
9430 5318
9431 29
9432 7353
9433 3582
9434 1879
9435 3258
9436 6880
9437 551
9438 1721
9439 3896
9440 9258
9441 7775
9442 8717
9443 9246
9444 2941
9445 1799
9446 9887
9447 6773
9448 459
9449 8601
9450 9559
9451 1462
9452 5245
9453 4605
9454 5832
9455 9752
9456 4093
9457 4859
9458 439
9459 1905
9460 6915
9461 2845
9462 5147
9463 7587
9464 9528
9465 9773
9466 7595
9467 2408
9468 3290
9469 4455
9470 4887
9471 8107
9472 6670
9473 4583
9474 1583
9475 7120
9476 6018
9477 4216
9478 6583
9479 9475
9480 6241
9481 6077
9482 373
9483 1409
9484 2258
9485 223
9486 2057
9487 3608
9488 54
9489 517
9490 3838
9491 6071
9492 8161
9493 8999
9494 7055
9495 1006
9496 186
9497 6177
9498 8432
9499 1976
9500 6768
9501 5141
9502 9136
9503 2850
9504 6835
9505 8375
9506 5236
9507 9824
9508 3620
9509 6319
9510 7019
9511 9543
9512 4840
9513 4518
9514 6043
9515 8055
9516 6006
9517 5090
9518 4290
9519 5728
9520 4597
9521 7126
9522 7188
9523 3726
9524 2056
9525 6986
9526 1208
9527 9867
9528 5591
9529 6019
9530 6516
9531 7141
9532 7529
9533 1274
9534 4562
9535 283
9536 2429
9537 154
9538 8850
9539 6316
9540 2234
9541 2126
9542 557
9543 8858
9544 9204
9545 3007
9546 6154
9547 3419
9548 8661
9549 4110
9550 9206
9551 1611
9552 230
9553 7907
9554 9369
9555 3849
9556 9307
9557 268
9558 2008
9559 1161
9560 2787
9561 4207
9562 3959
9563 9963
9564 815
9565 8027
9566 8513
9567 6281
9568 7068
9569 9192
9570 7604
9571 5017
9572 4469
9573 5705
9574 5314
9575 2351
9576 8162
9577 3109
9578 3710
9579 4292
9580 6801
9581 4719
9582 8571
9583 1551
9584 1000
9585 8376
9586 5614
9587 31
9588 4351
9589 7101
9590 4673
9591 1176
9592 4828
9593 529
9594 8289
9595 3059
9596 6099
9597 1027
9598 5083
9599 2451
9600 3968
9601 157
9602 8888
9603 9872
9604 1696
9605 6607
9606 357
9607 5684
9608 2759
9609 3198
9610 632
9611 3928
9612 5931
9613 704
9614 7959
9615 2077
9616 997
9617 92
9618 5733
9619 7523
9620 5181
9621 8671
9622 5490
9623 9977
9624 4268
9625 3372
9626 5511
9627 2147
9628 3174
9629 2722
9630 6887
9631 4856
9632 4566
9633 7678
9634 4302
9635 7447
9636 9273
9637 8884
9638 2991
9639 7167
9640 3995
9641 3081
9642 2563
9643 2142
9644 4343
9645 4549
9646 3466
9647 6480
9648 8554
9649 6321
9650 3175
9651 5205
9652 11
9653 6456
9654 2048
9655 8113
9656 4594
9657 7477
9658 5213
9659 9173
9660 7144
9661 3107
9662 6084
9663 84
9664 5012
9665 8995
9666 883
9667 5963
9668 6350
9669 8041
9670 112
9671 6998
9672 3484
9673 8891
9674 7885
9675 1546
9676 6508
9677 1060
9678 9665
9679 9335
9680 7998
9681 2177
9682 5950
9683 8040
9684 2515
9685 1628
9686 3211
9687 8989
9688 67
9689 7453
9690 7799
9691 8874
9692 8733
9693 8034
9694 4069
9695 3690
9696 715
9697 327
9698 5311
9699 9967
9700 7413
9701 1232
9702 2667
9703 5790
9704 5222
9705 3901
9706 4509
9707 5932
9708 7369
9709 7125
9710 3732
9711 3320
9712 4944
9713 560
9714 1599
9715 2297
9716 1179
9717 3254
9718 83
9719 810
9720 7626
9721 2125
9722 5329
9723 2127
9724 4127
9725 4164
9726 4917
9727 3021
9728 9436
9729 8669
9730 1498
9731 1325
9732 1838
9733 2092
9734 6269
9735 6161
9736 5191
9737 6365
9738 1781
9739 4570
9740 4129
9741 2536
9742 5800
9743 3446
9744 5365
9745 7222
9746 9825
9747 7669
9748 8220
9749 5960
9750 1446
9751 9426
9752 9897
9753 8945
9754 1408
9755 5133
9756 1615
9757 9904
9758 3328
9759 210
9760 4445
9761 8204
9762 5581
9763 209
9764 1328
9765 5703
9766 6054
9767 184
9768 6442
9769 4472
9770 3652
9771 8443
9772 7338
9773 8155
9774 3869
9775 5115
9776 103
9777 5676
9778 7955
9779 4376
9780 1524
9781 2662
9782 5050
9783 742
9784 1701
9785 785
9786 7264
9787 841
9788 5612
9789 4362
9790 6916
9791 5309
9792 3955
9793 9448
9794 2185
9795 6459
9796 1155
9797 5376
9798 4475
9799 5541
9800 9929
9801 5662
9802 1966
9803 9793
9804 6028
9805 1688
9806 9899
9807 9927
9808 7038
9809 3680
9810 333
9811 4903
9812 3675
9813 8446
9814 6180
9815 255
9816 7748
9817 8190
9818 2767
9819 7205
9820 3946
9821 7136
9822 4200
9823 1660
9824 1646
9825 347
9826 4906
9827 2735
9828 9373
9829 9820
9830 1760
9831 8183
9832 9587
9833 2446
9834 4481
9835 9088
9836 2951
9837 3857
9838 5110
9839 5488
9840 7995
9841 7676
9842 7014
9843 3721
9844 8820
9845 2470
9846 3066
9847 4653
9848 9407
9849 846
9850 5723
9851 644
9852 4692
9853 9457
9854 7997
9855 5576
9856 1382
9857 491
9858 1338
9859 4428
9860 6224
9861 1360
9862 244
9863 9174
9864 862
9865 834
9866 7533
9867 4803
9868 7733
9869 5241
9870 8607
9871 8737
9872 4739
9873 2011
9874 1577
9875 2154
9876 445
9877 1946
9878 152
9879 5574
9880 1644
9881 3296
9882 2061
9883 173
9884 4834
9885 3534
9886 3809
9887 7344
9888 2173
9889 79
9890 9557
9891 9097
9892 6896
9893 9702
9894 3551
9895 8719
9896 607
9897 5434
9898 7936
9899 1215
9900 8582
9901 5898
9902 9536
9903 5837
9904 3160
9905 3876
9906 9444
9907 8326
9908 722
9909 4767
9910 678
9911 6362
9912 4915
9913 7715
9914 8078
9915 4624
9916 7845
9917 4173
9918 5186
9919 2354
9920 5626
9921 522
9922 1035
9923 3597
9924 8983
9925 514
9926 1819
9927 4166
9928 3395
9929 6789
9930 8928
9931 3261
9932 7562
9933 5336
9934 4253
9935 5368
9936 859
9937 5528
9938 4208
9939 9628
9940 9443
9941 7807
9942 2956
9943 6343
9944 5951
9945 5039
9946 9502
9947 6616
9948 3810
9949 9644
9950 1917
9951 3322
9952 2363
9953 280
9954 7476
9955 8602
9956 4711
9957 6937
9958 9054
9959 3623
9960 2929
9961 4487
9962 1359
9963 1835
9964 8395
9965 536
9966 5429
9967 6900
9968 3252
9969 9971
9970 9116
9971 6040
9972 9804
9973 6148
9974 6096
9975 6030
9976 8592
9977 4909
9978 3144
9979 6719
9980 2474
9981 8110
9982 6329
9983 5659
9984 1556
9985 1301
9986 4808
9987 3239
9988 3646
9989 2359
9990 9705
9991 3938
9992 1028
9993 7812
9994 9367
9995 7823
9996 1352
9997 5112
9998 6759
9999 3473
10000 0
