956875807 200
55647216
524736488
824873349
579263555
283204145
685342691
224049716
546006888
945944604
556441518
255677109
323574262
945670975
529361412
635472177
323962583
40704442
834441192
944478298
863089417
380611807
431788664
594849203
326029387
596395295
560217998
677149160
623942112
689705662
616234088
88475914
574780025
862855396
781112773
902264253
7697088
187981109
534337516
761858444
319816377
404561114
875847052
527368265
16575744
99305352
218863552
641755435
911063653
581366082
156746901
253945102
818432916
572197924
18459194
850359347
360049354
538808491
247261534
240927965
206603479
894397383
430505555
79684364
954297109
956201356
557659211
498772882
408216401
192317782
46452426
594265674
732171768
243357490
379332685
461565578
583438820
455332534
296675252
49639258
572063873
678323268
463527619
617427972
735605369
759998323
605932643
93182689
9786918
363270004
70867413
513473231
536398517
104413621
39421230
505702434
264672714
597950024
443778043
417168784
634128035
311617218
377862160
788348099
872908374
496549892
182668821
516619864
213632397
10706004
604199229
822813958
884534071
729729460
69429843
295296882
806041268
42413886
305945806
412902529
237540930
258487431
264451756
151458213
22081351
596848653
230013885
59182314
280392830
351530615
87813819
182527932
724141099
763277378
305039199
146935047
927871369
404573118
324842644
173656122
15921216
372587170
385769270
345303231
397509273
20561739
939180147
599924453
852619090
559730235
504247225
656081317
501706469
173654923
57315797
448085757
222270832
59639152
544437757
658758462
752908924
883113878
388539232
39905602
439714130
274286100
5724166
424742114
784429066
731429140
61865562
427144576
935073474
710054319
798534626
465171936
711660841
631827495
51090847
551162886
912601337
7016701
552565125
145432941
563057404
296712658
411461459
544058211
638857700
461225656
800948234
896620438
943612885
946578808
334803737
112209769
4884798
881369868
133697074
854614152
287290192
