998769229 200
831076383
103309034
572782309
312737004
872963416
863556644
538897459
905682087
13840314
12074564
692054478
323215664
573772141
748915102
293289455
817140565
387228243
993160812
766892708
522695403
848799906
318114195
671413734
818072951
533120589
940437289
527287275
974710650
767465445
988185423
194541055
893771030
180388877
740018514
845047493
745109732
470087653
552340077
519565802
959357963
906785867
615908625
186048750
551576912
352361996
263796631
582043646
222988789
913069884
149651795
450711049
534911462
705461384
326971503
421398882
493387602
552306949
601701193
863811828
249662420
226914047
745339398
929606714
292468477
255145727
827112492
550030886
758339085
54024543
308670884
951727301
411544125
507278175
357039959
442604626
377844611
52897708
295548993
103239306
105361794
127990575
108937557
26836231
717939297
957873950
159174232
162648071
897847654
950780560
62961318
945771884
52639111
707365816
915669109
750229170
862794457
700787941
694936799
962481463
398790559
704200557
808027473
871929218
241806960
487298282
633318879
693201989
773002260
35618745
869322741
189929132
755635575
713572353
74039356
843124004
134958752
522653887
50522673
508932564
477544311
641008626
879033742
723872389
806025139
390573455
588652118
41826691
785046683
575245142
210170658
560014371
157959335
392968103
425070170
973892731
285137323
27326316
318497590
168685235
306909965
824940279
323545625
520172041
1573404
442975002
642347643
235035507
608292339
182245524
150994915
780963369
847595606
74934641
521623505
800665032
756466226
421239554
731256465
235167335
627945425
494062578
250705519
713190631
618773057
463208574
5195498
541998611
311111026
199341586
425569090
903866228
985073108
127127391
795566899
258299725
418747597
585048007
678539690
111686749
456126677
2838675
643098556
595658597
207115172
558318323
695160296
836404915
705202916
205961913
273852042
744285067
286336722
669927885
494002175
229987258
655905515
331512270
218982965
268579781
25710205
