94464317 200
92409155
7993838
81487493
6261630
69403568
83960929
64871550
58241372
81370322
92277400
80231372
79892820
17886858
88402597
35934646
72912541
78324993
78217256
75454293
88920102
44820868
25248601
22771991
62100763
22175560
20448181
59365287
47339216
35774443
54411431
29099050
18232407
89229438
78756948
89215005
86788476
61414833
93980602
74745348
83362029
6865417
512699
6680611
49233470
17592488
66584660
51733048
58696941
50430788
32942666
29025326
42444054
58270841
10744477
68177998
29831307
47393221
43989418
57886265
16249176
88218676
80877279
31444888
90827494
77973638
75060483
45178204
21988833
30432567
21324344
68855358
8781850
82262495
48923796
60882428
16428294
66583870
53921144
52971724
60696648
9554394
81631444
62255032
12858023
63360779
42350103
63111969
13414191
42268728
92086067
64639678
15120690
80752909
87291484
37843659
67669507
58771970
30725794
39925368
59611531
72015961
87655291
29930754
8403599
37140083
72464129
27303490
15934959
51603167
78634666
60874689
8552930
85550483
8923681
52193253
55008000
51893930
52999620
10260071
51601
87681455
1876257
47484745
93457809
54760604
11672197
24272470
89803445
90817317
25054872
72227168
71246241
59886031
3219247
41017666
11651081
39082421
13268255
19199267
44185464
27444413
91591488
34444766
31557045
90280243
11511875
3283451
10236734
59356040
11609609
69884051
67945431
68038308
50051321
71068883
18358854
74134367
20278523
5454678
68079069
83005320
69516506
45211916
84254077
22492214
73407445
27677560
6892456
69938408
39316916
40410748
36737439
18715878
3128372
65456892
74453914
43408623
15213604
44230182
38067329
76997175
19152101
83638399
35917400
44973207
11047916
83296179
74804519
4240891
57905876
65013
56772547
52596083
35386563
55124583
80569482
75872660
44833086
58694616
88007617
