95468491 200
55524369
9951865
5980934
93939964
59206052
16666176
94139271
76065087
7208234
48273896
42770245
75969693
34419166
52019171
72072002
10837451
64772275
43078355
75708025
35597353
4933940
2014408
61113509
1800221
12420453
4951685
22520595
25878264
34847903
40658919
45104738
92006124
34297691
45999032
89685721
86552527
94183570
72534275
84898857
3033721
62307277
91613915
55118238
45243846
38263042
89669478
61663864
40225396
46735539
54370124
60695489
32824963
25821178
82930482
86157113
71089627
94963963
2161894
77545278
12655793
64689861
14037506
35572673
14631399
70419406
35247839
94911499
26735174
30037037
76877917
51769023
67621535
78771057
156089
60551643
37764486
81342405
59134511
86018572
78735404
43615262
2908130
43919245
83287202
76787756
65079034
46650705
86404465
11508913
42818160
42091502
26010607
29148953
94054590
47204214
5424934
53125892
71945430
61010335
44090580
55764943
23177724
51915186
76957788
78877275
67925027
67995733
54541405
31509676
29787699
39267985
38484808
62539191
38739233
85412306
46673671
93349980
23492596
47364092
76754379
57167090
58218895
28552508
74534888
49476495
19812722
22682272
59792673
7238220
75295174
5718006
985764
58694800
29695451
67428112
960627
3673297
24404005
17797313
16341259
75079410
70897843
44256473
69736746
56733446
15578428
87443450
71039916
35173189
66172930
59816540
7053002
1911177
39499887
19565986
53140250
7423273
40525217
71221537
60378253
26649738
91749469
46539426
48222778
81584765
73068972
47133373
50187593
82590721
22123453
86741695
82948145
95277697
15907159
33655310
66858910
39676207
59766943
95142194
1924467
11705697
32264168
34525653
82446567
75492922
92197396
29368511
43615465
20994480
59979235
44584726
78095008
75762395
81085371
60695261
47088825
60139648
59607613
23224898
89207290
