947 200
669
126
460
394
574
445
548
514
616
245
670
312
450
676
59
14
300
159
835
77
649
150
685
95
218
136
749
655
907
794
48
902
105
20
458
644
414
626
521
133
125
54
293
521
565
92
153
361
363
195
659
9
45
911
197
218
592
562
485
486
818
743
163
256
516
625
535
882
842
310
343
463
737
381
142
714
714
719
592
216
11
3
641
780
909
238
31
274
55
2
244
479
74
214
737
313
597
497
864
289
493
340
73
394
495
494
132
382
298
557
339
390
184
227
106
69
931
936
814
784
618
732
827
635
764
693
599
927
623
73
253
826
551
857
175
124
324
837
196
630
870
649
79
265
315
566
692
682
262
376
43
323
135
302
603
290
630
134
538
922
373
129
731
502
76
868
242
141
420
429
176
302
27
324
835
334
900
578
649
311
257
481
398
299
259
515
736
456
448
548
65
79
689
245
800
232
388
541
254
794
