92182579 200
31143308
24298455
50656699
25400519
91448674
24007606
72333013
51664698
79367507
84561467
78691847
19333650
83571543
3754140
10771874
66992777
11908629
66150717
87610640
90487090
79935284
30853612
84231795
86329410
71648107
9121229
4737954
42836311
21849986
34781302
46901744
33477015
90565958
5857187
24035491
14806495
16954318
34549785
5916968
18344847
91733077
6143933
8852229
19016804
51331299
64275775
39660150
55448984
90731688
55770308
78803380
57882718
32153980
36523563
23338717
10425967
53787232
37098955
84550608
66719401
91885079
27263414
72646956
42784258
81466844
76221474
7055059
18063541
91628720
53912424
44465105
33024741
82184777
34933798
71623041
55332514
60500701
88281619
73698940
1894991
45678303
1226553
7660008
62474184
14284773
79043213
91265203
65940279
16221568
45860026
41657078
69279732
56057936
9685576
88480516
75386223
27589093
60496567
70557463
63108722
81607940
76211270
19184059
70630936
4005247
44434278
79883047
33040054
40628219
38098511
31986574
16421047
72401060
84076075
59095604
24751501
71020751
65479479
11261113
70295990
74771532
82913496
76800152
60285311
11506021
84792306
44517314
65981530
30429570
50348594
47563093
30147963
43575374
65291180
77898675
47786464
46452529
527037
3402577
6928117
48398820
22799329
39077982
58467376
849745
7981142
23600062
8520799
9224117
26632908
26165317
63411860
45563204
80725379
73876087
78615548
89003079
17700791
55725824
39219569
3518429
42701516
70331303
48595810
6939412
66050205
8886653
37860493
84898487
7283558
71229617
21852807
53148935
36776099
83209943
83480082
64820626
75699544
11626958
91586717
6313871
37065399
77225235
16920264
33509774
34652413
44878467
77195336
78587573
14946002
2451875
33339027
71012901
62353210
78080052
20057724
87549519
78179892
51202393
12081095
