9518291 200
2111823
6865684
3563046
7473017
335548
987686
3713572
7902847
527431
9416581
4305975
7534435
4069651
4306330
8862628
6769312
9304083
4371960
1113320
8659135
7929250
8619273
4526646
2452207
9048192
6429469
5566942
4995781
7389614
1918487
4533110
7315827
4364651
1050770
3924841
3566333
6418930
8401862
1869911
8495099
4711125
7071857
8494771
3120140
2725798
5899996
3855606
7439266
3395054
1827265
6335744
1723351
2572576
2960660
344230
3939088
5159072
6245798
7716160
1491225
231777
5954082
6317685
7075682
827661
8972180
8008962
3386235
7775344
1434871
8621095
3299766
285375
4762553
4018752
4267208
3197724
6909313
9124124
5117887
8225177
8109787
3709611
442395
7521284
2674380
1296781
2943633
7320203
2690441
3385053
403338
8204014
8015758
8512603
9362460
4961319
3933780
2962174
2773219
6169150
4073038
5363525
8520069
2720690
5116776
8623371
1574418
8492573
1647498
706009
4510494
8230494
2709484
469289
4080059
8047949
437038
6918209
5285399
4496723
4528997
1837461
5617021
7542179
6480379
5662132
3763263
5924067
2712138
9117338
208374
5925460
1331752
1224080
1227947
9272665
9510852
7920105
5385329
5627765
7304106
6983567
4514843
6059273
7466170
6428181
7935165
5747287
3896711
924654
3176705
2345832
877107
5800645
4107244
5254679
7094928
2391335
7435635
6612660
3657202
4051302
6710752
7908187
4945791
8327507
9105269
4855341
2196719
3789526
7350281
9261671
3217708
7784931
4977716
7408912
1156641
4418227
4431690
6990863
3289418
7916047
825052
4094694
2505527
4767032
3556169
1405547
1027796
1621028
8260044
1597249
6832466
568518
4823868
7936932
3769359
8108285
3228378
