98741327 200
80640971
9703334
92408046
16655489
45897959
10909629
90933979
26100194
83326321
2007333
94992922
96689003
82027348
34930274
94158093
70236152
97000024
77989026
41126450
78606823
53885105
227773
91853991
52800843
49026589
23617833
57030988
74664293
35299382
56596087
53706416
34610406
48843051
23025341
25898202
76485188
53838909
49557257
3672453
15329588
13614850
30409156
19520922
3464486
35604348
66361763
18202329
49058878
58633151
57817213
37707861
67628076
15648526
75951151
18481718
25001140
34236116
82898972
32810483
3022469
61170515
61635680
53154334
72955242
89955861
74672206
12603569
47355923
91118867
50971446
14075538
30233946
36140971
15662952
3567377
63582856
91094423
72205812
98355189
95779772
30105424
23980938
53339876
52963306
72330708
26729258
67822456
11346578
19845335
88794539
57515303
93605582
50802823
42632036
90067696
6635181
6005771
21461456
74147816
20305154
43183541
64019383
72197906
92482946
79857814
48761579
41377549
49357669
46659566
28282033
43623045
5108163
49790710
71337498
84587044
78960373
61444302
36648536
41570236
60510934
82647942
68987809
6875828
60306587
67882524
75774268
94710845
56197072
68412771
82681961
40557107
48480863
87611343
16396659
64003515
29901248
90244830
76266472
81583239
77145697
94973839
30051822
25351813
7176360
95692737
54697415
65427083
86218016
572134
95532862
77263799
9285074
27462622
87169915
34670074
91316596
33123244
98307976
93026683
26669861
58950762
14608883
74639985
14309994
60929090
37002241
29687315
3658171
81962868
33248437
82522392
9568596
35926965
93466709
14848822
72586474
66321562
79069790
70766966
469307
18905798
10545632
50498890
25186219
16175224
13548504
87723501
35693453
34811485
65794562
23186104
79266140
57948241
82569347
47898677
44290097
45962782
71106154
38385643
73805835
