985686167 200
247749401
134259327
275598408
803594280
226459940
580187968
268790357
744087209
28124883
252481870
227026638
301614249
189274666
13635091
89160733
979655512
634608681
757881612
450656827
661571399
670516891
715391415
819172728
936552774
631583545
636317550
48635373
312986904
792949175
50696878
774589712
611373053
185788639
376115303
188506356
715096940
130629258
181229690
375411997
314438569
14155249
781994829
353723271
48880637
180687718
173200129
907343001
629967913
506370818
570129338
732447284
101818111
239409885
245184008
740811059
155505814
968327645
966612575
695612277
179789982
385970880
804304567
937593841
446117978
29332116
756791911
962381265
16063192
540425677
208088603
779376363
8181340
720770965
109896414
346696989
508850130
62477816
932801858
853708200
933515990
233567989
347878383
99607228
518920424
751956110
115768937
847641676
710519010
195292517
939219015
77561029
102134860
601642835
305872012
39509730
652021650
745508514
771603597
961133250
174662666
174453709
556988374
710644330
222000517
684639645
175138778
435942694
56074620
583454843
7791779
166683882
645687934
886873594
895671286
879528524
817236105
131836722
798675618
532545288
262009265
270057624
184792027
224692728
26532368
862614481
151758069
813494059
565999587
883562096
180313594
327192091
147105192
5672811
741605498
523163217
252371797
738928138
165732491
480569225
421249316
690880359
57070495
426697866
174253493
540737235
886355276
221506497
133142991
851915358
412359636
136969250
941209184
961912186
239573776
836382279
720258764
708630210
446094866
942689808
927262590
714300325
96382160
682558333
883577047
46273960
257450073
650948218
123861133
806855391
405198595
521699463
399686346
656304643
566669173
84780990
439730172
59200081
329717499
653640607
532927373
777619167
635287037
448002343
344275438
108567538
266688831
331689459
975189062
806380160
120454898
774767014
327436292
436066727
712527311
409146957
315225212
722203138
196130981
562611756
672841193
