93032383 200
74476017
67248247
57314283
28075430
60096585
25654754
69337376
48880059
50393461
4848350
23280289
83865276
90747899
63323716
59857894
82269008
88080606
54582743
17405906
10180764
14102059
17321860
49286672
46394244
17197508
91817037
25297846
61617020
75461774
19670740
47443652
72867514
80246218
45560648
39233171
43133772
18375185
48700258
90749544
51180882
19825006
38458998
81630885
42441279
40622334
52365236
32561350
43072023
14320047
79192581
45812529
60484950
86953932
79747303
88566120
19301867
6597140
17668189
2470633
67135465
68857101
43668934
13898384
74679628
39050428
29162240
8378352
59264907
92110889
16967655
34642278
89629292
79614172
6176818
19653750
26219895
7733052
13426694
77739836
19551348
74325555
50129159
80545771
16094631
91297054
27168736
54081467
56741381
23308272
8721616
52497874
10167513
17557444
60698809
18539519
37644515
72689202
18796357
26928401
91168301
23478738
21991954
29396532
52534146
82000076
54220036
12522874
2429751
88791226
13777124
13243678
66546511
21170256
22959338
83767567
30313015
7212588
27675263
24575745
33700249
2600826
80373595
81602654
67631556
4099277
34438180
73334202
90920375
58325534
74235319
15467999
34081957
86709356
30774785
88107877
42905136
56201033
86683195
73262591
57446844
57286535
43026368
59551085
51488862
53840775
21217131
32204217
11587088
90350964
51069370
28137744
65937258
1014303
13598977
72301087
49454175
81400818
56658688
51755938
59551133
26131516
15421413
76614384
2668395
86180953
14869884
74416967
21056492
50834371
13812791
5399008
58369661
32500031
31259704
82486464
63161341
60351091
18631543
32789
38105671
56670767
78139801
24436379
5675060
56069335
48237273
74557325
4324760
67383420
63980219
11947962
64890883
48716365
2151060
19708080
2971476
53054342
79950782
31777204
27245873
