9707171 200
5992478
5650902
823827
2804835
1172486
8421944
5617112
1100735
1604762
3416231
3467811
7274878
2519615
3549470
2851784
1202283
196030
1256975
3853153
9413895
3223688
1566027
5821942
5337642
5314450
1875756
3492831
2924924
528779
5910124
637435
4457990
1438146
5383343
7369240
5726440
8467520
4416635
3463846
8025758
7143461
8873620
2940971
3323722
6357399
9370068
2435565
3617759
365376
2967842
6480861
788857
9360745
2643439
3018342
4030235
7572383
1506023
1609777
1533561
7099029
8269461
5832473
5559826
6289941
8772886
7134824
289003
1222702
1371098
9036658
4546196
5020200
5093573
7438629
3332567
1759691
3045109
9306562
297321
5632076
3374539
941692
3453425
8485824
7860243
6940358
1942632
3036540
6447902
5188026
3923769
6183366
466880
9656734
9464370
2738809
5182474
4606943
2263571
6807913
4129588
5826355
8563514
8182901
5423321
9497960
8074518
7626376
3520644
1329889
9449493
9525367
7040233
8716271
2452123
649321
7119827
2583724
3673200
2085592
4959271
1407364
2406699
7511709
9174844
8049663
7760986
6579382
5459434
3049699
118072
1295781
4854906
7733291
5486013
7287687
7815923
9651216
1189216
5442017
2776976
2368306
8014176
2103634
9260811
3235375
7468677
4723776
5764233
4981645
2113232
5047512
2512358
9427385
3633091
1648754
2991194
3213061
4378922
3400292
8918485
1766888
2090205
8212301
1867042
3929960
7948506
5536914
7679016
8843941
1378232
6834442
2364696
413338
7431711
1229907
794535
3772311
765868
2877524
1771462
3292517
5381601
8614097
8781729
8796755
5596556
7994720
5070999
3356548
9152109
6937672
5522330
9429201
2251761
6860639
3752271
4921729
7922930
