9007549 200
3071092
6103380
668762
8213837
8312531
5624618
3264796
4975039
4193930
3110780
1328090
7471373
867366
6838654
2220752
1034982
4474000
2676504
8598271
8845299
7038166
3166734
6125983
6024161
4988058
4840558
7531572
3766162
2899216
2746853
3818973
2565676
8396346
8772432
7609084
2951704
4218888
8066496
5750911
7176258
6508255
1905301
8485237
4785193
3636639
6024051
6740682
3332074
6757837
6072101
2242776
7729798
3834487
8123228
5652743
5357484
5082022
2027610
3155008
2356604
1469790
5996290
2913298
1056301
7465983
5171067
3163585
1837491
662629
652832
7755171
4883033
2406725
8890095
5360522
6746899
5597844
1142752
1234671
6393387
2776744
7884095
1888899
7753465
7758762
5610770
1234303
3265177
46741
5838425
5145973
5441861
4425091
221779
7236561
7300941
4582967
6457699
4936600
8307368
8765770
5180796
6045136
1148331
8086355
2393396
4032385
8120405
8174166
2685228
7600211
5381035
3347055
6666741
1440116
3689902
7931805
8717916
4528860
1549382
3951691
6093064
2536455
8256505
1564624
5952363
6174277
7447622
649716
4983592
1236680
4153461
1012363
8512468
8678982
3424442
8049451
2735793
6626028
2777332
7256852
332136
1205398
4122701
1145509
6654570
681235
6047144
4412654
2640958
6884469
8458526
7909422
3909999
7392844
6387639
1632510
4496370
2391031
5171725
6627988
7214886
2520392
2993866
4561433
4733808
6206429
6095372
2577045
1660738
623516
8816451
3547839
7629705
5309692
5546598
8634623
6308847
2125873
213090
655569
5520781
4712930
4999786
2416732
5194686
2415602
7272410
7739822
660825
1571818
6590597
1747386
2021962
4257441
7144727
902212
1035259
807862
4118440
