970726909 200
691849910
638439029
247199190
151456498
85515894
70094189
548722228
585048228
120416888
388748221
345751287
732318
646674194
851685740
840782650
198994
936289598
353618612
155751383
2314701
418017192
184566635
881390743
764589198
900783653
38186539
668714245
528114887
353834088
103019882
451471990
629148625
268613374
947578017
433863588
862778669
422517290
936920112
407124330
571968244
777599960
191540688
584397236
309042461
576674075
681453818
440905702
566420757
939552418
155069465
12378
60849662
513010392
269582396
723085383
305502244
715697679
883806414
34740384
665507913
292915296
369032465
604037179
464896482
880513283
606817393
706425658
300215453
811134371
579818931
937515294
944506355
943579246
144393125
862360555
739796339
62645681
322652807
777031565
698317897
613754604
101584817
538447582
308634839
694030996
539117873
291617829
440692571
741974170
366217585
774464475
5617529
71145116
448391607
646292986
527056877
910757649
634201027
540720199
372949075
161989707
478468921
38152348
237828427
711730455
116939312
114742488
29534247
801250294
937684883
624187440
527024965
731689915
352828075
24750225
253976696
964559166
446077261
270564319
633288107
483754031
623285987
883348897
529947013
525632474
768045593
490313565
697216439
537094806
371919119
803153709
537905023
418196591
196014568
14050935
696382671
420161706
233076137
428601316
763877335
170518663
214367359
67810603
417165162
500176476
65255721
219997210
966805738
76567854
942922787
696960895
452911808
633616083
834788283
383551139
547480586
542701485
754914083
486081607
685185668
365479657
670561690
212478804
561138306
359466112
59230944
572797475
135502644
690740256
283640446
41375544
565822801
447922975
967977879
792252155
884942141
548484217
845836626
152759394
817261433
82877226
526126597
474392990
141491766
931749819
301336990
809151303
210087842
484217840
267220703
565022012
608498299
665188335
35860375
533206534
884434585
575240054
526757955
843585344
43992073
