999177679 200
334881740
265507789
622353164
332299851
719316352
637722949
35209477
482181820
658877222
257802307
752433445
963892156
661292967
200265685
492001854
940782258
546488556
941407957
685337372
9250381
121288130
987235108
863992637
672427695
919387653
420120190
399377025
581031064
449936855
253945891
873059486
456102517
562937596
483549660
248860000
406385030
290058798
477658459
759449088
728808742
233682292
147145900
818313486
114481672
27313257
590324715
9840621
701981760
956971733
454875764
595090130
906864647
808592512
972760439
868423562
672359689
344907765
43991823
748509166
625332128
280115639
994120597
423332392
402324415
436151261
797667485
732665598
888809112
463761499
120432877
733883077
820757785
582355930
998535213
628586939
808105908
29756578
350359698
404827266
832582294
748944515
462537584
189108994
793426777
530434004
105336700
763851830
778002020
164093734
374663743
505645399
280461479
655790773
925377239
381014322
121889822
438857273
846804115
473560862
325134204
517360812
725511641
966024506
607283467
557299919
107439824
975506993
91002387
790551700
986350343
239285785
832229178
814351602
667869901
50724627
135611126
445338366
608206976
7756896
867806429
833207545
538016382
569532145
558952606
836394835
652285039
418719750
237927356
812830335
358234781
320856004
735300969
495275404
357453470
585566159
681434890
326726505
834442170
641274302
88573661
884140595
244282785
729338775
646890051
63941230
523654567
393454225
836337194
488195519
192850200
387051441
372567344
909961591
809166269
524123205
592850710
961205993
399353235
370134882
657542044
821635585
37209765
13920953
744762848
340216977
863913158
555598846
747258145
168853330
225707853
491393634
368356735
863167465
586033316
836467677
864288695
58339546
167450082
541796293
587517583
938674596
563666832
51201016
699275496
589296732
727105363
120711137
180304226
662458911
741174101
562314492
659272663
755783508
632183213
333894549
857918207
811358347
244978517
809806522
740981835
