9096049 200
2745947
319236
7426682
2295928
6555447
6440043
3666862
7888812
122404
5889576
921545
22258
5891452
5661100
8599530
4974402
1501648
573609
993013
6638174
6222928
2531251
6809645
6642312
960392
8804017
1371538
4924342
342433
3923277
6844914
6789669
1187955
4461149
4340238
6206469
1634014
2188735
8368622
171460
8243409
8810581
6421066
6509292
8782613
8683082
6082915
6737439
2102150
7677951
5836343
4809718
246297
4454351
5469992
7380231
390672
7226936
2407202
7537205
4762155
6508416
1779582
7548484
1232345
7519968
5677331
8732115
6211097
5020217
4749011
6239263
3560639
7906406
2553036
6241586
7290761
6524966
5455233
8258948
598436
8291749
8700776
3216882
5503034
6897273
1195489
5004050
3556726
643496
10911
6335444
8950895
1863602
7681884
5394683
7913536
2258942
3456232
4054825
1753794
4017413
7728871
7657159
1294678
4799728
740974
1379688
8470807
2135417
7879321
7346153
8800149
935224
4725845
8909894
6508383
2604305
3381488
8212367
7591808
1187044
5238692
3146488
6892277
8066820
160965
7790106
1207412
4411238
8385579
573483
4739199
545728
5683891
2637641
6316419
8877411
1344219
515223
656347
4079539
5052572
2835266
6714532
2743260
7847308
7040186
7568044
7695160
8170966
1800410
1226441
305381
6551454
4603663
6902257
2170442
2354712
5551113
5140196
1806699
1564694
6979643
8903157
2428618
8844338
994236
7754975
6094198
8840865
321525
1029943
6395163
1649137
1418652
3981923
5306169
1470859
5613226
7587979
8321053
888507
1060343
753927
846620
4625584
1139601
8195337
4404259
3956034
1372033
6014715
4108777
5749052
1709430
1896423
8968388
5639415
347204
