912480113 200
167716900
43198092
729827873
323469147
349951207
208158521
804048095
688002486
87918948
476435006
85041854
218837489
13668193
487224772
191031120
482670399
144974120
470417287
455428596
27624603
360890952
800337769
117680437
426408587
727713469
865023452
694676872
248974870
887492263
740956290
574885104
681916362
411149048
220304455
291365146
397161476
696262206
513327676
52963832
567451747
800323631
660862794
147793053
637281177
286799822
110959998
111985347
815223868
580553990
660261271
666012646
194967619
405123665
568812683
159816525
84182334
235791003
787208339
117293680
297178020
510264297
29104208
134827096
553641462
849595476
321611018
340941224
421625355
33596999
709703660
603093153
421985823
186302703
451783883
197513160
366771243
279857450
266713313
852594136
157949260
692195899
522071622
8493967
175885936
709224829
628419159
186879814
275653650
792734968
498759079
8895922
643239331
381611035
368748516
252938805
8837234
48353504
15183120
114456177
560519384
548494257
778190063
250842890
550842105
97826735
121289077
582094338
268816278
877419373
754175905
390993119
755212001
177735428
907243831
855222043
875673518
435506402
436716797
689818811
655522692
609158997
379085728
393094432
837389268
384014246
171412594
498675489
259152696
911193634
440322691
743249813
205633085
712060252
62046291
465072069
792466241
136014438
426671397
329470903
853195587
42162269
592127862
384829592
687957515
719486121
144115115
795211023
835390904
722059703
821969998
243522966
334243934
198000133
641287331
780700885
824621359
252891366
774079736
807869493
873441302
776013232
666536561
632893308
254501762
154107276
246285658
747215279
899225484
315953774
619383362
20999478
36529278
80265974
839443994
111806274
281396957
197106598
47679047
850452263
220769506
383528955
219822919
677593920
363407285
542770826
886763819
819387174
275131510
596730034
779459695
586385413
246502777
221159886
859714318
138597664
383831324
819437408
525461543
161296449
433176053
