92844821 200
54863878
71243390
41583615
9190738
43527066
90221107
14868615
66958292
15627216
59089331
20013701
77748098
1288804
78292526
4502365
10582442
57264958
69634503
55361078
39775138
63472397
75781259
90793723
27576055
84638375
36808294
35734420
49148493
49596544
65734282
35778236
80926630
56937945
322515
31677074
74970032
4571166
57575596
39972085
12187346
23969882
91464142
10387658
71815759
69264847
81992707
47579747
38092060
22997410
61857957
6496758
30472237
45297329
92041223
50251856
82369703
71443880
75482738
14909845
28642832
63932698
46780380
43726061
41549171
33206996
54755181
51428058
40715365
54112710
16665923
67386942
44275163
3217528
31114573
49527857
43674372
3105318
25002660
30301769
34014404
13508184
41667156
71100395
24928456
52353591
6527327
32938196
36455324
14282899
73046899
40608494
5510262
14784019
2136683
91695738
46771816
75575472
4367175
54821338
75194922
32419332
84722015
7525341
24199928
41288716
83122462
87926080
23034237
14765032
78977603
32663755
77359698
58754814
78770636
78025155
55049906
32830743
54266439
6439742
35230958
83159599
82587739
38957686
23330139
68893162
45253359
62008122
31369500
5303824
71670482
43096447
39377660
73271464
77188317
53209678
53510391
75521121
25043655
83480801
92438736
28859284
19699129
80771167
575995
71536762
33854895
27549740
16831352
12885141
26631262
56279310
67952972
57118095
3287985
34025877
9333345
33421918
77350990
64977557
71612838
17297731
51670449
11889163
78824900
27594548
13055241
82551049
16913762
87091890
22942627
9596219
57821646
84966912
60680355
69782655
76222496
88674933
32699700
53290284
58458124
84893234
28032651
5480629
74221002
2390934
44729381
57921795
78427229
21739198
12220107
30668161
26283393
55276858
58668054
30072373
35415278
9306014
11775322
82593923
38236557
