916017161 200
408114732
369272950
50602096
36684352
338144197
864501986
517330507
464984678
614807319
177664662
105031513
583608512
427248259
858267021
350130826
381592220
200546999
241695016
691165184
411004817
317025870
195079899
439267249
139523343
571853251
352714822
817173949
215616833
185496198
652445917
421164372
253068196
713929640
479473636
533837789
369574999
896082896
696090987
338489238
447217230
730098934
416889552
676634800
604834700
133110306
728089371
896852352
39861213
625273002
306155905
391786369
121771429
574778049
808587788
110186440
645265418
561081328
697172423
181652106
438872357
595681465
770876505
184770357
476227771
615489601
820723349
176610191
590884710
816344225
880006363
298490959
202388130
316047159
630229373
256889919
13487916
745593847
678687774
409251636
732006971
17392903
112409494
434684474
875946675
329362569
553296738
143862194
488748336
146521197
262535461
115765442
783403575
483294770
615110516
328298444
219641639
535231353
745393357
436958776
128768923
782144058
162377352
172395440
321807917
123627211
619888487
572511645
472341549
581540625
824101038
98432298
49763874
175567266
369660169
73235830
615367130
202539800
186486624
595240204
283778094
112762233
783818616
416359571
769814845
209948210
45577034
721689093
284121335
747356037
472835264
119091989
826318455
245203732
668634852
562984329
57063456
588497779
623161314
413910113
845150732
758074144
399769114
151366447
835075751
112833304
21930182
601247716
778315066
53447031
432573609
790449505
202364026
711157387
153910879
81636454
73575806
380818226
704953860
293539109
361196874
745902726
181568698
314621085
768121010
530931038
480474089
211033029
259650684
678755740
656237620
149494729
826132672
620251594
303115587
539902340
645289740
632404928
795200063
313726529
846191488
483171491
890993876
482161843
524955782
506659175
364010429
668646220
497740304
754365013
680676504
568410873
238098206
764810630
212525260
839821366
532223698
338452384
43955846
669541451
397117900
