9415451 200
8479624
9279486
612594
4240156
7025203
3318479
712482
864811
2316836
3770744
7579215
6453076
1135262
451393
3927890
4347405
6189615
7447683
4141998
1967363
1782722
2893661
2587188
5492889
9287883
6298668
1623754
9150917
5857547
6208908
6214623
2340316
6176572
6423554
2755203
5791367
1444111
8093780
5476911
8652407
9037372
8518428
1809332
7926538
3979107
1995739
6511986
1522690
6919170
4361665
9128662
867189
5472553
3911812
7749050
4711194
3825644
6179655
7784073
2998620
2767049
3136749
4526920
6583278
485682
293716
3593676
8128734
8267828
1158237
3333950
3644520
2514161
303745
1289756
1551746
5387274
1156227
5664758
9160380
5194213
7762921
5030835
8834434
1859385
6451842
1381270
8664688
2460863
3150929
5566035
4364556
1182113
5726304
3346576
6961000
1804114
6982952
758573
8960074
8622767
2973997
3511432
3073884
1037445
463527
1677541
4417675
7033708
4236681
3529638
8654357
5957396
4946784
5761244
6729381
1297999
7906758
5674446
3475953
52879
9073604
9239506
4623444
3431890
9134629
7999717
533542
540260
6097372
2074325
1390561
7081599
2014182
7446654
6347066
5570640
4170110
350805
5054511
7517808
3998708
1379573
2412988
8078583
7224630
3708597
2791907
23519
5567588
7165321
2611088
2293000
516225
2257998
3619996
3366292
8338314
7838741
6926020
4242947
7468650
2188835
5988595
1541759
496531
6543750
5242839
1129811
8268689
538516
2951662
4536083
2411798
9301841
3970382
5430403
4818100
7268143
4629729
3563559
987793
6382206
4530958
539507
5729490
4012512
5057534
5234797
5843831
463218
8703757
6460922
6666150
5018064
8748957
9334262
8925104
6825781
6944748
