973270297 200
695770632
296779720
342373963
182296744
797557570
464771912
78985027
938972375
437973326
699413253
906482777
895315473
29035399
536729645
331983564
924910886
661237298
308241392
951563760
576682577
536451412
233166321
795557463
225377138
359114762
685754710
194147295
715384069
710928875
136082172
745388019
53809048
580590624
513497249
496657061
173691030
585844531
501270503
268730414
903462859
89725016
645324121
493512095
84370906
402728998
440614072
547976936
690084322
470315317
40232519
707217671
358310453
885044293
315999241
691313073
925281841
500353122
902611229
922325366
851712372
479782385
39684006
504255580
29321485
7431701
208796223
801733871
188508036
648738226
824417968
198883047
1539045
678508561
521423229
426258804
760440278
49344705
749932983
14588014
124198704
476427925
653594034
856242263
57355087
160492900
947720173
819947298
765370545
95676199
292358349
578265382
895910062
51054550
718131564
16432723
310553518
914042112
583199929
405465802
600232265
707415783
35604804
853602902
107400818
765023260
220731369
692499468
629316797
328812724
175701736
351800645
775653226
427125748
46630065
592858878
804264530
314410801
37998819
769211494
389203614
895875951
821387655
907447205
90195077
231860060
91199305
834036241
558510828
114001276
2404849
831392684
744135158
755902561
788110015
714761201
117825478
48526734
567246324
310237229
680974978
522450115
623782318
12392252
306576109
714193776
970086271
693259518
416422050
625378752
907184810
380807098
653246959
866384905
578389714
651583042
948582205
348064499
318443135
757608844
922036152
678514698
428628501
588928926
327733796
231053072
618089950
153903023
715701508
274693701
5062956
541634226
850864394
316816407
678137019
307638021
153183190
531159968
841023563
84696903
398530312
53728233
309349731
20946966
663538233
539581484
226894651
759517118
745047096
687658460
947528253
914590944
406244624
478135353
761174057
442122959
69459542
851640886
715401211
385914864
786980237
