9573901 200
406043
2780685
9552093
1877088
4288319
4751896
8066472
1847575
8429902
9247883
9189859
1698810
1342766
2425637
1878797
2169098
3087969
7481735
8771750
8201809
6741392
246162
3651843
2330637
9188477
5765839
555648
4488134
541594
2515761
8119135
222226
5481253
9005598
4845802
2920076
7616168
5304582
2352560
5169308
518414
8067899
5155897
5362181
2821748
8425050
3379032
5924359
469280
7256256
7137314
632120
2321475
1342408
2196528
8117812
1794788
8959186
8561378
9383375
2851131
6312240
8300249
8071174
2764214
5795077
5253799
3680120
7436888
3583522
464357
1902467
7258878
1753110
2038249
5965564
3912700
7752787
2680807
4796966
4168587
7889781
2139846
715209
2159687
8177740
3276235
2229802
277117
5118654
5599650
2137034
169875
947725
2011500
5248691
7490673
1722365
6665243
7293221
4568280
5106212
1129050
8461268
1789040
1045259
2747705
660609
7940972
7173315
1880081
8544015
9297849
9473487
8540000
837041
3988477
2430701
8381253
7103434
1679705
4265536
991881
6146298
2300203
1916142
7021902
3126844
5440492
8671800
5324875
292205
1962027
7939131
5876287
943889
1190530
1216081
2568112
9030724
1004383
4488798
919720
3729782
1743269
8314886
1311284
1045156
2242288
8673997
4445685
5605798
8546435
8135934
6622216
3014689
7582282
5697169
3734290
1609154
6943986
6741680
2849151
5211243
5889463
9463290
2807916
5826437
8276532
6935849
135709
6419363
9144974
3869518
5699737
4938572
9181395
1184131
3294489
6216117
3539631
129084
4921433
3795976
8036910
6469066
1547176
4098640
746274
9356098
97792
3420314
5946678
514115
5793561
3228101
3256361
5634773
2171839
1173523
