97747957 200
39225125
41879725
55321587
64044946
28175223
35696037
78574270
84657733
64429193
39433729
39655204
53076647
69339526
22291347
80320966
93746826
31071717
73799246
20406983
96646839
24698503
26136280
39259371
59381955
66081601
24895645
63465462
62354150
96858943
10733148
50216336
58254326
59810876
21763377
88531712
86081142
73975697
85899505
80364604
53843027
43592681
1790610
40812767
71705088
87575996
30922309
23598843
57116489
31066807
63623051
31140141
68322205
50410894
22832714
37582589
80677905
71660856
16786222
13265431
57098624
57887992
57741768
47582226
92263672
96961217
21437126
88202197
5560475
10075420
86241457
77424766
73730426
56776531
41246262
34531047
52813461
82691445
76009568
94647966
14166210
3379742
21867024
76372430
32800795
20944559
93211660
42948403
52141732
8344413
79816651
9634523
36047659
48343939
32756193
67244214
13624023
3281098
77662113
28206356
16350883
35710771
96465632
34475467
51815120
55183563
8235708
71366659
24619805
13410611
78683141
49170422
54837350
56380199
11818091
17765543
85493885
52339413
53464850
80434906
95321040
53249380
42970263
20158701
39538455
93589315
52959811
32176873
59757293
32909809
21612807
54688348
32111642
71347129
30369315
83105039
71929685
61635975
28908727
13717944
50097057
15585068
66550043
62187836
79779187
39022227
45604922
89312647
34387270
37299259
55589053
2983841
51127859
40217743
41867290
62628253
6935667
91846878
16507522
55322330
65104260
5889585
40635342
31517750
94912325
32552095
4108636
32640294
9744574
46713275
43841816
16715070
50803556
44626636
88313212
191253
83071743
21228677
93933767
47742733
90752557
73529569
50077157
53164089
11538198
19728705
7155144
61373175
48112660
84153106
6573788
42586684
70677368
14309645
76118855
37025029
72029761
88333506
33012043
2346009
22907897
