993265391 200
812350480
255029418
747309042
865639996
433754263
274349641
911096238
434829978
887822144
503884388
798838373
832280975
837070731
327508032
606605051
356143542
409861169
813107203
444903032
617482382
554314697
62684867
991225585
476863322
7821403
84880805
494948370
640337284
554796410
584910635
644574173
534006957
169030670
942597975
279250800
720165755
10586050
706229535
249294680
368444729
989485052
132465668
774933018
165438387
743859340
315342787
907463015
588831654
436173543
592120917
885358572
762378979
758342715
299000869
438995734
806718690
650377190
278797857
276321712
562123906
812527811
873197792
829204866
548892412
224350094
894752281
266457720
847866225
400651284
775561545
234597625
131351256
829341488
957031114
215638072
386324302
360530006
137612551
537901750
775817575
629833139
570124071
204523309
429384595
779339518
427260295
804355673
558775160
253274394
722766991
414920839
692676
839126507
224767469
848893316
886079527
679582087
992758787
834073003
439323223
456754282
459870279
44916562
548235606
728956691
741675375
109732991
57802969
32550807
860533962
500514352
338582419
559530915
224749654
944394705
232022588
203481249
703663851
350692034
936556406
937297784
273890618
577493143
155351840
880019503
683448652
662397086
776277612
647719842
235052284
968788792
199389751
640997135
496427977
104771009
430275153
610725892
395768474
388221071
928610428
491912709
900715334
212394518
229366319
61436472
339599055
465548162
135737808
750905630
964402466
741285279
272397803
721186286
763984509
478870088
951242787
624776955
232899718
110622189
879409520
493750308
326877931
69745894
551342741
421479882
64176531
78311827
483500152
444852791
433069358
725391781
274091972
221216051
662171567
575542881
882937400
213648717
533207238
653072651
39387196
33485322
820416543
579803140
306911462
5599616
477953691
822060731
695779372
773206436
958217378
2582987
944789684
406467424
937743883
890037976
905707006
158154863
374625703
951769505
862150836
