9259499 200
3372315
8881434
6485926
5400598
5036921
7656114
3148900
3711226
4291821
6952452
6971578
3606852
4210386
1353137
4696096
8006677
9118523
340183
9241023
8964190
7858076
7671620
2116393
4476303
5941218
1644248
6497512
7420222
5642985
696790
5754053
6171931
6756197
2157816
2657000
3110920
5830748
4135019
3689200
8181323
2561257
4937075
8664568
5038628
3689255
3733595
2321273
3634242
4784867
6317278
5208398
7765215
7145520
4852185
1854874
4248780
4878014
8964308
686518
4940241
7458351
978666
4023858
7263691
137609
3478320
8144680
1682695
8502255
5725776
6277360
6871060
6559646
5314747
7667325
2349567
789642
6499386
6785473
4208478
8157894
5564967
4569498
7351241
1576729
935454
32423
7416151
7698139
7287345
2449713
4223664
2607277
2845748
4757733
603134
9133020
2744517
1374422
2428072
7244700
7368795
2882845
4231318
999304
1515304
7970303
8475134
3084440
6249227
1611428
1289423
4768639
5734617
552161
6658880
772609
2865660
5088655
6935428
3397856
4929548
306648
3386635
6069509
6441463
6170633
8772558
5953431
6512301
5521027
7882843
3137741
2692808
7667662
4406379
2846811
5757870
1222120
1452075
7925231
8049453
4992895
8559664
2782196
3926653
7030884
6198914
7595888
40548
5187166
6195297
6948947
4894504
3432667
5841590
3351384
6864237
5084248
2799785
4206484
5968774
3823992
5188779
1393801
3504518
8034292
8273521
2980239
1976384
7025144
331254
144115
7531023
3454991
943195
2288790
1542795
6286567
4588937
1724660
8843512
4803823
6936889
6961715
5897882
6444414
8907103
1672416
4104160
1989326
5494899
3568727
2261454
3996842
3495917
4694382
3223941
1716306
2560305
