9288793 200
1888738
4904837
3233789
4120578
1999327
7385965
1674124
1194814
1114248
6009583
2426150
6167200
8064942
1643194
726350
3823815
3429104
1897098
5592093
8811275
5104480
3213548
3815530
2042211
7276357
6568773
5152747
4701554
4306170
6401131
690694
484558
7708258
726874
5095736
91648
986334
2848795
5903621
8541439
7574136
8207052
3241205
1136256
4128940
2052859
2814331
8898769
4183016
6433234
391022
3282624
3086446
4132334
6000092
3860339
5614104
3477072
3079714
3573992
9077458
7485714
8544201
8775603
651478
7178513
5063301
1354479
4930564
2018591
818383
3881859
3284749
6610734
3686486
7977899
3223529
7001002
7037132
3628574
8401519
6143879
8566504
3312487
3710738
7650895
7187713
4319049
2333565
3022009
7818620
6228750
8251482
2557310
2072789
7211556
5696284
5643063
7402874
8396315
4685443
3371188
4672233
3205682
6411766
8258661
8779301
2371483
3838274
3186932
660969
8482109
6283957
7935293
6111597
2744739
7487505
67148
7099475
6949412
1876370
1949279
4843295
3409479
7329693
1536314
5302342
1756933
122139
3312634
2530070
6357154
1419519
1262147
8692534
3612438
6508323
3159309
2185929
7435998
6726880
4887288
8151947
6421092
2251580
299830
4830640
3408373
3067172
3031796
7705271
4505755
977029
8413923
8146104
8757922
1963719
4637100
5227659
170633
7335100
3692237
1556673
8100975
3526715
5635667
2507953
9117721
8801903
5520073
3440462
3982617
2155395
5638911
3998464
7258870
215895
6008292
7199685
150912
6880930
7959912
8899811
1336338
2123373
7168298
7436696
712963
498182
5956247
3834033
7570436
8194320
8447872
6459851
5540736
4527973
6180032
7491140
8720344
