9638191 200
1115154
6042340
2762054
2896529
4398152
4852226
1855297
3679431
1459288
7042747
925311
7574611
2176740
4603935
3869711
3099524
2803431
8332873
265435
699022
1505842
6976832
2441324
6025956
3117735
8155020
1169424
6797267
1541371
8756271
8664881
9051998
6381187
5831568
2895703
9596943
3772697
2783449
7032558
3111198
4920701
8165513
1364532
1689931
5385008
5404039
1254914
9630600
2393738
7917529
1513907
2809280
3977107
3483737
4192950
319938
7438232
6022258
4657924
3402716
2253207
665834
6247137
2954450
3556656
1729909
7558389
907588
5076557
8887363
6680984
5800784
2449177
1482801
6367485
863157
5324346
7073326
7196279
6569856
1507736
4059170
2486394
5638536
4983350
2861988
2614711
13383
2420743
8260288
8636722
4774639
8685312
9167156
5518069
2889004
6165723
9550836
7570222
5002430
1781264
6982588
5814722
5951332
7769655
672242
4074379
1659760
8992114
2632129
9095513
4449495
6100765
9552507
3987061
1350281
7451339
789360
9139702
357563
9496024
9362160
537638
6493566
1261707
2568738
1900887
8194384
7799911
2933489
7088618
7038236
3725973
2005153
5233695
2029517
4274294
426191
3067807
2734908
4623745
2401758
2686105
1169503
6089303
344762
1610943
3524225
8791741
2744036
8694464
6141460
9400306
7853855
6224093
3267520
6303944
5834045
3660770
6424169
7891787
2594050
2490422
7300933
6177915
3346054
5244829
6250813
13054
3625809
8479911
6011156
5857814
518460
2246813
5669599
7407500
5493208
661971
4958153
6672988
8268231
8498916
1822519
8759224
6803122
1484864
7214013
9452743
8432388
8071675
7550120
4785163
5646490
6172992
5285186
2907256
3656123
2460746
7368630
