921548029 200
349992070
684665752
684588431
597938645
610927535
469845094
96760398
836381827
149468386
81115552
235638575
106284491
416091885
12095238
525933980
511552098
785241126
638116024
474814961
870808665
918941075
532422623
456213479
804511266
585198193
245532345
791608785
896429485
100887692
82547446
83721291
616748560
471565468
220776831
630088557
869329221
104081488
852265580
136180845
724379120
122383550
106192040
841338580
683707568
759603830
542665458
374982651
416545228
856030524
364817568
533013798
496035277
507354788
99775986
54389174
392382237
239774818
632961195
294583481
548528939
857989459
552930696
510562661
271151989
658832438
365173720
699908413
343124121
582353533
101512754
665114452
784312181
853969873
371675639
13356368
298818108
296827866
14134666
399464323
566812686
811968802
713331426
434932726
68443149
490991899
412449930
172976094
604394666
104642841
635039337
520400671
399425784
866086377
836256024
131554519
545167582
825251251
827517484
442829314
99291673
586498576
566443369
288586601
967410
422885782
593573619
214091111
115535066
719411124
6831750
837041209
127749864
247031375
510279783
798935190
364378939
523322435
30073699
409456015
178932901
703067643
616397877
106569516
89427227
367810433
162418380
281513784
885459066
378572019
442199176
357765102
703984125
480941515
588712610
181872833
59481690
333242453
278001015
174976718
328428168
391734871
810689399
668185939
99596494
122965218
615938728
656772235
280900850
162778020
394167128
404810121
584684616
365818726
139659089
828406472
811767081
316300163
67966430
669531139
102626821
278419920
818274413
886960675
686861002
815276140
7478958
710436146
345955718
522505892
47398957
281073542
87589257
748677734
683871680
433892850
838497882
611744948
575738074
227929610
328599509
752821772
250042688
458560725
807107261
38400686
397833387
319937149
544776492
204926160
677652726
726181545
726200232
14176236
576125470
908880466
415272607
369141430
619076795
636415432
755696787
