91300751 200
18957457
84309104
79612973
53322871
71559748
14036516
67264752
55200092
83474687
17991937
48892018
82689105
39536652
58229764
14596671
41057036
63198226
52686620
20723766
2567736
6065243
74840947
82924370
13658472
43809946
14445492
36356586
2103207
7900605
38122705
77700548
40126353
61279666
70896421
48707475
65569397
38374079
72857918
84326152
4890133
7351798
71315471
87694546
60709268
13586733
8636376
69658172
66700752
65367109
30421548
90483410
24811554
29717336
77203969
64210811
53424309
14559482
43550077
84560791
71999417
76632446
15883665
60264237
72990893
52090912
68022431
90941372
3051661
52347411
28072325
40374171
17556982
6822943
54603512
39296244
90441622
69713615
10850266
87548895
85103812
46660539
22852031
85688250
56885526
12319932
2151111
65459156
86198610
74087064
8262981
72519982
62528620
4439008
79536746
68034867
66833433
85182248
13576726
65823963
66037825
33784347
16621494
52364356
42403816
19761731
36879335
87638403
48616482
54107859
89150141
51848474
45621992
64845863
60621601
83672004
71239705
53025770
63842499
76480090
30898146
85931062
21183464
48697191
81894524
58585155
31014520
39151068
31553625
47866001
51570961
57654604
79443666
44640654
30814423
52302783
74017015
13601558
55791405
48532920
72032269
14947024
28721280
60138176
46367645
68119562
48236504
22228162
87463905
28773545
65232007
44330529
10074481
661848
60465666
74732295
52161584
8416745
14771333
76922100
4703698
21515865
23402301
14564637
73676148
43126647
46637114
36469965
58136767
4135458
85495182
55124699
10217184
65568595
28465807
41985539
58787089
28513640
51367096
27598266
76158249
42938051
71214796
62480344
81630452
4075365
49656750
79530366
33434927
21671069
11772266
19354475
7395188
81421137
15143743
89527321
46565759
27062123
35547554
42149238
75058583
