94999327 200
4021626
38659776
74689151
75717571
88257955
46036223
67593063
49035293
7571289
70182434
20781143
51541451
74460846
25535467
80604742
3006587
16642064
78522028
27313127
2038135
66129355
41415654
5145404
34537707
13970434
30194616
38282424
71959244
15465901
79864028
5091629
76904234
71892201
39176444
2572999
12691140
34174502
70972688
16815564
74071695
65861555
94969536
46403452
73287792
12160485
63415262
7437830
11386423
65301076
84287514
9538454
51383657
20926854
77915395
84838614
19588440
94004479
37205202
58420266
78808834
21927023
71473971
28239419
57354188
94371117
32667073
87806140
93173130
11986565
9072677
25338375
44952103
47608389
34292067
82656283
72543471
77817621
69795155
20284973
7473041
16038112
86490218
59886141
69445904
12934481
86163388
65133931
72763602
3225388
63548702
30169306
78927597
27200788
74808133
84781940
18243954
44982874
18683263
33484316
47523109
33997471
36670784
58833867
48460831
69966156
26042961
33279886
55899313
90417996
51629880
34829440
70351022
80637773
48128887
81584522
38706207
48846898
2265141
63776554
94391634
13000588
83506121
40702594
60598126
90079738
15561974
5762451
35886538
61640491
32286015
90285223
58327258
23018552
25282128
68101864
91420997
51787121
216700
91664895
77686499
58245805
13726285
57888997
4315249
3122396
87075248
62214737
50722308
25774997
34765766
37659965
74997773
50809702
30534020
91676225
8934061
9231090
48246689
36612963
3361005
46016917
54618458
7786904
92946076
57321839
33126721
55771390
19719253
84485476
7550800
4406180
45592036
90321704
40762295
67913923
90430329
86609556
28793190
58006531
23522495
71804075
31553145
87505071
19128248
19041609
83032178
40823600
73540760
60280949
57149360
69891322
22249113
16270669
88541548
279422
83473298
72079888
34513831
90790640
69013294
