9322739 200
7940038
8029873
6401182
1809640
844651
4880036
675921
3217245
365338
1601456
6268930
567272
7872214
8535903
6383523
1566321
7499681
7295992
2693536
6246404
3805791
8756013
2978494
6305913
262104
174662
180481
2793870
9042641
1473445
251096
2237514
429388
4588075
6104550
1820494
4493768
6110380
5436705
7450960
1745235
6323572
146744
6644259
3343872
6122352
5597215
6294390
1081086
6758397
6162021
8689983
6729964
4111913
8118687
7943914
419279
6993622
8787823
902048
2661675
4843827
2493967
2791558
4105807
6480839
5111467
1536347
8396752
6957694
6711030
500949
8065622
4853904
950421
8139542
5511210
8151869
1386083
3829107
6555148
4509356
2564698
5396604
2721422
7634175
497663
2216858
6457848
3403725
2316273
3640586
2360932
2897339
3965996
4446014
3794962
2251957
8096600
3996145
8150188
1134233
2405197
6991915
5994640
6934169
8117056
1426584
7575694
7855183
4632135
3518312
7426561
7731342
1591292
5873049
7382921
8709641
7235339
2611648
6947236
756739
7104594
7103501
8225050
5066366
9174189
8539952
6480995
9010193
571662
3572614
610360
7901374
5220635
1146709
2467921
4029007
7317406
5082040
1752110
2913022
1617817
7405699
9312737
6408448
6279146
5812547
808727
8686453
5596091
7782516
6014573
5954089
4248176
4372990
3211085
5003077
6119080
3322231
1294470
6677587
6148597
1433395
7870129
4873015
3892311
2856028
269752
5939778
8253859
2055815
3029697
7028252
1532120
1766533
8647346
1006022
1969854
7781580
4563249
2413012
7935820
6759222
5374335
4109720
6935570
29147
496039
6507088
5868038
1237333
4803145
3548835
2430367
2135058
7026465
6871196
9184576
1737985
