92637487 200
26063178
67723126
26292338
81718265
13768187
36299100
59868028
79232837
42218211
87636070
14738473
92357590
41525002
90130591
55196674
50795710
16575561
52858381
13780008
70756901
63735327
36670459
86910606
43735427
17039485
47442856
1484457
40250114
11128180
29218920
72298760
32874143
86277623
12712750
81899090
43263072
17758829
2351325
39592246
75128936
45306355
29391166
87831728
42582002
8124043
24294630
4011211
10797856
39157835
14698742
38930001
4124755
81855006
68775357
10833855
15204728
55783943
27485692
29331537
15683620
42944436
65076711
58179432
7252418
17370941
18901941
18285390
30603691
43526811
48406617
78431551
15375636
28809358
81168601
16518104
17319631
48368113
60948964
54370334
28833421
4373643
66269537
64945539
85219762
40133909
50528732
23665527
47093799
32674997
45741457
11806827
7570376
213167
70525884
59213483
83839488
42268757
9427971
44620707
22469307
34227575
22449067
78191825
84821127
60585392
50710333
7855707
83509211
54086409
73306666
2797158
70892977
61677556
72923356
7068426
87759405
91039003
69454849
57213550
31873665
62406913
13169386
15322919
19709351
71896573
33306678
60059158
10979021
64491512
3624660
2570707
53670958
91784025
1823992
77574459
62078871
89489122
60516939
85113175
7461873
10642703
47758986
16813378
24063015
51561912
67729450
63059515
34689461
62911986
1310115
88346219
50517533
75679382
20156387
51343547
62021310
43174924
25727850
22387778
42284800
14290723
90021545
72492292
32091375
29868767
77519451
57870437
72620633
69963223
2056995
29463349
12533159
7286939
32243552
85945888
144863
58087399
81978499
4288882
81343081
78667133
11966904
61170896
54903036
49393399
87047246
13288049
18524271
50131080
62952432
39417466
1176880
82219596
82086815
60062991
62840479
47674939
26552309
47450029
89582926
