99754999 200
56995723
25960024
57306853
71441275
64317432
44626154
60900942
61145825
17849332
32899841
89911954
97322322
20512330
87300885
69938570
73320560
16129423
6910913
83776778
85570389
55149169
66505494
93951335
20496986
60617586
57759378
71872131
7126978
40597617
57570713
75354959
55308430
7303498
92558146
83353032
51083711
89900295
94876016
42643911
77577796
51530458
74167412
21421630
19830406
3464764
96329502
53992810
65309665
76466795
84639766
48868716
87930020
53302321
69535565
65672835
24735143
2182610
82240188
75294771
59731061
41617469
98306825
88236907
29009755
56792447
67725784
33710691
28727939
16624904
113481
71351850
59129668
69033932
3635376
19892429
17464353
96689230
54437500
87232942
65923825
99466171
55231006
69181867
90467097
47669679
31335504
56690864
17235194
52425649
9057743
42635801
20941263
70435428
93756609
91106739
3310462
56881880
71552044
28612955
58577682
32486855
68510196
34583987
72744421
30487018
98543416
27865751
16294877
43327893
13366273
53596113
36449986
14501704
41181911
93942969
80310726
11768225
10428175
16553450
86525581
2000932
66881977
14397560
29358054
67551272
32817500
55717947
3041716
37920304
69378520
77313360
44497978
19942446
96370528
11377551
825998
46632460
33369681
39577425
22210035
83536117
50780949
74650867
47405127
52865031
34911141
7706046
46743650
30668567
87679557
29402950
13756128
9688470
66298201
76924360
8274513
54491513
35109985
50181390
18050805
29289098
32045433
49268695
68595466
78068337
74962972
16894921
54504901
50258548
52612523
80798414
28104835
77176503
32879323
82428663
55211475
77518295
22123026
89103720
47116490
52602333
47499610
15002173
56360695
27545010
60046603
89230244
51283480
83560020
36055997
53873914
78282825
90883613
87841568
16328534
42700913
32210492
58811030
40356773
43389251
