947807689 200
150744785
65284923
358985404
349870010
187521287
685286832
342899036
894575772
300447842
643491272
734626105
622841565
529663154
803255124
254466605
24163687
710187112
359838690
506755920
285737320
337742379
228532062
209939288
495187904
152886943
765574088
692259129
318664796
794979352
869953886
140232349
783956221
839379187
144904278
515477088
835136454
276520005
200116189
347231788
106167246
207043662
797699365
92892612
123620303
660750553
237855305
877916442
470093956
361033225
487354302
813731549
913625812
760863105
790267169
275858816
861613469
392193635
114354156
553155768
316202289
546275545
225971148
554863097
70485454
687761009
395755956
479673796
743746648
789120852
432210749
699668936
283837862
28863101
8160929
75754123
26987058
33387733
741322106
850734551
105337986
546788570
666622062
913902400
158612138
818971421
311412027
591765027
270673256
760605663
386290488
699596708
595535955
789205519
53153308
947778315
214423280
389417522
239669263
624498354
412067938
494329661
54483971
253342758
793957650
233778177
842014696
888355537
726683843
67398237
29849417
404931668
766982853
925817078
127858182
811254517
154037366
804882444
282164243
745398166
97166971
64660887
349676793
433585747
27727602
251901003
264686759
74106773
823700033
279415936
357222185
146210063
306710112
285128868
542756720
802826459
877408050
703935538
697769288
246019819
812715884
167002882
322335163
693335048
95836877
20884323
225615517
433452076
72928871
850322846
205283044
492263273
520922978
678401415
412573786
901858419
729519866
457973520
328190073
186728579
566244415
780438759
674396790
60511318
779767559
818862270
308824202
308590747
267263395
200692079
523289078
657620226
728068800
880837252
900469613
540690571
472734461
39753000
450746813
189931052
877692953
211006754
536867500
576787841
640477365
213464228
826829871
15103651
233440680
946618124
715161733
728688900
887247032
388275080
445408719
593519328
710475596
113335680
439355880
266467898
672831176
