907 200
782
757
722
268
605
465
158
463
280
266
474
401
62
772
724
681
700
521
59
20
553
665
787
358
594
553
750
309
669
590
824
227
490
83
605
728
863
398
681
586
271
258
870
853
424
106
210
691
107
494
10
192
617
444
387
29
166
775
289
67
638
499
445
774
255
873
286
253
233
547
439
628
458
864
464
66
283
562
36
689
683
54
491
264
659
391
300
756
5
353
544
212
771
502
408
371
735
804
476
166
230
139
291
413
839
295
675
801
13
877
528
285
813
657
143
483
865
260
818
863
816
610
897
376
813
483
786
374
684
327
500
869
268
352
882
770
541
399
370
157
645
451
889
843
335
277
423
756
47
281
770
548
431
762
808
480
315
145
374
702
893
134
53
800
548
100
154
480
540
835
36
401
203
43
248
458
848
733
50
508
629
184
125
667
795
504
674
200
375
92
112
284
45
636
890
867
221
813
432
499
