9816203 200
6064480
7934043
3759844
8056912
4996509
9437194
25334
5011022
9512878
2468267
2134850
1941106
5344505
8807350
9784435
6220893
961488
1378438
8300333
3599131
6286416
973173
3501922
5801481
6733818
1302157
9439300
4660828
3337862
752962
6786620
8551117
8093210
6035961
4849201
8779118
391638
6352814
866040
6856813
7149970
396330
8396959
7460963
3640624
6805342
7434437
5727645
5244016
9054299
225750
823096
92870
2776089
9125082
6724626
7383519
8419586
7404067
9095797
8824204
3627123
8729026
7531264
990519
4495823
962790
867479
8851044
7086390
2535469
7706237
517450
8171777
5689752
5351133
5609733
3457504
949902
7177332
9019620
9331112
2141955
1949636
703923
7703971
5179974
3771688
2181796
667383
5020233
4001559
7834838
2760769
6109119
4221550
2475725
2507740
5906845
2964837
9080269
4629277
6820614
6917406
817265
4102608
3730202
1395836
6593353
6212405
8879270
7524228
3094918
7234697
9597171
5131095
27436
6058274
5022602
6741383
552959
4532909
628923
2412686
5838630
9693336
225050
9600562
2790594
4813227
764580
7154295
3820317
1259914
2524989
1770063
7404004
687636
5893237
9013186
1504888
9658769
2044087
8390254
4883057
1612148
3071187
8346453
9240121
504507
3882712
174323
6388215
356063
1053312
4201562
5263456
8120163
3275062
5691712
8232750
6771405
3907078
1549865
4415096
7380295
9790751
4864368
7523721
3377077
9418282
7821919
8910243
2979554
277908
5290396
2270518
922281
7458349
8034489
7804413
6503359
2639335
6839906
9449439
475804
6572018
2006833
7764476
5285450
5340437
4010163
6399112
2975877
477404
3406260
4678378
5289611
1094865
3123711
