9263509 200
8925190
3734415
7708543
4014505
1367324
6173601
4262268
186475
6531796
8763018
896635
1272352
3794083
873462
8227029
1575745
939897
4846926
4127017
6933193
8382912
7175304
2574836
4113434
601413
5825750
633609
50275
9829
3275028
7951017
1797354
1938340
1908517
1087334
3411033
5847688
4625706
7354978
7752725
2677138
3659659
660810
2526983
7071247
8383625
3649201
8132550
7537140
6566850
2148528
3379377
256920
1790679
4098181
3334383
7160364
7097100
8291560
6651483
2508442
3458798
978564
8994341
6704145
6337314
9198275
133298
5080457
5828520
6184861
4135371
9143166
2759719
3084205
6037470
1100170
4200953
4523085
8334921
5761145
2081280
412808
4333925
4679321
8022867
5463438
7474268
6485348
2220156
1126801
8989636
1168530
4477311
783209
4919542
926634
5906011
3338394
729167
5750098
680310
5672068
7216060
6307271
8357206
7371857
7437489
2362347
8619535
8815593
3579191
8227204
2540538
5320
7696744
13004
7813998
967007
3012102
1787043
6910532
1408882
2460491
7216125
2236871
3567529
3858503
7941483
2033511
5007434
8782442
4137988
8979712
2954445
8257767
2332487
5607391
7600964
6332044
6302982
7215031
5773403
6334064
5105067
1079792
7125216
1206354
1484019
1807806
2151842
8234562
5900718
2513797
7000075
3250761
7976327
6928401
7733944
9242665
2745420
1370481
7302793
2664652
2587399
2763664
4844566
2516278
75513
3800286
6466845
8005829
5426673
667380
4697704
1525742
7352367
6363442
4066314
291572
8138148
6612959
5438316
2925023
3656530
7826298
6910715
5138973
2913789
6182745
8466737
2736284
33246
4722494
8639361
3066321
439244
6603167
2151222
1929862
