98284027 200
56267485
3199868
20432553
56570384
71908010
28973426
70382002
30097766
29067645
7707388
86450622
91120208
91994735
22475114
13896862
96809236
80195638
12908182
59388758
20979140
35626942
54571343
4383909
60052877
88382518
53002522
63555235
49349376
19896523
17690070
92893053
22703672
21571728
50227907
42746351
46562332
48836589
61641913
95188007
31137292
97736186
88702768
34606431
24053276
85163845
26289908
10957859
13765260
64058336
38501367
83637821
95230535
4456784
62334131
13153880
76269293
76163805
6573929
40363641
81403609
73603721
71345989
46535804
60925819
92166967
82256597
68073397
27009020
46699191
22953591
1636709
11470114
26895390
2992698
65247439
11887576
73230409
40502141
23017899
56962638
79611828
3004595
95969832
26354738
68193137
87690749
91557819
11339370
94363419
71548747
88234078
73718611
28921555
33016234
2188736
34764610
15255313
91927711
37377065
60554238
77032424
7491399
71199817
88035989
35023142
58472253
13890617
43561504
30175472
94415648
74305496
22135658
36939447
72688370
58753388
23901551
12100882
19467280
54252857
34005604
92910435
70700655
41202807
66206092
22402580
67073541
6601068
61516086
60905687
69449740
14540079
59617992
28849100
35974261
54512155
51150461
88554229
78002464
64373702
85917696
44985579
40760562
14697157
90181416
66732150
95100359
7088871
65650634
92236644
24590474
41379352
69799103
69619445
53075731
90723896
8139072
23009975
84032900
19194729
83346779
96222212
17515885
28931455
72754960
20565576
4519193
5372005
86548149
35888985
65158888
26259593
84767953
83368606
69554576
15504933
68640839
60459693
25016535
22233855
84764089
58071290
34988431
77104973
2336053
22797203
26960323
85934751
60996520
45821639
94143586
7444342
6285564
71838661
97842825
90505119
64655506
79385173
83051088
34036479
70953635
