91974733 200
77819917
40540865
59529134
24581056
20156592
46887203
29835697
13809386
23022478
13657757
26517453
46637809
21310591
63207519
60247292
39525424
45869370
24833439
51747345
8230502
22166508
81167354
77190265
37632040
22261021
39008600
20339665
185658
6008011
6205629
21529585
55551820
52829237
67615651
74241169
45624560
40751746
60186722
24864573
89630801
10892391
20923068
3734784
42550836
33431146
29600145
63169846
80461244
54331215
1034589
74233545
54368589
61098539
14865950
11757948
84778205
78422322
71591418
66524419
59469094
43108187
26357098
58295959
45940732
61953101
76593702
22777781
8636205
66187147
52751550
65064149
31624283
27448314
1894579
80409746
33195931
38260147
24763721
74104438
90213937
13033990
3425172
80231231
16898565
16048448
71214427
89797121
22370455
60545263
83555776
65395924
18131681
77253437
17749319
24648887
6055444
43839860
73910434
34574647
81666388
53755800
82391252
11683905
55205707
31906887
10264514
59304960
43929840
72203540
45302302
25143791
56479691
22260423
39111460
44858196
51404715
66980896
40470116
34919846
55288315
1621830
57332081
63128785
66437869
40536769
88728459
41972493
66558179
40326523
54525996
15314591
54467772
85065195
74369274
19146359
27708992
79439883
59641964
690623
79808127
60091320
23444392
33617492
46040652
40915754
54140235
51723737
22311558
10382
38603105
57771080
83157484
61536539
14492182
86119335
41593255
31563581
6473691
4499534
56579218
91284386
77681714
78145434
6145784
23757576
35414359
79317147
76977419
36878220
33677823
45380632
91004510
56589611
39064151
2198693
29675777
18990569
55712632
75533472
42342984
49157785
89962462
27043090
45925309
80239127
14589798
79988756
21042537
29788811
6873570
53733087
83776606
5053254
27437448
15272397
29086290
50211003
69079382
26237202
78729405
