983462147 200
517307424
245709865
215242119
719975559
615630267
487335799
351672187
676254196
870958255
349515416
63156087
713008700
567675781
455047503
56510019
395759147
478916146
292092057
771832948
722386378
642429405
389794249
948840838
933908808
449462722
351505130
428422082
492974916
174300170
12358092
288185112
536670269
232079319
377469756
560468246
980992717
356419191
634864849
587592792
891471091
642516848
819921647
383652397
852506357
490105940
565015482
492414999
21414103
175103021
108441882
559508613
422332475
12285436
296174843
526453397
797524747
544470310
529061706
627940267
109911265
510703127
75975126
682895380
145035302
308805911
420542884
429482147
278779472
778548867
202744521
638679300
939888966
264883979
221832349
25322093
666715138
452733484
526743213
198251597
476927369
693891057
975967098
313070375
477334391
847158104
131384129
229284788
598852150
1862449
560036557
866821903
784159633
202421096
738257809
28645297
944402638
208523767
14908145
807443053
892834422
759225501
831185422
92729739
483774490
270530096
786130212
345985706
974652645
391062929
301198788
741649287
623363120
114229974
299474274
674889275
176580023
941600993
555875217
470738267
809055628
647532017
274276037
622878246
407901920
537141000
872056656
315719948
906099245
255443570
685344643
689140136
596806156
881237613
499559092
35015315
971980502
678081647
799148918
899749464
302049777
224036466
910147230
465049405
771328378
244815054
120329017
911015900
381143173
362243312
51436602
423165899
473722531
901511820
706955947
324172309
193985134
441318238
601233850
946352618
613254554
802512914
313750216
497863499
680997175
399227119
150412368
70711767
24609879
910636664
567620043
87753062
937532289
463075312
674924860
374762665
614789608
380505646
930754042
820044918
825268018
6057568
26993077
574825544
115977663
218031404
100611369
200148866
123859889
517574358
309455425
885785816
493903333
975122061
645261192
682110097
525555669
653253584
50292645
278108260
790124365
