941 200
519
680
259
32
592
159
275
874
180
256
451
75
127
332
509
582
187
623
251
874
465
842
386
846
50
184
838
877
667
519
432
375
55
240
590
564
837
58
195
610
648
50
703
162
478
209
258
203
176
722
766
206
570
716
776
140
355
885
171
209
351
932
302
648
83
231
22
893
297
32
675
926
833
595
822
872
350
745
448
589
102
152
271
729
439
523
674
723
555
698
438
742
803
201
726
433
322
648
426
18
560
27
193
701
537
440
761
851
659
235
853
22
564
472
269
849
383
934
898
869
588
315
168
597
330
264
67
125
875
710
418
918
467
939
465
889
912
631
545
69
713
382
297
506
241
279
858
572
101
242
219
939
310
17
546
547
436
113
519
738
700
899
878
357
349
466
36
738
677
376
561
539
764
285
44
187
518
760
613
508
367
249
15
267
36
206
803
453
785
291
473
316
227
689
524
672
230
168
796
866
