98980379 200
91821288
11515839
85924642
61038717
81864254
78225412
72769586
42608201
88662648
25857657
7892851
92438690
8186627
38031463
51285222
70091953
41358532
26100334
62384231
2414834
91341234
1880613
59114825
27509270
19732803
98941389
88890636
28327292
90787219
64233561
67321507
20808864
67649228
72931271
54676225
42373849
55774884
10642098
41639481
35283751
79625399
83218887
75620805
73369023
9728020
68638495
54797475
85339917
68323926
36046168
4813476
1004291
2727621
23228179
96410123
69717759
80977408
16219441
75113211
70903951
15057490
3572438
64075516
55038043
57062332
17234856
78693575
96828243
85121775
70853172
79323748
15942581
38761328
83658620
69336932
72269458
1812060
21124197
37500712
60748002
10970735
90117359
68997806
97204995
39321024
84291258
60804909
74802025
7680300
96055065
91599811
86266933
87940652
14232380
64945432
51273127
17020019
55917177
63448515
12076986
7284354
80166001
22232771
57768079
60983754
13555219
51954446
82178247
63361062
74957532
75392235
14110028
97444729
29265947
64505877
21667087
98548630
87143470
10522793
46476439
57461014
65324170
59185507
30005714
17590016
80540459
90472205
75750168
918297
19188161
1569281
72839027
32014448
28522559
98210737
25260649
42246183
88743556
18307884
84329312
64800060
19184629
65281562
72762320
74474367
46100330
96411755
91665778
51191453
5182056
53489821
1096092
93563277
50099705
83450101
9244215
1004652
18039370
10825090
40280667
8131
13795969
30239834
36104327
37656115
65055267
34069082
32973192
43227293
81260389
74834526
14749232
36733540
47295949
30958255
59970848
72796053
42030391
10012405
58046215
61170159
14507982
51593919
48142841
1026872
38053283
13894196
84772092
36211562
46222085
44033328
80647313
51864770
21857275
62254335
74693151
72172110
96586394
31836458
61323510
