99602611 200
17687166
84678940
6459850
54651652
69510943
58320685
13016717
48088945
98092064
57560991
12371386
56528090
83753008
98746426
64112051
27625252
78318974
87225341
2648529
21728347
50287008
47773445
18498305
61868999
42023806
78261889
3159386
72062178
73000980
55575266
62179649
24923365
3113694
35412649
65734687
9538091
9133717
92709040
85409171
83862434
73081175
66429367
74556303
23890388
46935981
25117016
93585538
23382862
40364726
57129051
94805100
77764554
92507404
95630179
17719813
78864020
68197689
26834019
67574697
34643153
38438685
9830950
87399912
17923583
66637095
11523890
61853983
98635764
38324140
34422320
79789073
97019530
63184162
61480530
76747132
39132952
11253000
10694416
83810
45423269
6737139
10900204
46235618
97080650
68925848
93055708
32933234
60375076
39208505
96181421
8149244
7532672
67286921
20429634
46718486
15437654
87128325
21648977
65882072
16835360
97465889
62926047
55966987
82866948
28439369
203856
94031878
34921944
44208472
5485851
10569475
45214444
36628756
89199724
27579026
69824852
65836325
67071010
97010856
81600738
37891655
38610108
62840441
75035057
8511688
90080806
51104078
2154506
734608
36548867
4300243
4476892
13450083
7460460
82880898
25893874
6223382
74941054
28465648
13887568
48807876
74124797
26071602
79579575
15349104
26933270
25961735
60292641
43242899
10745139
47962453
24543527
1548243
36879662
7010783
73961886
55413585
73642441
92137709
51797064
84110525
81279688
1035176
90052732
80643999
20742584
81005253
66770853
6176578
28746548
18795647
72959779
54036392
58891930
24473434
1373061
14175527
92935964
18387046
60167973
28822455
53673636
2505041
44529837
70399785
9094340
77194586
88366850
86683811
90707711
65369112
91438350
86333506
53560691
19834637
29799664
57168870
38467490
72572197
80271038
