9939971 200
6984504
6324276
8849261
3428595
7246485
2064460
2335588
4326934
6736094
6998057
935810
3853975
2146584
5720463
896138
7550092
1432771
9072534
6612041
9542703
3253184
2618671
1979662
9061673
978476
8806944
6218183
8007132
7064454
1440498
3747096
2801029
6656317
1619915
3506014
3914325
4106990
7792950
3600214
1462928
2402906
741577
8704349
4944
9152892
1561971
4275231
8873113
6528029
4789357
9015264
5400268
2969271
9625286
6576012
1203844
7740306
3298731
4373709
1111727
2814841
6799303
1155707
9456605
1821487
9928114
5646265
3351556
5492861
3859029
5482022
9430225
650872
2060655
6276739
1983402
5139406
8551808
5714196
4016216
1278163
3583918
8201083
2747787
673819
837013
8965148
8272960
5279746
7542877
6133820
5237854
1122562
2622531
6840820
9685068
9596013
746681
5937441
2144961
3301285
9286727
2899668
8952494
6046087
9691642
5717299
5233463
8045439
6399134
5030602
5390271
8388086
7371837
4815865
8599386
8641422
5736262
6297191
5915462
9714181
8323037
9769871
4127892
7251720
7263684
2789054
208380
5947818
2919547
3160246
3311865
323460
829605
6865847
4137858
9419588
1689922
2865614
7267766
8319293
5176717
2323767
2793128
5744030
9189798
7393773
6620474
43618
6469831
3082195
659073
9764481
7457846
7312988
279910
6159016
9307032
4566466
8669887
7351407
2431188
3893769
9729018
6183554
2276737
3719685
9220434
3278608
4360426
5610629
354796
2743463
8920774
4314728
1105031
3671022
7395947
3375504
3991690
9064165
5233467
3501610
6679480
6738608
2580238
8176522
609991
4206816
2002843
4765796
8689286
4920437
3155615
5139000
8513411
4896683
6310766
1977536
8291799
