9102883 200
6430287
2999645
1774899
5777689
3368089
8710324
8431916
2408728
6985169
764921
4694501
4046946
6387235
7210827
4646240
5551253
6956861
4865243
4371753
1025834
281797
8031680
6967332
4222334
2879733
7678062
1323731
3887880
2597008
1283553
5377136
7727355
1187180
2611645
1222036
156567
8403977
1495980
6451214
1059829
264655
1842029
6571379
7398234
2043338
1274436
7766453
2554551
4929423
7812597
5171537
4400619
7406245
557299
2083386
1843676
8053798
5819840
6942295
333313
3210996
1147685
7853750
5321462
7242690
1005041
3723928
6466865
5220019
7091142
8888905
7952844
5586708
5558035
7151198
6038398
4073656
6212460
8179600
4663123
8744340
4444484
7734797
5094230
628032
68585
8959685
4699039
7956257
1154938
5700179
4517700
1867810
4911145
8279809
1383312
2642762
6525438
4219023
4920706
3162289
3156872
6196971
6519129
1424340
6102416
1136466
3838708
2782934
7380237
4257498
3640941
8117983
5072916
6347453
4629584
7083046
5550503
2970071
1395849
3021921
106809
3683551
860015
8174604
2496994
1068411
5019010
5814633
6560227
6226378
2505631
8216798
2344080
5139298
2901219
2829213
5966092
1244469
7599380
22214
401548
8261601
3950336
7803529
2794863
296199
1344642
8304280
4865586
1575588
3421476
7092222
1533499
7692591
4120675
8617925
707586
4778032
6408653
5739635
4541949
3278756
2410659
5614766
9091160
7752238
1685686
568093
6019845
8974999
6046819
798487
4926928
6592254
5502337
7652602
2254392
1043863
4805399
3801193
1755756
7302906
3946795
4012825
6216653
4234897
7308553
8287407
8813306
8074065
3891651
1450144
5658837
5862545
6856494
8049380
3289617
3088750
4409912
