977 200
299
93
785
144
193
258
767
384
785
697
143
915
751
114
77
174
240
218
506
918
652
698
311
635
772
480
962
870
742
137
462
142
336
224
825
345
679
49
593
412
52
218
811
430
744
453
897
697
533
338
456
70
649
466
388
325
82
217
404
141
291
243
817
771
938
678
186
233
74
223
594
809
814
398
640
363
20
413
859
107
418
897
402
213
54
199
703
549
565
833
475
413
878
358
743
622
56
974
422
269
952
775
870
160
261
607
372
767
594
52
130
762
554
584
401
40
885
912
808
88
2
61
375
218
757
782
226
804
379
123
171
429
362
2
712
260
184
240
938
179
853
554
167
28
820
904
305
45
132
66
367
15
225
462
892
63
890
573
386
762
294
598
853
63
751
669
114
13
923
165
274
319
304
870
329
875
215
825
255
476
2
767
935
759
699
511
845
414
252
825
398
972
295
653
161
632
261
954
643
615
