949876007 200
528275116
191706187
33924613
913494552
673938855
541319339
218279299
611427651
746183610
834506275
792496801
789581979
667528596
42310482
730363492
909441997
913281253
156559922
123452617
509956856
823862855
198204066
847725686
534340063
150062094
764411947
431866063
646389176
751273995
314891604
519827881
834957540
363971141
384460148
446900927
859510461
258606752
469748205
880168239
424922452
765619027
384766449
949369347
129351318
72627483
884836322
577151422
34443657
871731207
730554280
797577248
832133796
592224579
914383226
587680083
796294853
914116690
777728657
883947585
890415535
327298767
584824234
724766677
245562731
626706468
222308514
730388727
361588092
80426855
819702010
457928723
133091661
321591191
699574616
31010314
302542071
937551204
210874513
666325371
50829225
554613737
341805434
759840101
487165891
676817281
383215355
563078737
711704838
842935715
834467724
325020341
492952149
635653808
288328782
156029209
384245234
453370584
641209016
260815189
110599850
172851518
574219221
675519394
425253500
192864493
583070669
141559990
427937443
119581437
616735667
339300920
441060359
14535623
842920773
101891987
243359893
552479978
445414701
386427628
845889480
198275167
779227694
618220666
575517796
406017079
149626433
845917531
783703803
464254573
167983533
117723020
629872728
599025292
504565087
823505932
364525868
420042296
919902534
516623228
617305670
87268843
701336983
358097021
588468225
46872056
386011421
577807910
98191421
341376116
889691229
738384178
473837484
570238264
412959422
187189085
47823698
67669188
559739170
451780537
824471978
251571154
258272438
388024953
474279655
446116238
927934338
916510410
386171337
435350931
523696973
472486357
1927314
928455825
876094088
769087823
613942183
615669629
647104985
239860609
899630773
20051561
550526411
906580744
690934586
736386675
678522685
661751289
593002419
687909153
289760227
548064297
455711293
138620614
150546318
404518529
113168933
439877064
213590705
583052406
556123103
