989746699 200
576915907
38084570
855501537
443577346
661598465
828186270
720849736
448181988
428823221
865957368
600106793
78524066
384526151
652268106
184631073
296712323
503987478
188591180
39909116
166566042
644438615
562860949
874842162
717520559
171189830
783488326
3194315
871943402
644559932
225524199
1270021
812929717
378177825
269902438
453715914
186321255
864798505
405564856
10534144
123554053
765318131
566885114
375256940
567076031
52524962
224576091
155025696
320139570
811615212
260923307
172615345
191618765
188372353
716447356
584359551
536891200
974604044
884618971
8965770
603803875
785018770
194206257
346462992
369358277
119090913
904455661
81360770
751850435
524748342
263873731
235847980
523519497
714252357
389343935
164667392
670629082
334459872
356333483
911973694
852263749
128682692
849581795
648173193
272568478
719666706
80625842
664214619
773763127
245097140
425163632
52354757
491550109
149083274
494274936
139325459
185609506
217934849
755106594
227823905
896768849
46168035
315770856
594452169
723315539
253987774
239006534
632993648
397973082
389017169
477280192
821003241
67551981
633240000
715577895
334921696
853588456
728227985
619251330
885923715
666487115
600513055
14240266
556688016
351195213
893598410
567012663
212609497
683248977
73884719
749149249
417656154
609392932
10094399
584391691
572185380
240478672
382017114
782800550
859239964
859088470
402973742
644364327
83169386
128524611
397037846
430536437
777352
657595326
559510220
41400670
195461160
159782954
643939248
894805033
825060585
553253821
978164256
289269156
298437379
804522564
373387793
645637848
500924915
29670205
220605756
40920332
669743245
161798031
524910772
100012110
344206208
330298873
80494917
496770200
715939074
246727002
235899276
1213581
913310082
565800037
902395634
36658279
67592571
499327650
970339411
903990731
245031391
561127998
645298601
548551995
187245610
162625014
772846580
980567546
297400539
700341872
318807840
76823100
864917226
510160381
