936253613 200
97803258
172889368
178752386
17807937
173573052
83430939
758124944
878127863
249803969
194856328
596108391
223446532
642195660
437001049
690692697
450672795
785988497
458632968
533731038
343762846
899912252
122535257
144513786
595570223
569201539
169334908
375605133
20301570
354221814
47635228
193995583
324847457
158893374
52207393
353733343
851888978
380685356
14499049
818978681
576875200
487314239
470496059
680512757
614643652
823945570
582975039
865527842
43963771
686242720
847268636
220931541
155103416
433065786
93609476
506372030
382435477
930763600
762990024
895008651
774019017
797815166
447692625
575143529
899649547
198781395
214256376
737826418
290885845
615256235
57171715
275387537
889179540
891007998
517879980
125907519
43057118
761705109
379847352
858981781
929528411
426802908
194932993
255218489
463493074
546910429
927101291
170884864
183753999
283600748
346561217
290909565
757948056
730749594
598330080
470353322
173672357
780578611
930488914
621605203
691472585
352126344
931029615
898786208
105624036
833534339
518871431
479904454
661820110
413679879
652410289
23819090
173413739
274729213
60361791
702811506
675006321
176515536
561360263
481059982
516953980
66694005
262180659
207290182
304362323
158644502
877727804
412001267
664236684
57275058
137196
680780946
390842160
904969941
151783416
578599813
330525666
162374660
45928794
168633546
49423845
606029389
837532250
75263100
155973382
433001705
409371481
286674110
261792317
806754288
103491980
618618322
438423660
16151772
450574859
32790255
486420435
555165664
309598307
628207389
207673497
765085070
805951647
838296444
851967074
47953178
657906180
676051380
102452383
537238557
178802871
834001409
602955758
744082905
788617080
377728305
70261758
515616794
449529247
198407140
297266446
2026588
351306171
368632537
600928051
760191974
735847241
451311556
510500414
656918681
688664578
439321623
454426988
745510065
198564375
788534057
582798443
560625322
916505310
122489582
834397772
