911 200
472
85
323
731
77
503
886
656
628
21
331
177
771
649
152
369
155
5
885
731
289
440
73
876
15
535
578
725
603
2
243
126
73
147
674
186
703
153
21
891
57
447
178
8
271
669
280
269
3
754
224
92
209
796
775
489
82
381
781
595
789
775
337
466
583
303
346
413
747
117
574
396
459
743
111
454
99
307
509
823
67
357
571
900
396
651
266
352
813
843
500
171
251
133
737
3
125
684
359
330
357
904
210
226
446
732
194
89
52
718
62
448
909
415
902
222
623
452
39
754
789
120
703
804
839
98
209
175
280
348
376
863
76
451
45
560
279
628
575
394
72
732
861
376
366
796
504
491
30
90
172
472
615
353
738
61
413
466
825
230
642
45
802
390
510
303
761
184
668
451
311
448
819
869
277
131
862
447
819
326
248
903
84
616
471
389
71
668
587
159
483
646
876
542
887
588
597
755
832
128
