9642203 200
2821267
3603273
4108936
4843120
2346318
2255851
2092028
1104779
6021919
3219036
7076469
4906153
30977
6870472
7477299
4810379
882845
7358718
2058607
6750862
8462559
7299443
7600366
3919632
879465
7771275
1019060
1655099
1304578
3363624
4314856
982381
1553350
7546408
4616856
8452689
9244582
8238055
1684299
9428645
3705975
2099686
2246008
9061595
2075040
2495593
4453626
7506874
4361794
1572052
8351676
8031565
7468015
256203
6375503
1853448
6593796
7287587
9390819
487957
2208165
1640023
7042902
997948
5841633
5620415
8272034
4511865
1669923
7775811
1534246
6826375
2994207
3946063
529501
3767938
4265190
3657760
7457734
2942737
2797963
4412278
6382223
4086421
7399374
316791
1278364
8750233
8591823
2466306
8375691
9240046
8657753
4921547
5063687
2325376
6903215
1895348
7716446
9368847
3365617
1552234
7669139
6491851
1304583
8490678
7850934
7533861
8653854
6609636
3603777
9581897
9251438
8820975
4449539
7488836
4451808
2477482
3746278
3352319
1296046
8589409
5475558
2378919
1253244
1406954
4247040
8615343
8145315
1285312
5273855
5615218
8992430
3295603
7695736
2285577
4896827
8182561
1468577
4007173
5996108
9100775
5538084
128045
5066851
928434
6808417
6123706
4399674
3970838
6319596
7838684
2113727
5791966
6675466
7694365
4332260
3574784
2352562
5947019
2122803
8100946
6181874
8350851
1902176
7185144
2395299
1736123
588593
4834105
932219
7668442
6471373
3340925
9345897
9132151
4698930
664864
3139894
4058812
7399923
1499695
6815175
19329
8574902
2008702
3482153
2941402
2649403
2890489
5305392
5590576
6209151
2282659
3387339
765668
9625469
7898041
8833445
2256161
